17 0.0 0.548437 0.04791700000000001 0.679688
17 0.0 0.6375 0.064583 0.74375
17 0.05208300000000001 0.651563 0.085417 0.7125
17 0.10000000000000002 0.9015629999999999 0.375 0.9984379999999999
17 0.13333299999999998 0.8484370000000001 0.414583 0.9375
17 0.13958299999999998 0.9421870000000001 0.3 0.9984379999999999
17 0.15 0.057812999999999996 0.94375 0.421875
17 0.17499999999999996 0.55625 0.45 0.689062
17 0.345833 0.95625 0.614583 0.9984379999999999
17 0.39583299999999993 0.410937 0.558333 0.5125
17 0.40625 0.575 0.47291700000000003 0.623438
17 0.460417 0.570312 0.5375 0.626562
17 0.5375 0.379687 0.775 0.545313
17 0.547917 0.37656300000000004 0.6125 0.446875
17 0.625 0.414062 0.997917 0.8234379999999999
17 0.7145829999999999 0.8734379999999999 0.841667 0.9984379999999999
17 0.804167 0.921875 0.864583 0.9984379999999999
17 0.8083329999999999 0.8734379999999999 0.935417 0.9984379999999999
