17 0.0 0.7559060000000001 0.132439 0.9986879999999999
17 0.0 0.44488199999999994 0.139983 0.669291
17 0.0 0.127297 0.145851 0.335958
17 0.172674 0.695538 0.347024 0.88189
17 0.17937999999999998 0.440945 0.356245 0.628609
17 0.18943800000000002 0.153543 0.356245 0.35958
17 0.222967 0.0 0.358759 0.086614
17 0.274937 0.93832 0.341995 0.9986879999999999
17 0.36798000000000003 0.8556430000000002 0.48281599999999997 0.9986879999999999
17 0.37300900000000003 0.6574800000000001 0.48616899999999996 0.7978999999999999
17 0.378039 0.44488199999999994 0.492875 0.5879270000000001
17 0.38474400000000003 0.209974 0.497066 0.370079
17 0.392288 0.0 0.503772 0.15879300000000002
17 0.49958100000000005 0.0 0.9991620000000001 0.9986879999999999
