17 0.09875 0.465556 0.27875 0.6844439999999999
17 0.248125 0.823333 0.27875 0.9200000000000002
17 0.269375 0.901111 0.3125 0.9911110000000001
17 0.27875 0.7744439999999999 0.3225 0.87
17 0.301875 0.904444 0.344375 0.983333
17 0.311875 0.778889 0.34625 0.875556
17 0.33375 0.896667 0.37625 0.983333
17 0.34625 0.78 0.379375 0.8877780000000001
17 0.35625 0.9033329999999999 0.394375 0.9988889999999999
17 0.383125 0.803333 0.425625 0.8955559999999999
17 0.385625 0.73 0.42875 0.803333
17 0.395625 0.9166669999999999 0.425625 0.978889
17 0.4175 0.814444 0.4525 0.9088889999999998
