5 0.192 0.386667 0.271 0.421333
5 0.302 0.469333 0.369 0.503333
5 0.366 0.284 0.43 0.31666700000000003
5 0.39999999999999997 0.708667 0.466 0.734
5 0.443 0.69 0.51 0.724
5 0.446 0.125333 0.515 0.164667
5 0.472 0.173333 0.533 0.205333
5 0.523 0.383333 0.579 0.422667
5 0.538 0.364667 0.6 0.388667
5 0.605 0.623333 0.744 0.684667
5 0.608 0.351333 0.672 0.392
5 0.613 0.315333 0.672 0.349333
5 0.622 0.458 0.675 0.502667
5 0.623 0.717333 0.677 0.76
5 0.692 0.359333 0.762 0.386667
5 0.697 0.267333 0.782 0.298
5 0.71 0.734 0.7559999999999999 0.76
5 0.71 0.438 0.7849999999999999 0.472667
5 0.741 0.217333 0.795 0.246667
5 0.746 0.173333 0.798 0.198667
5 0.803 0.383333 0.844 0.426
5 0.821 0.356 0.8690000000000001 0.392
5 0.828 0.58 0.872 0.606
5 0.8410000000000001 0.412667 0.8980000000000001 0.443333
5 0.846 0.6006670000000001 0.8980000000000001 0.648667
5 0.862 0.784 0.9099999999999999 0.808
5 0.8980000000000001 0.406 0.941 0.434667
5 0.905 0.516667 0.9489999999999998 0.551333
5 0.931 0.540667 0.975 0.572
5 0.944 0.342667 0.999 0.388667
5 0.9800000000000001 0.537333 0.999 0.588667
