5 0.010937 0.365625 0.067188 0.39218800000000004
5 0.010937 0.884375 0.20625 0.9953129999999999
5 0.0125 0.18125 0.05 0.229687
5 0.05625 0.703125 0.151562 0.779688
5 0.067188 0.354688 0.13281199999999999 0.396875
5 0.09375 0.223438 0.142188 0.265625
5 0.103125 0.614062 0.292188 0.723437
5 0.121875 0.273438 0.165625 0.321875
5 0.159375 0.3625 0.55 0.553125
5 0.223438 0.084375 0.40781300000000004 0.189063
5 0.25625 0.7125 0.33125 0.817187
5 0.26718800000000004 0.9625 0.339063 0.9984379999999999
5 0.35781199999999996 0.689062 0.509375 0.867188
5 0.42343800000000004 0.067188 0.48281199999999996 0.115625
5 0.43906300000000004 0.651563 0.496875 0.7125
5 0.4625 0.684375 0.528125 0.757812
5 0.476562 0.584375 0.554688 0.676562
5 0.546875 0.589063 0.629687 0.673437
5 0.573438 0.509375 0.65625 0.582812
5 0.578125 0.76875 0.623438 0.84375
5 0.623438 0.23125 0.679688 0.278125
5 0.657812 0.029687 0.728125 0.101562
5 0.714063 0.139062 0.782812 0.198437
5 0.770312 0.68125 0.84375 0.74375
5 0.773438 0.123438 0.84375 0.171875
5 0.8 0.19531199999999999 0.85625 0.25156300000000004
5 0.84375 0.790625 0.9078120000000001 0.835938
5 0.859375 0.221875 0.93125 0.273438
5 0.89375 0.867188 0.9546870000000001 0.9125
5 0.909375 0.165625 0.9578120000000001 0.225
5 0.9125 0.710938 0.9796879999999999 0.792188
5 0.915625 0.579687 0.9796879999999999 0.6625
