5 0.06 0.186025 0.48625 0.830973
5 0.0625 0.192635 0.485 0.8328610000000002
5 0.42 0.701605 0.5275 0.8659110000000001
5 0.485 0.701605 0.5325 0.7809249999999999
5 0.490625 0.10859300000000001 0.888125 0.7856470000000001
5 0.5675 0.7346550000000001 0.601875 0.8120869999999999
5 0.56875 0.74221 0.604375 0.8120869999999999
5 0.599375 0.8054770000000001 0.646875 0.852691
5 0.605625 0.7979229999999998 0.655625 0.8545799999999999
5 0.898125 0.5986779999999999 0.935 0.6723319999999999
5 0.899375 0.316336 0.955625 0.41831899999999994
5 0.901875 0.591124 0.94 0.668555
5 0.906875 0.31255900000000003 0.950625 0.397545
5 0.913125 0.370161 0.975 0.457035
5 0.919375 0.366383 0.971875 0.453258
