5 0.0 0.091875 0.111632 0.325625
5 0.011257 0.055625 0.375235 0.17375
5 0.075985 0.088125 0.419325 0.38875
5 0.38367699999999993 0.495 0.734522 0.689375
5 0.47561000000000003 0.183125 0.8658540000000002 0.4225
5 0.567542 0.865625 0.64728 0.906875
5 0.64728 0.86875 0.712008 0.926875
5 0.663227 0.795625 0.734522 0.846875
5 0.678236 0.735625 0.734522 0.776875
5 0.734522 0.835 0.8189489999999998 0.88625
5 0.7729829999999999 0.725625 0.832083 0.776875
5 0.8086300000000001 0.846875 0.8836770000000002 0.889375
5 0.860225 0.58875 0.913696 0.64
5 0.8630389999999999 0.701875 0.9240149999999999 0.74625
5 0.8911819999999999 0.903125 0.9681049999999999 0.9475
