5 0.142031 0.824375 0.178365 0.85
5 0.180017 0.108125 0.535095 0.381875
5 0.223782 0.7425 0.250206 0.768125
5 0.320396 0.765 0.350124 0.781875
5 0.41123000000000004 0.835 0.45334399999999997 0.855625
5 0.421965 0.7275 0.460776 0.749375
5 0.464905 0.5925 0.812552 0.71375
5 0.526012 0.843125 0.57308 0.860625
5 0.559868 0.838125 0.597853 0.861875
5 0.584641 0.911875 0.61602 0.935625
5 0.584641 0.804375 0.627581 0.823125
5 0.587118 0.819375 0.620974 0.835
5 0.597853 0.865625 0.627581 0.889375
5 0.699422 0.8175 0.7291489999999999 0.843125
