13 0.0 0.525968 0.030625 0.5648522359882007
13 0.0 0.7828140000000001 0.05375 0.833595407079646
13 0.0 0.9546745 0.06 0.9976479255162242
13 0.0 0.6033995000000001 0.07125 0.6402810302359883
13 0.021562500000000002 0.6798865000000001 0.04060394287109375 0.7157112175516225
13 0.041874999999999996 0.4296505 0.07245910644531249 0.4611222971976402
13 0.0478125 0.30169999999999997 0.08057830810546875 0.32722301474926246
13 0.0653125 0.6794145000000001 0.10368621826171874 0.7336529137168143
13 0.0684375 0.8734655000000001 0.10368316650390624 0.9184477028023601
13 0.0721875 0.5472144999999999 0.10617950439453125 0.6016478989675516
13 0.06562499999999999 0.4896130000000001 0.0868109130859375 0.5148588569321535
13 0.091875 0.7766760000000001 0.1261602783203125 0.8336044601769913
13 0.0953125 0.9452315000000001 0.13303192138671874 0.9844418532448379
13 0.0875 0.265817 0.10741455078124999 0.2942259395280236
13 0.116875 0.595845 0.14926086425781251 0.6346261725663717
13 0.11249999999999999 0.3210575 0.13426513671874998 0.3526894638643068
13 0.12562500000000001 0.5118035 0.1530023193359375 0.5497641275811209
13 0.13375 0.864967 0.16361938476562501 0.9127942374631269
13 0.140625 0.6798865000000001 0.1748626708984375 0.7232652175516224
13 0.1390625 0.2743155 0.15173919677734377 0.2942134048672566
13 0.155 0.5727099999999999 0.1804736328125 0.6072762949852508
13 0.169375 0.9338999999999998 0.2017095947265625 0.9731265663716814
13 0.16312500000000002 0.4419265 0.1842156982421875 0.4781021910029498
13 0.171875 0.7440985000000001 0.1992071533203125 0.7873825095870208
13 0.164375 0.3257795 0.1829644775390625 0.35646049926253687
13 0.1875 0.5014164999999999 0.21731689453125 0.538448447640118
13 0.1990625 0.8446649999999998 0.23293060302734375 0.8901611814159291
13 0.19687500000000002 0.6628895 0.2260577392578125 0.7044042868731563
13 0.1834375 0.283286 0.19544586181640625 0.30647517404129787
13 0.2121875 0.331917 0.22979278564453126 0.3507854469026549
13 0.225625 0.9192635000000001 0.2554046630859375 0.9731481541297934
13 0.23031249999999998 0.726629 0.2610250854492187 0.7704112758112094
13 0.2275 0.457507 0.25165283203125 0.4799672109144542
13 0.218125 0.2932015 0.22978698730468752 0.30457254941002954
13 0.234375 0.5901789999999999 0.2572711181640625 0.6251915294985251
13 0.244375 0.5089705 0.2672613525390625 0.5497683060471976
13 0.2540625 0.6477809999999999 0.2828768920898438 0.6864855707964601
13 0.2653125 0.8371105 0.30161590576171876 0.8901723237463126
13 0.2603125 0.33002850000000006 0.27849578857421875 0.347011232300885
13 0.2578125 0.288008 0.27099822998046874 0.29419320943952804
13 0.27249999999999996 0.45184149999999995 0.29160888671875 0.4799755671091445
13 0.29312499999999997 0.7157695 0.3184637451171875 0.7524852927728614
13 0.2871875 0.582153 0.3053445434570312 0.6072623672566372
13 0.2884375 0.49150150000000004 0.30534332275390624 0.5384630715339233
13 0.296875 0.8928229999999998 0.3209600830078125 0.9439141519174039
13 0.30656249999999996 0.339471 0.32845062255859375 0.3677713053097345
13 0.310625 0.6402264999999999 0.33407165527343746 0.6713877131268436
13 0.32437499999999997 0.8168084999999999 0.3565582275390625 0.8609292676991152
13 0.315625 0.4471195 0.33656677246093747 0.4610965317109145
13 0.3346875 0.38196399999999997 0.3634231567382813 0.4102016312684366
13 0.34375 0.5868745 0.364664306640625 0.6110324033923303
13 0.34687500000000004 0.5240795 0.3709112548828125 0.5667440213864307
13 0.35125 0.720491 0.379656982421875 0.7581443289085545
13 0.354375 0.8814919999999999 0.3834039306640625 0.9146578643067846
13 0.35906249999999995 0.339471 0.38339935302734374 0.3677713053097345
13 0.364375 0.6463645 0.38651916503906253 0.6770446600294985
13 0.365625 0.444759 0.3865179443359375 0.4743200132743363
13 0.37875000000000003 0.7979225000000001 0.405255126953125 0.8430161231563422
13 0.3796875 0.3866855 0.39525421142578127 0.41397166740412983
13 0.3878125 0.5812084999999999 0.40274627685546877 0.6110407603244837
13 0.399375 0.7101034999999999 0.42210998535156247 0.7468276497050147
13 0.4075 0.4390934999999999 0.43210205078124997 0.4743283694690265
13 0.4128125 0.650142 0.44084686279296875 0.6987580884955753
13 0.41031249999999997 0.33380550000000003 0.43209930419921877 0.3564486615044248
13 0.426875 0.528801 0.4439581298828125 0.5610710575221239
13 0.4303125 0.39565599999999995 0.44895477294921876 0.43756543657817104
13 0.4371875 0.6916905 0.4514480590820313 0.7062508075221239
13 0.4475 0.5901789999999999 0.46831298828125 0.6251915294985251
13 0.4578125 0.42351300000000003 0.47830291748046877 0.4488563495575221
13 0.47125 0.635505 0.493914794921875 0.6638406769911503
13 0.470625 0.5415485 0.4914154052734375 0.5723832558997051
13 0.4934375 0.5939565 0.5063931274414062 0.6308519579646018
13 0.7696875000000001 0.46695000000000003 0.7904983520507812 0.4893962831858408
13 0.7721875 0.5203025 0.7867459106445313 0.5478635921828909
13 0.786875 0.553352 0.8061065673828125 0.5789758466076695
13 0.8025 0.5113315 0.82046630859375 0.5318238237463127
13 0.8171875 0.469311 0.8354519653320313 0.49789180088495577
13 0.8171875 0.5939565 0.8354519653320313 0.6138549579646018
13 0.8234375 0.5618504999999999 0.8391958618164063 0.5959603119469027
13 0.8525 0.5613784999999999 0.87416748046875 0.5789640081120944
13 0.8446875 0.5302169999999999 0.8548001098632813 0.5497369690265487
13 0.85375 0.5991504999999999 0.870416259765625 0.6195132971976401
13 0.8534375 0.49433449999999995 0.8660415649414062 0.5242948930678466
