14 0.388125 0.623702 0.05125000000000002 0.04627
14 0.3940625 0.562323 0.030625000000000013 0.038716000000000125
14 0.5371875 0.279037 0.236875 0.33711
14 0.44625000000000004 0.8064209999999999 0.03750000000000003 0.07932000000000014
14 0.45406250000000004 0.9499524999999999 0.03437499999999999 0.09442900000000022
14 0.4825 0.559018 0.05625000000000002 0.049102
14 0.4703125 0.759679 0.029374999999999984 0.05382400000000004
14 0.6590625 0.4735599999999999 0.3118749999999999 0.40698800000000007
14 0.5396875 0.808782 0.034375000000000044 0.04815800000000031
14 0.5584375 0.7634559999999999 0.03562500000000002 0.05382400000000004
14 0.625 0.704438 0.13624999999999998 0.09065199999999994
14 0.575625 0.8607174999999998 0.029999999999999916 0.04060500000000009
14 0.5809375 0.7974505 0.024375000000000036 0.05193499999999991
14 0.5859375 0.759679 0.01937499999999992 0.031162000000000172
14 0.7637499999999999 0.7082149999999999 0.04500000000000004 0.06043399999999997
14 0.805625 0.7247399999999999 0.036250000000000004 0.03871599999999996
14 0.9546875 0.9896130000000001 0.024375000000000036 0.01888599999999984
14 0.9784375000000001 0.9711995 0.038125000000000075 0.055713000000000006
