10 0.0 0.3328665 0.0325 0.3608590635036496
10 0.0315625 0.28711499999999995 0.04621917724609375 0.3151738540145985
10 0.063125 0.0 0.08556335449218751 0.045752
10 0.0565625 0.44211 0.06931976318359376 0.46434058394160577
10 0.2809375 0.637255 0.28597564697265626 0.651730700729927
10 0.30093749999999997 0.6830065 0.31283111572265626 0.7086199102189782
10 0.3078125 0.5569565 0.32282440185546873 0.5864889248175182
10 0.3365625 0.127918 0.3496713256835937 0.15854325839416059
10 0.34375 0.5144725000000001 0.359039306640625 0.5445339452554745
10 0.5075000000000001 0.43884199999999995 0.57137939453125 0.5623843547445255
10 0.5218750000000001 0.243231 0.5301153564453125 0.26201691824817513
10 0.6146875 0.328665 0.6225247192382813 0.34966019708029195
10 0.7171875 0.04154999999999999 0.7236746215820312 0.05409434306569342
10 0.7306250000000001 0.41129800000000005 0.7374114990234375 0.42236856496350367
10 0.7421875 0.3930905 0.7480252075195313 0.4027871452554745
10 0.7465625 0.3225955 0.7567709350585937 0.34219905766423353
10 0.8021875 0.5079364999999999 0.8167166137695313 0.5370734868613137
10 0.8484375 0.4915965 0.8629214477539062 0.5212243408759124
10 0.9240625 0.3608775 0.9347225952148438 0.3804251715328468
10 0.9290625 0.0999065 0.9409677124023438 0.11470015109489051
