2 0.011458000000000001 0.742188 0.10312499999999998 0.8265629999999999
2 0.060417 0.654688 0.11979200000000001 0.689062
2 0.091667 0.723437 0.110417 0.739062
2 0.10625 0.742188 0.121875 0.752344
2 0.11979200000000001 0.771875 0.140625 0.786719
2 0.13125 0.7304689999999999 0.154167 0.749219
2 0.18854200000000002 0.723437 0.213542 0.735156
2 0.20208299999999998 0.728906 0.222917 0.749219
2 0.22083299999999997 0.639063 0.252083 0.657812
2 0.225 0.740625 0.25 0.75625
2 0.255208 0.771875 0.266667 0.782031
2 0.266667 0.620313 0.29375 0.6375
2 0.26875 0.767969 0.286458 0.783594
2 0.26875 0.601562 0.29375 0.614844
2 0.328125 0.8210940000000001 0.341667 0.8351559999999999
2 0.335417 0.6445310000000001 0.351042 0.657812
2 0.34895799999999993 0.809375 0.3625 0.8195309999999999
2 0.360417 0.8210940000000001 0.378125 0.8351559999999999
2 0.371875 0.649219 0.389583 0.6601560000000001
2 0.373958 0.782031 0.389583 0.79375
2 0.376042 0.723437 0.389583 0.735156
2 0.3812499999999999 0.570312 0.39479200000000003 0.582812
2 0.3812499999999999 0.776563 0.3968749999999999 0.7851560000000001
2 0.39479200000000003 0.711719 0.43333299999999997 0.754687
2 0.40104200000000007 0.584375 0.421875 0.610156
2 0.40104200000000007 0.630469 0.4312500000000001 0.647656
2 0.408333 0.799219 0.419792 0.807813
2 0.47916700000000007 0.610156 0.507292 0.630469
2 0.486458 0.760938 0.5 0.775
2 0.525 0.505469 0.553125 0.522656
2 0.527083 0.649219 0.557292 0.663281
2 0.547917 0.664844 0.570833 0.685938
2 0.557292 0.465625 0.578125 0.48593800000000004
2 0.572917 0.634375 0.601042 0.653125
2 0.591667 0.661719 0.610417 0.677344
