0 0.4296875 0.741363 0.8043750000000001 0.515406
0 0.318125 0.23856200000000002 0.015000000000000013 0.017740000000000016
0 0.3359375 0.25490199999999996 0.015625 0.014939999999999967
0 0.349375 0.23109250000000003 0.013749999999999984 0.021474999999999998
0 0.60625 0.280112 0.11499999999999999 0.05788999999999996
0 0.735625 0.2511675 0.007499999999999951 0.009337000000000012
0 0.7481249999999999 0.287582 0.007499999999999951 0.013071999999999993
0 0.7725 0.9822595000000001 0.03249999999999997 0.03361299999999998
0 0.77 0.2595705 0.010000000000000009 0.007468999999999998
0 0.7809375000000001 0.3613445 0.014374999999999916 0.011204999999999986
0 0.7821875 0.27731100000000003 0.009375000000000022 0.007469999999999963
0 0.8109375000000001 0.2894495 0.010624999999999996 0.009337000000000012
0 0.8115625 0.3814195 0.011874999999999969 0.01027100000000002
0 0.815 0.2969185 0.007499999999999951 0.009337000000000012
0 0.825625 0.2941175 0.008749999999999925 0.007469000000000039
0 0.8840625 0.318861 0.08687500000000004 0.03828200000000002
0 0.8828125 0.36414599999999997 0.010625000000000107 0.013072000000000035
0 0.90125 0.43790850000000003 0.008750000000000036 0.011204999999999944
0 0.926875 0.44817949999999995 0.013749999999999929 0.009337000000000012
