17 0.28531249999999997 0.37483350000000004 0.030624999999999958 0.09454099999999994
17 0.2975 0.7430095000000001 0.05499999999999999 0.10119899999999998
17 0.31625000000000003 0.651798 0.05375000000000002 0.12649800000000008
17 0.34687500000000004 0.30359549999999996 0.03875000000000001 0.074567
17 0.3628125 0.130493 0.070625 0.18109199999999998
17 0.505 0.5892139999999999 0.04249999999999998 0.0785620000000001
17 0.5237499999999999 0.408788 0.03874999999999995 0.11451399999999999
17 0.573125 0.11517999999999999 0.03249999999999997 0.083888
17 0.598125 0.249001 0.05625000000000002 0.08522000000000003
17 0.6325000000000001 0.623169 0.04625000000000001 0.09054600000000007
17 0.7628125 0.5346205 0.06062499999999993 0.08122499999999998
