0 0.0 0.27937500000000004 0.062371 0.3297271728515625
0 0.0 0.1759375 0.069911 0.22857818603515626
0 0.0 0.0828125 0.12063099999999999 0.14679412841796877
0 0.0 0.8915625 0.12063099999999999 0.9985043334960938
0 0.0 0.0 0.14256300000000002 0.071875
0 0.0 0.6375 0.182317 0.74687744140625
0 0.132625 0.47968749999999993 0.23632100321199145 0.5645315551757812
0 0.20356400000000002 0.336875 0.284909051391863 0.41967102050781246
0 0.1977385 0.2134375 0.2677802885438972 0.2747915649414063
0 0.21213150000000003 0.0784375 0.2739328784796574 0.13304840087890624
0 0.2176145 0.1453125 0.27735400802997856 0.21173309326171877
0 0.24194649999999998 0.0 0.2958339566381156 0.07
0 0.343386 0.6765625 0.44240134903640255 0.7612142944335937
0 0.328307 0.5209374999999999 0.4067764935760172 0.6007412719726563
0 0.37183 0.3671875 0.45059589507494646 0.4202664184570313
0 0.3769705 0.2621875 0.4499043913276231 0.3378689575195313
0 0.42392050000000003 0.9081250000000001 0.5396421236616703 0.9984881591796875
0 0.38451 0.098125 0.4478403190578159 0.1636541748046875
0 0.39204949999999994 0.1834375 0.45742824678800853 0.24732086181640625
0 0.4108975 0.0 0.44986806691648823 0.0925
0 0.5092530000000001 0.0 0.55462976124197 0.053125
0 0.5277584999999999 0.11875000000000001 0.580654948072805 0.167384033203125
0 0.547293 0.201875 0.6142190331905782 0.25980285644531254
0 0.560658 0.2965625 0.6313397237687366 0.37221038818359375
0 0.5466074999999999 0.055625 0.595713767130621 0.10432067871093749
0 0.5832765 0.5253125 0.6669565069593149 0.6057369995117187
0 0.58122 0.3896875 0.6573627087794432 0.4646194458007813
0 0.6429064999999999 0.6690625 0.7320056632762313 0.7718466186523437
0 0.6209729999999999 0.0 0.6559491466809421 0.056875
0 0.6480465000000001 0.64 0.6895051600642398 0.08875
0 0.6751195 0.095 0.7230601739828693 0.1392822265625
0 0.6939685 0.1484375 0.7456589930406852 0.20735504150390624
0 0.7193284999999999 0.22875 0.7833288410064241 0.294151611328125
0 0.7700480000000001 0.3121875 0.8319375374732335 0.37782012939453125
0 0.7419465 0.0 0.768225624732334 0.05875
0 0.8156269999999999 0.8828125 0.9065977376873662 0.9666378784179688
0 0.7830705000000001 0.0615625 0.8319235947537474 0.11368988037109376
0 0.8067165 0.424375 0.8750782778372591 0.4895855712890625
0 0.8026045 0.53375 0.8654876804068522 0.607603759765625
0 0.8063740000000001 0.11906250000000002 0.8558876445396146 0.17113372802734375
0 0.8656615000000001 0.174375 0.9181961675588864 0.2342047119140625
0 0.8906784999999999 0.2640625 0.9517533827623125 0.33474212646484375
0 0.9043865 0.66 0.9791547061027838 0.74310546875
0 0.879712 0.0 0.9236641241970021 0.074375
0 0.9215215 0.069375 0.9681703602783726 0.11305725097656251
0 0.9376285 0.36312500000000003 0.9983111150963597 0.43277038574218746
0 0.9410554999999999 0.4875 0.9983074459314775 0.55889892578125
0 0.9448255 0.87375 0.9983034095289078 0.961646728515625
0 0.955449 0.1265625 0.9982920353319057 0.17925140380859375
0 0.964702 0.1803125 0.9982821284796574 0.22857391357421875
0 0.9821799999999999 0.6225 0.9982634154175588 0.6850170898437501
0 0.9835505 0.260625 0.9982619480728051 0.3072454833984375
