0 0.8612500000000001 0.857143 0.961033935546875 0.987544696350365
0 0.0 0.859477 0.109375 0.9978112890510951
0 0.11875 0.44257700000000005 0.229259033203125 0.625870902189781
0 0.09125 0.0 0.171785888671875 0.21661999999999998
0 0.171875 0.859477 0.2242071533203125 0.9978112890510951
0 0.276875 0.1190475 0.40722961425781246 0.2257832080291971
0 0.2790625 0.5429505 0.37160247802734375 0.6864153715328467
0 0.3265625 0.7595705 0.46530609130859374 0.9624761379562045
0 0.271875 0.3039215 0.34723449707031245 0.44773531897810215
0 0.3128125 0.9859945 0.40344451904296874 0.9976265919708031
0 0.4475 0.2731095 0.5908129882812501 0.47859330000000005
0 0.5237499999999999 0.614846 0.667613525390625 0.8114274145985401
0 0.5396875 0.9276374999999999 0.6800979614257813 0.997711784671533
0 0.73125 0.290383 0.864285888671875 0.4748330832116788
0 0.6884375 0.8604105 0.7737026977539063 0.9978099262773724
0 0.7721875 0.59197 0.8911209106445312 0.8226648102189783
0 0.9178125 0.40429499999999996 0.9822286987304688 0.5643027883211679
0 0.9528125000000001 0.573763 0.9984445190429687 0.7806753897810219
