10 0.309205 0.47343749999999996 0.15313800000000002 0.11812499999999998
10 0.387866 0.576875 0.14644400000000005 0.11624999999999996
10 0.40627599999999997 0.369375 0.15146399999999996 0.13124999999999998
10 0.508368 0.6834375 0.18995800000000004 0.12812500000000004
10 0.5192465 0.46 0.15815900000000005 0.11750000000000005
10 0.5640170000000001 0.5809375 0.15062800000000004 0.12812500000000004
10 0.5652719999999999 0.318125 0.14476999999999993 0.12124999999999997
10 0.6523015 0.4009375 0.13974899999999998 0.11312500000000003
10 0.7234309999999999 0.5159375 0.1933060000000001 0.13062500000000005
10 0.7585775 0.6581250000000001 0.16987500000000003 0.14875000000000005
