9 0.311297 0.475 0.3954090758169934 0.5351611328125
9 0.38995799999999997 0.576875 0.47313025098039213 0.6394366455078125
9 0.4079495 0.3684375 0.4873327326797386 0.43089019775390625
9 0.49874500000000005 0.6896875 0.5784280457516341 0.7555764770507812
9 0.513389 0.460625 0.5984919032679739 0.5201751708984375
9 0.5535565 0.306875 0.6260543967320261 0.3665753173828125
9 0.5615065 0.576875 0.6419440045751633 0.6394366455078125
9 0.651046 0.39656250000000004 0.7246719594771242 0.45148773193359376
9 0.720502 0.520625 0.8157941673202614 0.5901165771484375
9 0.766527 0.6509375 0.8617590039215688 0.7212393188476562
