11 0.7765625 0.6984055 0.10812499999999992 0.13789900000000002
11 0.0 0.41135099999999997 0.015 0.03658599999999995
11 0.0 0.43761700000000003 0.01625 0.042213999999999974
11 0.0 0.26078799999999996 0.0175 0.03377199999999994
11 0.0 0.32645399999999997 0.01875 0.06941800000000001
11 0.0 0.131801 0.025625 0.042213999999999995
11 0.0 0.20966250000000006 0.126875 0.201689
11 0.0 0.5234525 0.1575 0.2514070000000001
11 0.17906249999999999 0.55394 0.215625 0.2786120000000001
11 0.1778125 0.337711 0.179375 0.1763599999999999
11 0.313125 0.40337749999999994 0.20375 0.23076899999999997
11 0.36687499999999995 0.6041275 0.21125 0.28705500000000006
11 0.4090625 0.2692305 0.16562500000000002 0.23264500000000007
11 0.4915625 0.3836775 0.174375 0.20825499999999997
11 0.5271874999999999 0.6500935 0.219375 0.294559
11 0.6575 0.3025325 0.26 0.27110700000000004
11 0.624375 0.44887449999999995 0.19124999999999992 0.26923099999999994
11 0.7140625 0.0 0.188125 0.059099000000000006
11 0.794375 0.6022515 0.3075 0.5403370000000002
11 0.92125 0.6674485 0.15625 0.494371
