11 0.0 0.40853649999999997 0.016875 0.4262308499267935
11 0.0 0.438555 0.016875 0.45901989897510975
11 0.0 0.3302065 0.019375 0.3672465351390922
11 0.0 0.131801 0.02625 0.15552902635431917
11 0.0 0.21341499999999997 0.13125 0.31113253294289894
11 0.64 0.258443 0.007500000000000001 0.28010960614934116
11 0.64 0.52955 0.15375000000000003 0.6586996705710103
11 0.1803125 0.5576925 0.2898239135742187 0.7008724663250366
11 0.1784375 0.34240149999999997 0.27170074462890625 0.43008068008784767
11 0.313125 0.40197000000000005 0.4203192138671875 0.5247394641288434
11 0.366875 0.608818 0.4727667236328125 0.7495776120058564
11 0.4128125 0.27485899999999996 0.4970968627929688 0.39171757101024884
11 0.373125 0.5314255000000001 0.4140106201171875 0.5798969245973646
11 0.558125 0.43058149999999995 0.7144549560546875 0.5913015732064422
11 0.5309375000000001 0.642589 0.6407315063476562 0.7954941669106881
11 0.65125 0.30675450000000004 0.783739013671875 0.4423278718887262
11 0.7121875 0.0 0.8055545043945312 0.061914
11 0.756875 0.6885555 0.8773858642578125 0.8685978660322108
11 0.8465625 0.4934335 0.9504232788085938 0.6474955497803808
11 0.9199999999999999 0.6674485 0.9984765625 0.9127187693997071
