13 0.0834375 0.7145834999999999 0.12804351806640624 0.776569552734375
13 0.1325 0.67125 0.19737060546875002 0.7557929765624999
13 0.15375 0.43916700000000003 0.197349853515625 0.51859516796875
13 0.21125 0.5612499999999999 0.274793701171875 0.6409362057291667
13 0.1925 0.8270835 0.22856201171875 0.8880900683593751
13 0.21500000000000002 0.435417 0.25166503906250004 0.49110005078125
13 0.265 0.8325 0.3072412109375 0.8930830156250001
13 0.29531250000000003 0.9154165000000001 0.35783660888671875 0.9763080514322917
13 0.299375 0.4891664999999999 0.3372076416015625 0.5426960644531249
13 0.3096875 0.6170835 0.3578225708007813 0.6833635058593749
13 0.36875 0.7050000000000001 0.41026489257812504 0.7657490312499999
13 0.4284375 0.46625000000000005 0.4727066040039063 0.5268929036458333
13 0.42562500000000003 0.8583335 0.4658343505859375 0.9188823782552085
13 0.4584375 0.71875 0.5045523071289063 0.7748971276041666
13 0.5996874999999999 0.7495835 0.6675393676757813 0.8415239798177083
13 0.655 0.580417 0.7237353515625 0.6709112486979166
13 0.7375 0.8125 0.81802978515625 0.9156090572916668
