8 0.0 0.66276 0.048827999999999996 0.7304689999999999
8 0.0 0.727865 0.189453 0.795573
8 0.028319999999999998 0.8554689999999999 0.061523 0.8723959999999998
8 0.052734 0.6744790000000002 0.202148 0.723958
8 0.060547000000000004 0.85026 0.083008 0.8619790000000002
8 0.083984 0.8567709999999998 0.09472699999999999 0.869792
8 0.085938 0.72526 0.12793 0.7682290000000002
8 0.175781 0.729167 0.358398 0.7838540000000002
8 0.201172 0.6692709999999998 0.352539 0.7161459999999998
8 0.23144499999999998 0.845052 0.255859 0.8554689999999999
8 0.265625 0.8398439999999999 0.29980500000000004 0.852865
8 0.35449200000000003 0.653646 0.482422 0.77474
8 0.42871099999999995 0.8320310000000001 0.443359 0.845052
8 0.44824200000000003 0.829427 0.45996099999999995 0.8398439999999999
8 0.45996099999999995 0.826823 0.482422 0.842448
8 0.824219 0.8463540000000002 0.8417969999999999 0.869792
8 0.842773 0.688802 0.999023 0.85026
8 0.84375 0.8619790000000002 0.854492 0.8776040000000002
8 0.9746090000000001 0.967448 0.999023 0.990885
