0 0.0 0.7266665 0.118 0.8363868196614583
0 0.106 0.570667 0.185896484375 0.6419239440104166
0 0.184 0.676 0.2438203125 0.7377867916666666
0 0.22599999999999998 0.866667 0.291779296875 0.92953852734375
0 0.266 0.56 0.34574023437499996 0.6339378333333333
0 0.269 0.458667 0.3137373046875 0.52206977734375
0 0.275 0.7613329999999999 0.3137314453125 0.8283416809895833
0 0.33799999999999997 0.41866699999999996 0.383669921875 0.5061218606770833
0 0.33499999999999996 0.9266665 0.3736728515625 0.9721264029947916
0 0.362 0.7253335 0.41564648437499996 0.7777225553385416
0 0.40900000000000003 0.9079999999999999 0.4556005859375 0.9401507083333333
