4 0.0126955 0.575521 0.02342560205078125 0.5890946236979167
4 0.0146485 0.597005 0.02732969482421875 0.6085976497395833
4 0.050781 0.7298179999999999 0.0702624091796875 0.7581647161458333
4 0.043945 0.5703125 0.0526910849609375 0.5825904055989582
4 0.0893555 0.735677 0.11026473876953125 0.7646670872395833
4 0.102051 0.9375 0.1209943408203125 0.967529296875
4 0.1274415 0.8671875 0.15221954541015625 0.890797849609375
4 0.1401365 0.5494789999999999 0.17564414794921873 0.5774095325520833
4 0.1313475 0.9192705 0.14928573095703127 0.9415110332031249
4 0.197266 0.8079425000000001 0.219534357421875 0.8309789915364584
4 0.197266 0.7649739999999999 0.21269835742187498 0.7854619401041666
4 0.218262 0.4290365 0.228302853515625 0.4421493587239583
4 0.2338865 0.7701824999999999 0.24977159521484374 0.7932681582031248
4 0.2338865 0.6946614999999999 0.24000559521484374 0.7152414928385414
4 0.26660150000000005 0.6790365 0.28098964697265627 0.703542837890625
4 0.4140625 0.5664064999999999 0.42147064208984375 0.5760854915364583
4 0.4350585 0.5664060000000001 0.44293413818359373 0.5786894921875001
4 0.44384749999999995 0.575521 0.45073855517578126 0.5890946236979167
4 0.505371 0.986328 0.5239204736328126 0.99741371875
4 0.599121 0.6523439999999999 0.6078129208984375 0.66711959375
4 0.600098 0.8164064999999999 0.609765966796875 0.825759970703125
4 0.6137695 0.8391924999999999 0.6263536157226562 0.8504693014322918
4 0.6484375 0.5013025 0.6858897602539062 0.5410142623697917
4 0.6230469999999999 0.6438800000000001 0.6341575556640624 0.6580156145833334
4 0.6259765 0.8177085000000001 0.6331776948242188 0.8283622753906251
4 0.6411134999999999 0.565755 0.6517179125976562 0.5786903398437501
4 0.6577145 0.5729165 0.6614667006835938 0.5812850149739583
