9 0.09062550000000001 0.6117184999999999 0.17959949853515628 0.7509646186523437
9 0.16953100000000002 0.069531 0.2592094423828125 0.1249320986328125
9 0.34062499999999996 0.1859375 0.4434173583984375 0.26075642041015623
9 0.2781245 0.3234375 0.3106653940429687 0.34655914306640623
9 0.284375 0.2882815 0.3153472900390625 0.3137814750976563
9 0.42578099999999997 0.5210935 0.4730211982421875 0.5635531196289062
9 0.508594 0.539844 0.524503326171875 0.55572280859375
9 0.5179685 0.4703125 0.5354311713867187 0.49016571044921875
9 0.521094 0.5640624999999999 0.527616119140625 0.5744491577148437
9 0.5406255 0.5421875 0.5541600454101562 0.5557205200195313
9 0.650781 0.9367185 0.6915514716796874 0.9772102358398438
9 0.6578125 0.839844 0.7024826049804688 0.88355483984375
9 0.7375 0.9328125 0.77740478515625 0.9740890502929688
9 0.8265625 0.0 0.8741928100585937 0.071875
9 0.9015629999999999 0.5343749999999999 0.9663075673828124 0.5854161494140625
9 0.928125 0.29609399999999997 0.9647186279296874 0.330960845703125
