12 0.08437549999999999 0.544531 0.14523060205078125 0.5791552314453124
12 0.041406 0.6820315 0.053084564453125 0.6930839536132812
12 0.0429685 0.6531245 0.05308303857421875 0.6634241831054688
12 0.072656 0.6882809999999999 0.08899104687500001 0.6993278505859375
12 0.0968755 0.734375 0.11709339501953127 0.7539698369140625
12 0.11953150000000001 0.09999999999999999 0.14832127001953127 0.13271434375
12 0.11328150000000001 0.600781 0.12957737353515625 0.6134752998046875
12 0.1218745 0.6664065 0.13894298193359375 0.6852872124023438
12 0.1554685 0.680469 0.17797317529296874 0.7008984794921875
12 0.17031249999999998 0.08125 0.19670867919921875 0.11398365429687501
12 0.1734375 0.4039065 0.18576762744140624 0.41679356005859375
12 0.17578149999999998 0.5929690000000001 0.19045333837890624 0.6072339287109375
12 0.191406 0.039843500000000004 0.217000080078125 0.06558609033203125
12 0.1875 0.482031 0.19981689453125 0.4885912666015625
12 0.1921875 0.428906 0.19981231689453127 0.437081146484375
12 0.2015625 0.403125 0.21542816162109377 0.41523132324218753
12 0.2117185 0.634375 0.22479324365234377 0.6446924931640625
12 0.23828100000000002 0.075781 0.26226730371093754 0.0999259951171875
12 0.2734375 0.1796875 0.30285797119140623 0.20763752392578125
12 0.284375 0.5078125 0.3247222900390625 0.5651290893554688
12 0.28125 0.328125 0.31066234179687496 0.34499256542968754
12 0.288281 0.2953125 0.3184684755859375 0.32471160888671874
12 0.3023435 0.153906 0.32001674267578123 0.167036701171875
12 0.32968699999999995 0.2078125 0.3574900400390625 0.23729705810546875
12 0.35 0.154688 0.371533203125 0.17953693750000002
12 0.3671875 0.3882815 0.39026641845703125 0.40899581884765623
12 0.375 0.2351565 0.3980717890625 0.26070835498046874
12 0.375 0.3523435 0.3980717890625 0.3777809145507812
12 0.397656 0.030468500000000003 0.4121116640625 0.04840724560546875
12 0.41015599999999997 0.141406 0.43553645703125 0.170173908203125
12 0.423438 0.5210935 0.46052448632812504 0.5651161196289063
12 0.4140625 0.2351565 0.4386586420898438 0.26227035498046875
12 0.43437499999999996 0.625 0.4433258056640625 0.6353276484375
12 0.45468699999999995 0.38125 0.4667429697265625 0.394939685546875
12 0.4679685 0.290625 0.48235499951171873 0.30596618652343754
12 0.48359399999999997 0.38125050000000005 0.494840740234375 0.39181568505859377
12 0.48750000000000004 0.2804685 0.5026489257812501 0.29660110498046877
12 0.4898435 0.35468750000000004 0.5026466372070313 0.36840362548828126
12 0.5078125 0.5398434999999999 0.5198160893554687 0.5510348090820313
12 0.520312 0.47187500000000004 0.5354288828125 0.4854771845703125
12 0.51875 0.5593745 0.5291814082031251 0.5697657358398438
12 0.5421875 0.540625 0.5557205200195313 0.5557220458984375
12 0.552344 0.2320315 0.5744606015625 0.25289840673828123
12 0.6070310000000001 0.579687 0.6431571962890625 0.6103708994140624
12 0.6445315 0.7695315 0.6790585747070312 0.8086235043945312
12 0.6515625 0.940625 0.6931137084960938 0.9772064208984376
12 0.6585935 0.8382815 0.7024818422851562 0.8835563657226563
12 0.7085935000000001 0.6078125 0.7524330141601563 0.6478444331054687
12 0.71875 0.7250000000000001 0.749298095703125 0.7680419921875
12 0.734375 0.9343754999999999 0.7742828369140625 0.9787755239257812
12 0.817969 0.282031 0.8538892021484374 0.31534957910156247
12 0.827344 0.0 0.8695050468749999 0.070312
12 0.847656 0.51875 0.8647972109375 0.552618408203125
12 0.8703120000000001 0.375 0.9069620859375 0.3980717890625
12 0.9210935 0.553906 0.9616004946289063 0.590084076171875
12 0.930469 0.29296900000000003 0.9662793388671874 0.3294018974609375
12 0.980469 0.1617185 0.9974805107421875 0.18577907177734374
