10 0.1656255 0.0765625 0.14687499999999998 0.12187500000000001
10 0.2625005 0.1820315 0.04062500000000002 0.057813
10 0.28515650000000003 0.1749995 0.039063000000000014 0.046875
10 0.288281 0.29374999999999996 0.04531199999999996 0.05937600000000004
10 0.3273435 0.1984375 0.04843700000000001 0.046875
10 0.35468750000000004 0.146875 0.02812500000000001 0.04062399999999999
10 0.3640625 0.39375 0.021874999999999978 0.05625000000000002
10 0.377344 0.35546849999999997 0.04843799999999998 0.05781300000000006
10 0.38125 0.228906 0.024999999999999967 0.06093800000000002
10 0.3851565 0.140625 0.026563000000000003 0.05312399999999999
10 0.41093749999999996 0.2375 0.03437499999999999 0.06562399999999999
10 0.5210935000000001 0.466406 0.026563000000000003 0.042188
10 0.596875 0.5625 0.05312600000000001 0.06875000000000009
10 0.6421875 0.932031 0.078125 0.07343799999999989
10 0.65 0.8421879999999999 0.0625 0.09374999999999989
10 0.65 0.757812 0.05312399999999995 0.0625
10 0.696875 0.6015625 0.08437399999999995 0.0812489999999999
10 0.7179685 0.715625 0.042186999999999975 0.09375
10 0.7320315 0.9296875 0.057813 0.09062499999999996
10 0.821875 0.034375 0.08125000000000004 0.06875
10 0.85 0.37343800000000005 0.05312400000000017 0.03750000000000003
10 0.917969 0.2859375 0.06718799999999991 0.084375
