0 0.5066665 0.30093749999999997 0.5401732779947916 0.32283111572265627
0 0.52375 0.2778125 0.5584850338541666 0.30222869873046876
0 0.5545835 0.334375 0.5834448860677084 0.3552984619140625
0 0.56375 0.23875000000000002 0.5884329505208333 0.259766845703125
0 0.5783335 0.28218750000000004 0.6059139615885417 0.30409942626953124
0 0.5924999999999999 0.2634375 0.620061515625 0.28036773681640625
0 0.6241665 0.359375 0.656687283203125 0.3846490478515625
0 0.63125 0.31125 0.6658450598958333 0.32969604492187504
0 0.64 0.2353125 0.6583336666666667 0.25664520263671875
0 0.665 0.266875 0.6883011145833334 0.28723937988281245
0 0.67875 0.2215625 0.7016162109374999 0.24103363037109374
0 0.6916670000000001 0.2915625 0.7157663919270832 0.3059652709960938
0 0.695 0.325 0.7224280520833332 0.3484326171875
0 0.7095834999999999 0.2446875 0.7340760631510417 0.25976104736328126
0 0.7087499999999999 0.359375 0.7290771484374999 0.3808990478515625
0 0.73 0.27531249999999996 0.7515494791666666 0.29223114013671875
0 0.7370835000000001 0.2240625 0.7565402558593749 0.24103118896484374
0 0.755 0.31125 0.7815169270833334 0.333446044921875
0 0.7687499999999999 0.34281249999999996 0.7973320234375 0.36716522216796876
0 0.7766665 0.2915625 0.7998217154947916 0.31284027099609374
0 0.7949999999999999 0.38656250000000003 0.8314648437500001 0.41524749755859375
0 0.7879169999999999 0.26875 0.8131410664062501 0.28723754882812497
0 0.7912500000000001 0.241875 0.8198027265625001 0.2578887939453125
0 0.80875 0.31125 0.8364469401041666 0.333446044921875
0 0.835 0.3403125 0.8614127604166667 0.35904266357421877
0 0.8641670000000001 0.24562499999999998 0.8880417825520834 0.26663513183593746
0 0.865417 0.294375 0.8880401549479168 0.3128375244140625
0 0.87125 0.2684375 0.8930325598958334 0.29223785400390623
0 0.8883329999999999 0.37187499999999996 0.92217631640625 0.3965118408203125
0 0.8920835 0.3196875 0.9205054329427083 0.34156280517578125
0 0.9375 0.27625 0.967946296875 0.295355224609375
0 0.949583 0.30374999999999996 0.9745965638020834 0.32470336914062503
0 0.949583 0.33875 0.9745965638020834 0.364044189453125
