17 0.0 0.6671374999999999 0.77875 0.663841
17 0.5506249999999999 0.2617705 0.05625000000000002 0.04331499999999998
17 0.5878125000000001 0.2405835 0.028125000000000067 0.04237300000000003
17 0.7865625 0.3177965 0.42562500000000003 0.30037700000000006
17 0.78125 0.8851224999999999 0.03624999999999989 0.062146999999999966
17 0.7903125 0.9289074999999999 0.04812499999999997 0.051789000000000085
17 0.799375 0.9693975000000001 0.061249999999999916 0.05555499999999992
17 0.799375 0.8112050000000001 0.0412499999999999 0.055556000000000064
17 0.805625 0.7664780000000001 0.04375000000000007 0.048964000000000014
17 0.8140625 0.8479285 0.04437500000000005 0.04425699999999993
17 0.840625 0.7956685 0.06500000000000006 0.06591299999999996
17 0.850625 0.9519775 0.06125000000000003 0.07156300000000028
17 0.8587499999999999 0.8742935000000001 0.04749999999999999 0.03672299999999997
17 0.8934375 0.8455744999999999 0.05812499999999998 0.07156299999999995
17 0.9043749999999999 0.9152545 0.05625000000000002 0.07156300000000028
17 0.90875 0.9675144999999999 0.04500000000000004 0.03672299999999997
17 0.9550000000000001 0.927495 0.057499999999999996 0.06968000000000012
17 0.9668749999999999 0.970339 0.04874999999999996 0.046139999999999924
17 0.9762500000000001 0.8700565 0.04625000000000001 0.0621469999999998
