16 0.47092 0.7287025 0.06336800000000009 0.07077300000000021
16 0.5108505 0.30799499999999996 0.11024300000000004 0.11533399999999999
16 0.513455 0.42660549999999997 0.11545200000000005 0.14547900000000002
16 0.5086805 0.6415465 0.09722300000000006 0.11140299999999997
16 0.5282115000000001 0.5353870000000001 0.0737850000000001 0.1402360000000001
16 0.546875 0.8630404999999999 0.105902 0.12188699999999991
16 0.5850694999999999 0.587811 0.12326300000000001 0.14547799999999997
16 0.6019965 0.7110095 0.08593700000000004 0.12188700000000001
16 0.611979 0.45478399999999997 0.10416600000000009 0.14941000000000002
16 0.6015625 0.32372249999999997 0.08159699999999992 0.15989499999999995
16 0.657986 0.546527 0.12152799999999997 0.11009199999999986
16 0.657118 0.8158585 0.08159800000000006 0.19528099999999987
16 0.69184 0.655308 0.12152800000000008 0.09960599999999993
16 0.6723095 0.3138925 0.07725699999999991 0.16382700000000003
16 0.6970485 0.45871550000000005 0.07638899999999993 0.12057700000000003
16 0.751736 0.5439054999999999 0.14583400000000013 0.14154699999999998
16 0.7426215 0.8519005000000002 0.11718700000000004 0.1074710000000001
16 0.7391494999999999 0.7483615 0.10850700000000002 0.13892500000000008
16 0.7534725 0.413499 0.10590300000000008 0.13237199999999993
16 0.766059 0.295544 0.12760400000000005 0.11140199999999999
