2 0.004375 0.840757 0.023125 0.867483
2 0.004375 0.791759 0.024375 0.840757
2 0.004375 0.758352 0.035 0.806236
2 0.024375 0.797327 0.051875 0.8652559999999999
2 0.0275 0.7282850000000001 0.04375 0.7850779999999999
2 0.059375 0.888641 0.0825 0.9265030000000001
2 0.061875 0.9265030000000001 0.074375 0.9543430000000002
2 0.066875 0.741648 0.0775 0.778396
2 0.066875 0.708241 0.09375 0.756125
2 0.08875 0.799555 0.111875 0.8474389999999999
2 0.109375 0.8997770000000002 0.119375 0.936526
2 0.119375 0.819599 0.1425 0.8541200000000001
2 0.126875 0.9265030000000001 0.15125 0.9543430000000002
2 0.126875 0.789532 0.155625 0.8329620000000001
2 0.1325 0.858575 0.166875 0.9020040000000001
2 0.14375 0.8106899999999999 0.170625 0.8608020000000001
2 0.15125 0.8930959999999999 0.205625 0.947661
2 0.158125 0.963252 0.18875 0.9910909999999998
2 0.18125 0.8374159999999999 0.215625 0.874165
2 0.18125 0.804009 0.216875 0.8329620000000001
2 0.1925 0.961025 0.2325 0.997773
2 0.2 0.8652559999999999 0.226875 0.9287299999999998
2 0.226875 0.8106899999999999 0.25 0.851893
2 0.24375 0.8808459999999999 0.276875 0.936526
2 0.25 0.824053 0.2825 0.8719379999999999
2 0.255 0.9287299999999998 0.285 0.982183
2 0.280625 0.9409799999999999 0.311875 0.998886
2 0.2825 0.8608020000000001 0.30375 0.906459
2 0.3 0.8262809999999999 0.326875 0.8808459999999999
2 0.309375 0.8808459999999999 0.33875 0.9265030000000001
2 0.311875 0.9287299999999998 0.34 0.9910909999999998
2 0.33875 0.851893 0.365625 0.8953229999999999
2 0.370625 0.812918 0.39375 0.878619
2 0.381875 0.8808459999999999 0.40875 0.936526
2 0.4075 0.9131399999999998 0.43875 0.9543430000000002
2 0.411875 0.8374159999999999 0.4475 0.8997770000000002
2 0.416875 0.9565699999999999 0.4575 0.9910909999999998
2 0.430625 0.812918 0.461875 0.8719379999999999
2 0.45 0.9153670000000002 0.485625 0.9677059999999998
2 0.45875 0.812918 0.4925 0.8541200000000001
2 0.463125 0.8541200000000001 0.50125 0.8997770000000002
2 0.481875 0.961025 0.5075 0.9910909999999998
2 0.49 0.7850779999999999 0.505 0.812918
2 0.4925 0.824053 0.528125 0.8652559999999999
2 0.49375 0.9265030000000001 0.531875 0.9777280000000002
2 0.50375 0.8719379999999999 0.535625 0.9287299999999998
2 0.520625 0.963252 0.5625 0.997773
2 0.523125 0.9086860000000001 0.55875 0.9565699999999999
2 0.530625 0.797327 0.566875 0.8541200000000001
2 0.534375 0.8374159999999999 0.566875 0.8930959999999999
2 0.5425 0.9498889999999999 0.578125 0.9910909999999998
2 0.566875 0.9086860000000001 0.60375 0.947661
2 0.569375 0.8452120000000001 0.59625 0.9131399999999998
2 0.569375 0.797327 0.60375 0.8329620000000001
2 0.578125 0.943207 0.631875 0.982183
2 0.5975 0.8329620000000001 0.624375 0.888641
2 0.5975 0.8864139999999999 0.626875 0.9498889999999999
2 0.60375 0.799555 0.626875 0.8452120000000001
2 0.626875 0.9287299999999998 0.65375 0.9677059999999998
2 0.630625 0.830735 0.666875 0.888641
2 0.6625 0.824053 0.70125 0.8652559999999999
2 0.688125 0.756125 0.726875 0.8106899999999999
2 0.71125 0.776169 0.741875 0.819599
2 0.731875 0.716036 0.7925 0.798441
2 0.7475 0.806236 0.784375 0.830735
2 0.788125 0.791759 0.826875 0.840757
2 0.8125 0.75167 0.85 0.804009
