2 0.2725 0.41557200000000005 0.348125 0.4962479999999999
2 0.31875 0.6135079999999999 0.36875 0.705441
2 0.32125 0.48123800000000005 0.355625 0.567542
2 0.349375 0.525328 0.398125 0.617261
2 0.36875 0.6754220000000001 0.41375 0.7523449999999999
2 0.415 0.6482180000000001 0.465 0.74015
2 0.440625 0.7157600000000001 0.498125 0.796435
2 0.503125 0.728893 0.549375 0.8095680000000002
2 0.5375 0.67167 0.595625 0.7504689999999998
2 0.565 0.721388 0.6225 0.80394
2 0.6225 0.7176359999999999 0.691875 0.80394
2 0.653125 0.67167 0.695625 0.7439020000000001
2 0.66 0.23170700000000002 0.71 0.301126
2 0.703125 0.653846 0.756875 0.734522
2 0.7225 0.565666 0.766875 0.686679
2 0.748125 0.5037520000000001 0.7825 0.590056
