16 0.8209375 0.8662050000000001 0.07937499999999997 0.128998
16 0.2528125 0.8773989999999999 0.443125 0.24307000000000006
16 0.420625 0.61887 0.395 0.38272999999999996
16 0.3471875 0.49306999999999995 0.06687500000000002 0.08848600000000005
16 0.6215625 0.362473 0.338125 0.32409399999999994
16 0.65625 0.942964 0.34125000000000005 0.11193999999999998
16 0.7525 0.14925349999999998 0.31500000000000006 0.24733500000000003
16 0.7984375 0.7579955000000002 0.391875 0.3752670000000001
16 0.8546875 0.0 0.28937500000000005 0.09808099999999999
16 0.8656250000000001 0.440299 0.26749999999999996 0.34754799999999997
16 0.9284375 0.2105545 0.13937500000000003 0.24626900000000002
