18 0.0 0.04 0.160625 0.405
18 0.0 0.740833 0.2225 0.999167
18 0.040625 0.0 0.25 0.153333
18 0.049375 0.36416699999999996 0.18375 0.580833
18 0.09 0.3758329999999999 0.235625 0.555
18 0.19875 0.050832999999999996 0.4575 0.338333
18 0.265625 0.0 0.535625 0.13833299999999998
18 0.36375 0.148333 0.510625 0.36416699999999996
18 0.576875 0.635833 0.818125 0.956667
18 0.59875 0.164167 0.87875 0.47916700000000007
18 0.704375 0.055833 0.835 0.229167
18 0.765 0.880833 0.999375 0.999167
18 0.808125 0.14 0.896875 0.20000000000000004
18 0.8725 0.246667 0.94625 0.384167
18 0.924375 0.098333 0.9975 0.265833
18 0.961875 0.405 0.999375 0.648333
