0 0.0 0.8562499999999998 0.035156 0.9020100911458332
0 0.0 0.858854 0.038281 0.9020067005208333
0 0.10078100000000001 0.078646 0.1374015810546875 0.13843959635416667
0 0.1003905 0.071875 0.13583896240234375 0.13428141276041664
0 0.30507799999999996 0.844792 0.377827072265625 0.9155670104166668
0 0.532422 0.44947950000000003 0.697918056640625 0.6817067402343749
0 0.5347660000000001 0.45312500000000006 0.7010407675781251 0.6910769934895834
0 0.7976565 0.8453125 0.8664090385742187 0.9186913326822918
0 0.8894529999999999 0.07812499999999999 0.9280373935546874 0.1342732747395833
0 0.891797 0.075521 0.9319421044921874 0.13531866536458334
