16 0.075 0.7537500000000001 0.1475 0.22916600000000006

16 0.19187500000000002 0.8366669999999999 0.1875 0.20500000000000007

16 0.18531250000000002 0.63 0.143125 0.176666

16 0.286875 0.6687499999999998 0.19625 0.24916599999999992

16 0.48062499999999997 0.7291664999999999 0.22500000000000003 0.35166699999999995

16 0.53625 0.1475 0.16500000000000004 0.153334

16 0.6565624999999999 0.7000000000000001 0.17312500000000008 0.24833399999999992

16 0.7731250000000001 0.42333350000000003 0.19000000000000006 0.21166700000000002

16 0.8009375000000001 0.7470835 0.13437500000000002 0.20083299999999996

16 0.85 0.60875 0.12375000000000003 0.17583400000000005

16 0.9253125 0.23916649999999998 0.14812500000000006 0.19833299999999998

