0 0.515625 0.546667 0.9988714599609375 0.8059551940104167
0 0.5334375 0.7054170000000001 0.9988540649414063 0.99824848828125
0 0.44937499999999997 0.9637500000000001 0.5051861572265625 0.9979121171875001
0 0.605 0.0 0.8137841796874999 0.1275
0 0.6559375 0.13833299999999998 0.8768594360351561 0.23815287890625
0 0.7059375 0.215 0.9336856079101562 0.3397200520833334
0 0.5496875 0.9304169999999999 0.5969631958007813 0.9979555195312501
0 0.5543750000000001 0.39125000000000004 0.5863336181640625 0.43032355989583326
0 0.7815625 0.3025 0.9867367553710938 0.4304391197916666
0 0.6346875000000001 0.8908335 0.6793801879882813 0.9555070605468751
0 0.7146875 0.838333 0.7630520629882813 0.9072414205729166
0 0.7834375 0.8004164999999999 0.8148599243164063 0.863957791015625
0 0.8484375 0.750417 0.8910464477539062 0.8156898945312502
0 0.916875 0.70375 0.9541046142578125 0.7690836588541666
0 0.9771875 0.6558335 0.9984207153320312 0.7158130501302084
