17 0.2121875 0.501411 0.23062500000000002 0.3198499999999999
17 0.1765625 0.25635 0.076875 0.17027200000000003
17 0.28531249999999997 0.187676 0.18187499999999998 0.286924
17 0.30875 0.3941675 0.14625000000000002 0.16368699999999994
17 0.3265625 0.7111945000000001 0.140625 0.20884299999999992
17 0.426875 0.5 0.20875 0.3377239999999999
17 0.4534375 0.26857949999999997 0.16937499999999994 0.190969
17 0.4090625 0.171214 0.06312499999999999 0.08466599999999998
17 0.429375 0.7826905 0.10375000000000001 0.15428099999999992
17 0.45406250000000004 0.750235 0.10937500000000006 0.1966140000000001
17 0.62 0.7511760000000001 0.25875000000000004 0.34524999999999995
17 0.6021875 0.289746 0.17937500000000006 0.23330199999999995
17 0.59125 0.48306699999999997 0.15249999999999997 0.18720599999999998
17 0.7075 0.567733 0.11125000000000007 0.18720599999999998
17 0.75 0.38758250000000005 0.1725000000000001 0.23894700000000002
17 0.7665625 0.6030105 0.05812499999999998 0.146755
