13 0.0 0.24625 0.0325 0.28467936197916666
13 0.0275 0.822917 0.04684814453125 0.8430954934895833
13 0.041562499999999995 0.2675 0.07370941162109375 0.3204846927083333
13 0.04 0.66 0.0593359375 0.686640625
13 0.0471875 0.8591670000000001 0.05932891845703125 0.8780482929687502
13 0.059375 0.9487500000000001 0.0824420166015625 0.9812646484375
13 0.06687499999999999 0.5958335 0.0868096923828125 0.6167241751302083
13 0.091875 0.9625 0.1061602783203125 0.9812467447916667
13 0.1284375 0.09250000000000001 0.17424957275390626 0.14654655729166668
13 0.109375 0.5125000000000001 0.1292681884765625 0.5376656822916667
13 0.10875 0.67125 0.124268798828125 0.6882929765625
13 0.1184375 0.61375 0.13175933837890624 0.6317008463541667
13 0.134375 0.7816665 0.1511187744140625 0.8123152050781249
13 0.138125 0.3820835 0.1586151123046875 0.40450249544270833
13 0.1434375 0.548333 0.15485992431640624 0.5576190247395832
13 0.150625 0.5075 0.1679779052734375 0.5335061927083334
13 0.28500000000000003 0.0 0.3372216796875 0.105833
13 0.2778125 0.5233335 0.29160369873046876 0.5493185761718751
13 0.29874999999999996 0.6833334999999999 0.317833251953125 0.7141102428385416
13 0.33781249999999996 0.12125000000000001 0.39092010498046875 0.18317512239583333
13 0.3109375 0.5104164999999999 0.32157135009765625 0.5376683951822916
13 0.34625 0.5129165 0.369036865234375 0.5543321399739584
13 0.3475 0.5816665 0.36528564453124995 0.6092426217447917
13 0.36875 0.6341665 0.390889892578125 0.6575072623697916
13 0.3978125 0.34625 0.4308615112304688 0.38454915364583336
13 0.40531249999999996 0.7495835 0.41460418701171875 0.7640239798177083
13 0.44625000000000004 0.5816665 0.462064208984375 0.6092426217447917
13 0.444375 0.7791669999999998 0.45706604003906254 0.7956524596354165
13 0.47375 0.897083 0.493287353515625 0.9346649231770834
13 0.4878125 0.9700000000000001 0.5007736206054687 0.9929039791666666
13 0.5225 0.61375 0.53573974609375 0.6317008463541667
13 0.555625 0.662917 0.5744573974609375 0.6833038268229167
13 0.560625 0.6170829999999999 0.5807025146484376 0.6525295065104166
13 0.61625 0.3475 0.6425231933593749 0.37871452604166667
13 0.6484375 0.28583299999999995 0.6631167602539062 0.3154608216145833
13 0.6840625 0.28833299999999995 0.7049569702148437 0.31545756640624995
13 0.698125 0.3466665 0.7199432373046875 0.37204861132812495
13 0.7153125 0.209583 0.7436764526367188 0.24806010546875
13 0.719375 0.9429164999999999 0.7355474853515624 0.9571052441406249
13 0.733125 0.3675 0.7524090576171876 0.392854484375
13 0.7446875 0.3254165 0.7586477661132812 0.34290928059895837
13 0.74875 0.5912499999999999 0.766768798828125 0.6267301432291666
13 0.7875000000000001 0.970417 0.80548095703125 0.9879034361979167
13 0.790625 0.38833350000000005 0.8054779052734375 0.408661357421875
13 0.8062499999999999 0.7533335000000001 0.828587646484375 0.7815190970052083
13 0.818125 0.3091665 0.8373260498046875 0.337930439453125
13 0.83375 0.3666665 0.855435791015625 0.3945225696614583
13 0.9040625 0.5762499999999999 0.9316171264648437 0.6084166744791667
13 0.9359375 0.31416700000000003 0.9640859985351562 0.3362579283854166
13 0.9359375000000001 0.27791649999999996 0.9565859985351562 0.3154711295572916
