0 0.0 0.341667 0.028125 0.393333
0 0.0 0.055833 0.038125 0.12083300000000001
0 0.0 0.214167 0.041875 0.280833
0 0.003125 0.451667 0.17 0.994167
0 0.02 0.25 0.074375 0.3125
0 0.079375 0.035 0.17125 0.145
0 0.119375 0.358333 0.159375 0.401667
0 0.144375 0.0025 0.21125 0.033333
0 0.226875 0.0 0.32 0.10416700000000001
0 0.25125 0.3 0.459375 0.665
0 0.2825 0.663333 0.32 0.698333
0 0.28625 0.059167 0.376875 0.183333
0 0.380625 0.730833 0.419375 0.766667
0 0.4025 0.875 0.44375 0.92
0 0.426875 0.758333 0.460625 0.7991670000000001
0 0.45125 0.8683330000000001 0.499375 0.9216669999999999
0 0.471875 0.945833 0.503125 0.9875000000000002
0 0.503125 0.5966670000000001 0.536875 0.634167
0 0.531875 0.634167 0.573125 0.679167
0 0.538125 0.589167 0.584375 0.6425
0 0.55375 0.09500000000000001 0.97875 0.419167
0 0.686875 0.179167 0.74875 0.25166700000000003
0 0.696875 0.91 0.733125 0.956667
0 0.7125 0.985833 0.743125 0.999167
0 0.72125 0.548333 0.768125 0.615
0 0.740625 0.484167 0.776875 0.529167
0 0.745 0.6325 0.771875 0.6875
0 0.769375 0.566667 0.818125 0.611667
0 0.771875 0.9425 0.810625 0.985833
0 0.79875 0.7375000000000002 0.83375 0.7825000000000001
0 0.875 0.548333 0.929375 0.61
