8 0.0628125 0.9545835 0.059375 0.08916700000000007
8 0.1021875 0.345833 0.045625 0.06999999999999999
8 0.110625 0.551667 0.0625 0.08000000000000007
8 0.104375 0.9445834999999999 0.041249999999999995 0.07916699999999999
8 0.11281250000000001 0.8808334999999999 0.058124999999999996 0.058333000000000045
8 0.1571875 0.38000000000000006 0.02562500000000001 0.050000000000000044
8 0.30125 0.86875 0.04249999999999998 0.06916599999999991
8 0.3275 0.124583 0.04375000000000001 0.0625
8 0.48187499999999994 0.6025 0.04999999999999999 0.05999999999999998
8 0.5265625 0.90875 0.05937500000000001 0.07083399999999991
8 0.5290625 0.5975 0.046875 0.063334
8 0.5303125 0.2545835 0.04937500000000006 0.080833
8 0.5640624999999999 0.9391665000000001 0.051875000000000004 0.06166700000000006
8 0.5715625 0.975 0.059374999999999956 0.0483340000000001
8 0.57625 0.17708350000000003 0.06125000000000003 0.07083299999999997
8 0.5809375000000001 0.2658335 0.051875000000000004 0.08333299999999999
8 0.61125 0.8737499999999999 0.04249999999999998 0.055834000000000085
8 0.6428125 0.7229165000000001 0.04937499999999995 0.07083300000000008
8 0.655 0.8262499999999999 0.05249999999999999 0.06083399999999998
8 0.655 0.8904165 0.050000000000000044 0.07416699999999994
8 0.676875 0.6345835000000001 0.04499999999999993 0.03416699999999998
8 0.690625 0.7341665 0.04874999999999996 0.06833300000000013
8 0.698125 0.6608335 0.03125 0.053333
8 0.72125 0.6404165 0.03874999999999995 0.06083299999999999
8 0.7253125 0.5145835 0.046875 0.06416700000000002
8 0.7628125 0.46291649999999995 0.04937499999999995 0.06083299999999999
8 0.7525 0.51625 0.02375000000000005 0.04249999999999998
