11 0.8687499999999999 0.664165 0.911651611328125 0.713848151026393
11 0.0 0.373358 0.0175 0.4047055542521995
11 0.0 0.27392099999999997 0.05 0.29415735630498535
11 0.0 0.4108815 0.07875 0.460935534457478
11 0.0 0.509381 0.19875 0.5921241070381231
11 0.0275 0.3020635 0.053723144531249996 0.3166300916422287
11 0.15812500000000002 0.7504689999999999 0.29859558105468753 0.8544346055718476
11 0.08374999999999999 0.27485899999999996 0.121168212890625 0.3166699809384164
11 0.12187500000000001 0.9831144999999999 0.16113098144531252 0.9966824831378298
11 0.179375 0.9268295000000002 0.2373248291015625 0.9855080124633431
11 0.164375 0.3883675 0.1948394775390625 0.4253215461876832
11 0.224375 0.9512194999999999 0.28478088378906247 0.99672925
11 0.22562500000000002 0.317073 0.26477966308593753 0.36163608357771265
11 0.23500000000000001 0.381801 0.2747705078125 0.43283617448680356
11 0.295 0.3827395000000001 0.32596191406249997 0.42157779838709686
11 0.32 0.9615384999999999 0.3721875 0.9967141195014663
11 0.30625 0.4840525 0.33720092773437504 0.5452562456011729
11 0.285625 0.18292700000000003 0.2947210693359375 0.1967297785923754
11 0.2975 0.19887450000000004 0.30595947265625 0.2135923951612904
11 0.363125 0.5056284999999999 0.41214538574218745 0.5658626092375366
11 0.36812500000000004 0.356473 0.4008905029296875 0.3897213123167156
11 0.384375 0.4221385 0.43087463378906254 0.4796810285923753
11 0.374375 0.2026265 0.3833843994140625 0.21921489369501462
11 0.38749999999999996 0.22701700000000002 0.39587158203125 0.24169313049853375
11 0.44875 0.5084425 0.492061767578125 0.55835348313783
11 0.5406249999999999 0.7748595000000001 0.6632220458984375 0.8975508423753666
11 0.46 0.435272 0.49830078125000005 0.48529077126099707
11 0.44875 0.326454 0.46956176757812496 0.36537532844574777
11 0.54 0.8442774999999999 0.58947265625 0.901201056451613
11 0.5543750000000001 0.44183849999999997 0.5932086181640625 0.5040421429618768
11 0.57125 0.9878049999999999 0.605692138671875 0.9966756055718474
11 0.56875 0.486867 0.589444580078125 0.5189861187683285
11 0.6243749999999999 0.4587245 0.6681402587890625 0.519027383431085
11 0.6331249999999999 0.9268295 0.6818817138671875 0.9967650124633429
11 0.69625 0.9380865 0.756820068359375 0.9967485065982403
11 0.6825000000000001 0.48968100000000003 0.71058349609375 0.5321149926686217
11 0.700625 0.4277675 0.7418157958984376 0.4834257749266862
11 0.7925 0.662289 0.90547607421875 0.7795169017595308
11 0.901875 0.8621010000000001 0.9578692626953125 0.92744092228739
11 0.9593750000000001 0.9587245 0.9978131103515625 0.996718245601173
11 0.973125 0.8818009999999998 0.9977996826171875 0.9442980366568915
