0 0.6071875 0.5041669999999999 0.6469070434570312 0.5435105325520834
0 0.6084375 0.35458349999999994 0.6431558227539063 0.388705302734375
0 0.621875 0.42166649999999994 0.6650177001953125 0.4744509550781249
0 0.6296875 0.28750000000000003 0.6781350708007812 0.34212565104166665
0 0.6884375 0.3279165 0.7324526977539063 0.3695730253906249
0 0.67875 0.43916649999999996 0.706212158203125 0.48692816861979166
0 0.6796875 0.38666700000000004 0.7080862426757812 0.41116352734375
0 0.7096875 0.5158335 0.7530569458007813 0.5593283417968751
0 0.73875 0.3225 0.7786535644531251 0.372913078125
0 0.7484375 0.461667 0.7967691040039062 0.51606587109375
0 0.738125 0.3958335 0.7686541748046876 0.41615159179687505
0 0.7409375 0.36250000000000004 0.7699014282226563 0.39702799479166667
