0 0.64 0.3975 0.02125 0.4225
0 0.031875 0.0 0.0625 0.04375
0 0.039375 0.71 0.06625 0.8125
0 0.06375 0.0 0.090625 0.04625
0 0.06875 0.86375 0.096875 0.9175
0 0.1125 0.65625 0.141875 0.7025
0 0.11375 0.14375 0.16 0.23125
0 0.11625 0.805 0.145625 0.85625
0 0.146875 0.9025 0.1725 0.94625
0 0.151875 0.65875 0.17375 0.705
0 0.1575 0.86375 0.183125 0.9075
0 0.15875 0.0825 0.185625 0.12875
0 0.17125 0.96375 0.193125 0.99875
0 0.1775 0.505 0.205625 0.56875
0 0.249375 0.06125 0.27125 0.13125
0 0.27875 0.0025 0.37125 0.095
0 0.294375 0.195 0.335 0.24875
0 0.401875 0.2175 0.4225 0.26875
0 0.463125 0.4125 0.48625 0.45875
0 0.6425 0.14625 0.851875 0.45875
0 0.70125 0.08125 0.761875 0.195
