2 0.036875 0.74875 0.0675 0.8025
2 0.06375 0.85625 0.098125 0.925
2 0.1175 0.795 0.141875 0.85875
2 0.1175 0.14125 0.1575 0.22875
2 0.149375 0.64125 0.17625 0.6975
2 0.1575 0.86375 0.180625 0.9025
2 0.184375 0.4975 0.21 0.5875
2 0.240625 0.05625 0.265 0.12625
2 0.290625 0.195 0.31875 0.25125
2 0.31125 0.01375 0.336875 0.05875
2 0.349375 0.01125 0.36875 0.065
2 0.401875 0.205 0.42625 0.2675
2 0.649375 0.23625 0.701875 0.31
2 0.703125 0.2025 0.748125 0.31875
2 0.703125 0.0975 0.755625 0.19
2 0.7375 0.33625 0.78 0.44125
2 0.749375 0.2825 0.798125 0.34125
2 0.755625 0.14125 0.79125 0.23625
2 0.769375 0.18875 0.82875 0.29125
2 0.79125 0.29 0.8325 0.35625
