0 0.22999999999999998 0.495625 0.3255335208333333 0.5657659912109375
0 0.27999999999999997 0.600625 0.3388024166666667 0.6325384521484375
0 0.3104165 0.6903125000000001 0.39542881184895834 0.7468258666992188
0 0.43124999999999997 0.24312499999999998 0.5577714765625 0.3253875732421875
0 0.4175 0.58875 0.5002893802083332 0.649425048828125
0 0.45749999999999996 0.7671874999999999 0.5385712968749999 0.8286257934570312
0 0.44958349999999997 0.433125 0.4910816048177083 0.4789520263671875
0 0.49499999999999994 0.6740625 0.5568554687499999 0.7093417358398437
0 0.56 0.339375 0.6434378333333334 0.39904357910156246
0 0.5466664999999999 0.6415625 0.6051211946614582 0.6818734741210938
0 0.5895834999999999 0.4646875 0.6892323131510416 0.5539212036132812
0 0.5954165 0.7296875 0.6592247180989583 0.7830374145507812
0 0.6033335000000001 0.6143749999999999 0.6733814095052084 0.6737750244140625
0 0.6416665 0.0 0.7224974967447916 0.1025
0 0.6191665000000001 0.155625 0.6750267936197917 0.2110980224609375
0 0.6625 0.2625 0.7391373697916666 0.33036865234375
0 0.6750000000000002 0.8115625 0.7366210937500002 0.8698324584960937
0 0.7104170000000001 0.42125 0.7757419778645834 0.477088623046875
0 0.7375000000000002 0.6675 0.8298727135416667 0.75059814453125
0 0.7162499999999999 0.080625 0.7849003828125 0.1430462646484375
0 0.7266665 0.5349999999999999 0.7940538196614585 0.5901025390625
0 0.7754165000000001 0.174375 0.8439903430989584 0.2298297119140625
0 0.7741665000000001 0.27875 0.838991970703125 0.334102783203125
0 0.7775 0.7628125 0.8414876302083333 0.8305050659179688
0 0.9187500000000001 0.19156250000000002 0.9979707109375 0.2641879272460938
0 0.9800000000000001 0.755 0.9978909583333334 0.7961376953125
