10 0.144043 0.250651 0.1688043330078125 0.29394463151041667
10 0.173828 0.4199215 0.20490824609375002 0.4590882272135417
10 0.345215 0.5716145 0.5133348759765625 0.7674847102864585
10 0.20068350000000001 0.0423175 0.22050702001953126 0.07676789908854166
10 0.30078099999999997 0.220703 0.3112292685546875 0.25361862630208337
10 0.4389645 0.07291650000000001 0.4634383237304688 0.106676056640625
10 0.6523435 0.634766 0.7981909458007812 0.8364134817708333
10 0.6064455 0.4134115 0.6312437680664063 0.44216970377604164
10 0.6435545 0.20507850000000002 0.6595275288085938 0.243222970703125
10 0.6660159999999999 0.2265625 0.6829435937499999 0.2757469967447917
