11 0.41820999999999997 0.768868 0.5210702046035806 0.85656015234375
11 0.0817905 0.112618 0.12952540856777495 0.143758021484375
11 0.29475350000000006 0.25 0.5551790773657289 0.367680859375
11 0.05709850000000001 0.1503535 0.07708698401534528 0.18971117041015625
11 0.4444445 0.40742899999999993 0.8512836566496164 0.6010171201171874
11 0.10030849999999998 0.15448099999999998 0.12795772826086954 0.1684811396484375
11 0.155864 0.143868 0.2004176854219949 0.17320850390625
11 0.17129650000000002 0.12558950000000002 0.20965795076726343 0.15435835400390627
11 0.6373455 0.6261795 0.965233980179028 0.9687284965820312
11 0.658179 0.8549525 0.7738493388746802 0.9567120854492187
