4 0.17093750000000002 0.140713 0.24170806884765625 0.26433397803806735
4 0.18687499999999999 0.361632 0.2610675048828125 0.4675755241581259
4 0.24625000000000002 0.15994399999999998 0.27225952148437504 0.2586778213762811
4 0.295625 0.2870545 0.36596130371093755 0.39920471522693995
4 0.2759375 0.0 0.31223052978515625 0.037523
4 0.3509375 0.11163250000000001 0.40965728759765624 0.19120655563689604
4 0.384375 0.6463415 0.4327496337890625 0.7382656727672036
4 0.398125 0.3081615 0.4527362060546875 0.40292581185944365
4 0.464375 0.21951199999999998 0.5376715087890624 0.3298846061493411
4 0.471875 0.825516 0.5526641845703125 0.9443823382137628
4 0.57875 0.1566605 0.650059814453125 0.26806362884333823
4 0.5909375 0.35788000000000003 0.6744229125976563 0.49853801756954613
4 0.5990625 0.774859 0.6869149780273438 0.90224250658858
4 0.620625 0.6308630000000001 0.6875189208984375 0.6979503352855051
4 0.7428125000000001 0.464353 0.8355245971679688 0.5828101273792093
4 0.85375 0.4038464999999999 0.935416259765625 0.5294277166910687
4 0.9440625 0.281895 0.9984530639648438 0.41609726939970715
