16 0.3125 0.7591665000000001 0.34624999999999995 0.3983329999999999
16 0.22875 0.46208350000000004 0.13375000000000004 0.254167
16 0.33999999999999997 0.1291665 0.15499999999999997 0.10833300000000001
16 0.50625 0.8641665 0.18874999999999997 0.15333300000000008
16 0.590625 0.6887500000000001 0.235 0.2908340000000001
16 0.6321875 0.21333349999999998 0.171875 0.218333
16 0.6621874999999999 0.7429165000000001 0.166875 0.185833
16 0.6793750000000001 0.27416650000000004 0.19374999999999998 0.26166700000000004
16 0.81125 0.5870835 0.23750000000000004 0.33916699999999994
16 0.8171875 0.2991665 0.208125 0.3016670000000001
