4 0.338762 0.398575 0.47605317773437505 0.5192974221105527
4 0.5403095 0.5129925000000001 0.9709703540039062 0.9466764296482413
4 0.237378 0.8206205 0.36214618554687505 0.9530732557788943
4 0.277687 0.597234 0.40689482128906246 0.7102127648241207
4 0.42833899999999997 0.762783 0.5411127001953124 0.860088383919598
4 0.5118075 0.232188 0.6493371879882812 0.38199664522613064
4 0.5285015 0.4974855 0.6542068852539062 0.6466080145728643
4 0.6706025 0.6735125 0.8030911147460937 0.8434141030150754
4 0.7259774999999999 0.3692374999999999 0.8364250375976563 0.5285479070351757
4 0.823697 0.5842415000000001 0.9031046083984374 0.6792118226130653
