13 0.1953125 0.284375 0.24668426513671876 0.3309722900390625
13 0.1875 0.3726565 0.22950389453125 0.41682407763671875
13 0.2523435 0.4132815 0.3106905708007812 0.4495964047851563
13 0.3203125 0.2710935 0.37156219482421876 0.31692226025390624
13 0.35 0.0953125 0.415283203125 0.14053192138671874
13 0.40859350000000005 0.378125 0.5074129829101562 0.48244273730468745
13 0.42968799999999996 0.1898435 0.5230183828124999 0.28418960595703124
13 0.4734375 0.784375 0.5651626586914062 0.8820460087890626
13 0.5968745 0.30859349999999997 0.6291041147460937 0.35751063916015624
13 0.690625 0.4460935 0.7930755615234375 0.5433143618164062
13 0.646875 0.21484350000000002 0.7024932861328125 0.2779151918945313
13 0.6921875 0.930469 0.7805740356445312 0.9475293388671874
13 0.6835935 0.32109350000000003 0.7227694282226562 0.36374843212890623
13 0.8734375000000001 0.391406 0.9413340336914063 0.48242976757812495
13 0.907031 0.819531 0.9678642275390625 0.9382616767578126
