17 0.2715625 0.8154165 0.451875 0.1841670000000001
17 0.105 0.8266665 0.03 0.048333000000000105
17 0.16812500000000002 0.79 0.03 0.05166599999999999
17 0.170625 0.8412499999999999 0.034999999999999976 0.05749999999999996
17 0.1821875 0.7775 0.019375000000000003 0.03666600000000001
17 0.240625 0.8275 0.03750000000000003 0.06666599999999996
17 0.2496875 0.875 0.053125000000000006 0.061666000000000075
17 0.2559375 0.78375 0.05312499999999998 0.07583400000000011
17 0.2715625 0.8491664999999999 0.03187499999999999 0.051666999999999984
17 0.28625 0.8891665 0.04125000000000001 0.04666699999999994
17 0.30843750000000003 0.7929170000000001 0.06187499999999996 0.06750000000000005
17 0.3159375 0.8504165 0.051875000000000004 0.06916700000000005
17 0.3359375 0.9220830000000001 0.018124999999999947 0.0324999999999999
17 0.5978125 0.860417 0.5318750000000001 0.2775
17 0.36906249999999996 0.8758335 0.05562499999999998 0.07333299999999987
17 0.3803125 0.8870835000000001 0.05812499999999998 0.06583300000000003
17 0.40437500000000004 0.92125 0.08000000000000002 0.08916599999999993
17 0.4225 0.8466665 0.05375000000000002 0.05666700000000002
17 0.4446875 0.7525000000000001 0.051875000000000004 0.0483340000000001
17 0.4465625 0.8870835 0.050624999999999976 0.07916699999999999
17 0.459375 0.8170835 0.04250000000000004 0.03916699999999995
17 0.4859375 0.9220835 0.05437500000000006 0.11916699999999987
17 0.4921875 0.8395834999999999 0.06687500000000002 0.0741670000000001
17 0.49031250000000004 0.7945829999999999 0.026875000000000038 0.022500000000000114
17 0.5140625 0.7804165 0.018124999999999947 0.020832999999999952
17 0.51875 0.79625 0.022500000000000075 0.025833999999999985
17 0.5315624999999999 0.7704165 0.021874999999999978 0.025832999999999995
17 0.5496875 0.8583335 0.05312500000000009 0.05666700000000002
17 0.5534375 0.8825 0.05312499999999998 0.05666599999999988
17 0.5478125 0.7804165 0.03562500000000002 0.03416700000000006
17 0.5549999999999999 0.8112499999999999 0.04999999999999993 0.06583400000000002
17 0.580625 0.979167 0.032500000000000084 0.040000000000000036
17 0.6071875 0.9195835 0.08062499999999995 0.10416700000000005
17 0.59625 0.8408329999999999 0.04999999999999993 0.05500000000000016
17 0.61625 0.8316665 0.03375000000000006 0.041667000000000044
17 0.635 0.9808335000000001 0.06624999999999992 0.03333299999999998
17 0.6490625 0.8829165 0.06062499999999993 0.07083299999999992
17 0.655625 0.8258329999999999 0.05249999999999999 0.06999999999999999
17 0.68625 0.931667 0.07499999999999996 0.10000000000000009
17 0.69375 0.979167 0.0625 0.040000000000000036
17 0.6975 0.8358335 0.04875000000000007 0.05333300000000015
17 0.7209375 0.8949999999999999 0.06937499999999996 0.108334
17 0.7175 0.8145835 0.03500000000000003 0.03083299999999989
17 0.7446875 0.9783335000000001 0.048125000000000084 0.041667000000000044
17 0.750625 0.8312500000000002 0.04125000000000001 0.0741660000000001
17 0.7590625 0.9550000000000001 0.05812499999999998 0.06333400000000007
17 0.774375 0.8487499999999999 0.06625000000000003 0.07583399999999996
17 0.768125 0.7929164999999999 0.04999999999999993 0.029167000000000016
17 0.7718750000000001 0.9275000000000001 0.04749999999999999 0.040000000000000036
17 0.7931250000000001 0.8904165 0.03874999999999995 0.024166999999999977
17 0.813125 0.8216665000000001 0.040000000000000036 0.051666999999999984
17 0.82375 0.8758335 0.03249999999999997 0.03333299999999998
17 0.8403125 0.86375 0.06062499999999993 0.04250000000000013
