13 0.190625 0.27 0.2629388427734375 0.3463154375
13 0.250625 0.76625 0.30788024902343747 0.8106692786458334
13 0.246875 0.15666700000000003 0.2935089111328125 0.20396300651041668
13 0.28625 0.33749999999999997 0.367220458984375 0.38289354687500005
13 0.3290625 0.7491665 0.3596786499023437 0.7765245227864583
13 0.32999999999999996 0.7979165 0.346552734375 0.8122940462239582
13 0.385 0.345 0.4446240234375 0.41871778125
13 0.425 0.767083 0.4977099609375 0.8123341940104166
13 0.5078125 0.32625 0.5945040893554687 0.3829081953125
13 0.5175 0.20291649999999997 0.5788696289062499 0.26056878580729165
13 0.590625 0.7808335 0.6694232177734375 0.8314832897135417
13 0.594375 0.2570835 0.6306695556640625 0.317165255859375
13 0.69625 0.12375000000000001 0.738695068359375 0.16733886718750002
13 0.71 0.772083 0.749306640625 0.8023276835937501
13 0.7175 0.20458299999999996 0.7580493164062501 0.24306661588541664
13 0.7718750000000001 0.3379165 0.8354962158203125 0.4045600045572917
13 0.7784375 0.172917 0.8242398071289062 0.21394184765625
13 0.8134375 0.7758335000000001 0.8823306274414063 0.8056568001302084
13 0.828125 0.2770835 0.8848162841796875 0.36713921419270834
13 0.9384375 0.34541700000000003 0.9978335571289063 0.41621723828125007
