4 0.55 0.8 0.6086938906250001 0.8546037500000001
4 0.6015385 0.6799999999999999 0.6655665600585938 0.7408739375000001
4 0.6523075 0.460769 0.7024399809570313 0.4964730302734374
4 0.6823075000000001 0.163846 0.7301026840820313 0.199839994140625
4 0.776923 0.927692 0.8238562861328125 0.98678605078125
4 0.806923 0.21 0.8484429892578125 0.247486921875
4 0.8246155 0.4638465 0.8684257114257812 0.5087780249023437
4 0.8392310000000001 0.3069235 0.8914884384765625 0.3550852700195313
4 0.8792310000000001 0.6407695 0.9376033759765626 0.7086052485351563
4 0.8646155000000001 0.9230769999999999 0.9053096489257814 0.9729445576171873
4 0.9523080000000002 0.2876925 0.9975320117187501 0.3366420502929688
4 0.9530770000000001 0.5076925000000001 0.9975312607421876 0.5595042065429688
