6 0.1001765 0.9700000000000001 0.060901 0.05764799999999992
6 0.151368 0.8211765 0.12268399999999999 0.18352900000000005
6 0.178729 0.972353 0.07678800000000002 0.05294199999999997
6 0.288173 0.649412 0.06972600000000001 0.19529400000000008
6 0.3389235 0.927059 0.084731 0.14352999999999985
6 0.368491 0.7152940000000001 0.09443999999999991 0.195294
6 0.467343 0.5447055 0.12974399999999997 0.247059
6 0.627979 0.41764699999999993 0.052073999999999954 0.18823599999999985
6 0.7378640000000001 0.46117600000000003 0.10944399999999999 0.15999999999999992
6 0.8248015 0.8182355000000001 0.03089099999999989 0.05764700000000008
6 0.8477490000000001 0.964706 0.052073999999999954 0.06823600000000003
6 0.9466019999999999 0.844706 0.07502199999999992 0.13176400000000013
