0 0.0 0.2675 0.199375 0.36715169270833337
0 0.144375 0.876667 0.24798400878906252 0.9830255065104166
0 0.220625 0.23249999999999996 0.2791595458984375 0.315530265625
0 0.31562500000000004 0.8300000000000001 0.3865667724609375 0.9397522708333333
0 0.33 0.14833349999999998 0.397802734375 0.257306857421875
0 0.4525 0.7679170000000001 0.52580810546875 0.8556671080729167
0 0.45125000000000004 0.19458299999999998 0.5076843261718751 0.26057963671875
0 0.569375 0.1625 0.6250689697265625 0.23645541145833338
0 0.60375 0.75625 0.683160400390625 0.8456822994791667
0 0.6675 0.14041700000000001 0.71934814453125 0.20898416536458334
0 0.6896875 0.66625 0.7530764770507813 0.7541324869791667
0 0.7790625 0.08874999999999998 0.8273641967773437 0.17488444010416662
0 0.8090625 0.6958335 0.8717098999023438 0.776593966796875
0 0.8465625 0.16 0.9104232788085938 0.23979166666666665
0 0.8696875 0.6137499999999999 0.9285256958007811 0.6833678463541667
0 0.95 0.5554165 0.998447265625 0.6267768014322916
0 0.9784375000000001 0.44625000000000004 0.9984194946289062 0.5102519453125
