4 0.0 0.383594 0.12031199999999999 0.437125396484375
4 0.0585935 0.5734375 0.10619277978515625 0.6275650024414063
4 0.17656300000000003 0.24843749999999998 0.23576557519531252 0.3028823852539062
4 0.2109375 0.3265625 0.2638560063476562 0.37155609130859374
4 0.172656 0.515625 0.182643390625 0.5369964599609375
4 0.2351565 0.29140599999999994 0.26070835498046874 0.32627742382812497
4 0.2578125 0.7718755 0.29662322998046875 0.8101842153320313
4 0.33515649999999997 0.124219 0.39654769873046875 0.18112869238281248
4 0.350781 0.39375000000000004 0.4043444404296875 0.457427478515625
4 0.5523440000000001 0.6468745 0.6182106015625001 0.7228052866210938
4 0.563281 0.25625000000000003 0.6291369208984375 0.313812755859375
4 0.5578124999999999 0.9117185000000001 0.6166432612304688 0.9694216499023438
4 0.6804684999999999 0.302344 0.7227724799804688 0.3434547421875
4 0.774219 0.17343699999999998 0.8351819267578124 0.22639262792968748
4 0.7625 0.746094 0.7930053710937499 0.774271392578125
4 0.7835939999999999 0.342969 0.835172771484375 0.40279006933593753
4 0.809375 0.26875 0.8351475947265624 0.296612548828125
4 0.8617185 0.74375 0.9335334780273437 0.791461681640625
4 0.8109375 0.265625 0.8273330688476562 0.2841156005859375
