0 0.0396875 0.6721385 0.05433624267578125 0.6969519026354319
0 0.169375 0.5318949999999999 0.1729595947265625 0.5386212371888726
0 0.17125 0.5492495 0.17420776367187502 0.558294827964861
0 0.1821875 0.5595684999999999 0.18732208251953125 0.5657847196193264
0 0.188125 0.5487805000000001 0.1923162841796875 0.5536055146412885
0 0.32 0.5886490000000001 0.32656250000000003 0.602327142020498
0 0.5084375 0.8438085000000001 0.5157534790039062 0.8561755556368961
0 0.5171874999999999 0.8986869999999998 0.5319949340820312 0.9386472064421668
0 0.525 0.8456850000000001 0.5307373046875 0.8561728081991216
0 0.55 0.9151035 0.569462890625 0.9423751705710102
0 0.5409375 0.8803939999999999 0.5488467407226562 0.894582989751098
0 0.5528124999999999 0.784709 0.5682101440429688 0.8056050849194728
0 0.5646875 0.8278609999999998 0.5769485473632813 0.8505699048316251
0 0.5678125 0.860225 0.5756954956054688 0.8711605197657395
0 0.595 0.863039 0.6119189453125 0.8946083997071742
