16 0.0384375 0.1833335 0.076875 0.241667
16 0.0421875 0.6025 0.084375 0.36333400000000005
16 0.22968750000000002 0.5137499999999999 0.424375 0.44083399999999995
16 0.164375 0.26 0.21999999999999997 0.173334
16 0.15281250000000002 0.11375000000000002 0.178125 0.18083400000000002
16 0.4240625 0.24749999999999997 0.299375 0.273334
16 0.5446875 0.8150000000000001 0.409375 0.3683340000000001
16 0.5203125 0.09958300000000002 0.20562500000000006 0.1775
16 0.55125 0.5183335 0.24624999999999997 0.22166700000000006
16 0.7390625 0.299583 0.28437499999999993 0.2875
