11 0.289063 0.6398440000000001 0.3669057119140625 0.69781315234375
11 0.2875 0.754688 0.36221923828124997 0.841451
11 0.39609400000000006 0.8125 0.48555118945312503 0.9007695429687499
11 0.38984399999999997 0.2492185 0.47149429296875 0.33256862255859376
11 0.496875 0.117969 0.5776397705078125 0.20457279589843752
11 0.5125 0.7101565000000001 0.5901245117187499 0.7789944877929688
11 0.542969 0.2625 0.6307197568359375 0.32786865234375
11 0.5226565 0.192969 0.5854275932617187 0.2091865537109375
11 0.5257809999999999 0.6101559999999999 0.5791735419921874 0.67127914453125
11 0.6179684999999999 0.8429685 0.7072085151367188 0.9413637885742189
11 0.7867185 0.7351559999999999 0.8648567202148437 0.81334407421875
