6 0.0 0.5455555 0.10125 0.36666699999999997
6 0.18406250000000002 0.6333335000000001 0.071875 0.4688890000000001
6 0.291875 0.5072220000000001 0.0925 0.7677780000000001
6 0.34343749999999995 0.38166649999999996 0.008124999999999993 0.018889000000000006
6 0.37031250000000004 0.356667 0.008124999999999993 0.017777999999999947
6 0.380625 0.3666665 0.010000000000000009 0.015554999999999986
6 0.43718749999999995 0.43611099999999997 0.116875 0.6033339999999998
6 0.528125 0.5900000000000001 0.05500000000000005 0.24666600000000008
6 0.536875 0.37222200000000005 0.012499999999999956 0.02222199999999994
6 0.563125 0.41888899999999996 0.011249999999999982 0.015556000000000077
6 0.56875 0.5944445 0.007500000000000062 0.015554999999999986
6 0.5753125 0.4077775 0.008124999999999938 0.011111000000000044
6 0.5771875 0.601111 0.009375000000000022 0.015555999999999928
6 0.5765625 0.643333 0.005624999999999991 0.017778000000000047
6 0.5803125 0.6311110000000001 0.008124999999999938 0.015556000000000026
6 0.619375 0.6494445 0.04249999999999998 0.2877769999999999
6 0.805625 0.6522220000000001 0.20375 0.644444
6 0.938125 0.542778 0.12250000000000005 0.65
6 0.9775 0.172778 0.01749999999999996 0.034443999999999995
6 0.9821875 0.213889 0.016874999999999973 0.034443999999999995
6 0.9921875 0.165 0.014375000000000027 0.03222199999999997
6 0.994375 0.233889 0.010000000000000009 0.03666600000000001
6 0.9962500000000001 0.191111 0.006249999999999978 0.019999999999999993
