4 0.0 0.38938049999999996 0.134375 0.4985764377593361
4 0.0996875 0.161947 0.15365264892578126 0.2449090069156293
4 0.2703125 0.8986725 0.3841110229492188 0.9978720228215768
4 0.32 0.7738935 0.4428125 0.9334426078838174
4 0.34843749999999996 0.5 0.44028472900390625 0.6400164370677731
4 0.4296875 0.0 0.48645538330078125 0.149558
4 0.5800000000000001 0.382301 0.68568359375 0.4968162295988935
4 0.5628125 0.0 0.6282003784179688 0.125664
4 0.7378125 0.8283185000000001 0.8549044799804687 0.9979693312586445
4 0.94875 0.279646 0.998448486328125 0.38987821438450904
