16 0.1475 0.6599435 0.295 0.35365899999999983
16 0.0990625 0.21998099999999998 0.19437500000000002 0.43996199999999996
16 0.28531249999999997 0.8705440000000001 0.43437499999999996 0.257036
16 0.2234375 0.41181999999999996 0.23312500000000003 0.3996239999999999
16 0.2846875 0.14540350000000002 0.191875 0.29080700000000004
16 0.3740625 0.5905255 0.229375 0.423077
16 0.43281250000000004 0.329737 0.195625 0.329268
16 0.5 0.1491555 0.24625000000000002 0.298311
16 0.5534375 0.522045 0.226875 0.39868600000000004
16 0.489375 0.8048784999999999 0.05499999999999999 0.20637899999999992
16 0.6125 0.797842 0.20750000000000002 0.3461540000000001
16 0.7 0.49296449999999997 0.2587499999999999 0.35553500000000005
16 0.69875 0.18292700000000003 0.25375000000000003 0.32270200000000004
16 0.7396875 0.9071295000000001 0.26937500000000003 0.18386499999999997
16 0.829375 0.7106005000000001 0.29500000000000004 0.3367730000000001
16 0.8746875000000001 0.22138850000000002 0.249375 0.36585300000000004
16 0.8790625000000001 0.48639750000000004 0.24062499999999998 0.353659
