16 0.1584375 0.11312849999999999 0.081875 0.10707700000000002
16 0.1515625 0.5339849999999999 0.02687500000000001 0.043761999999999954
16 0.1621875 0.5721600000000001 0.018125000000000002 0.05120999999999998
16 0.1965625 0.370112 0.05437500000000001 0.1052139999999999
16 0.3190625 0.7081005 0.019374999999999976 0.04003699999999994
16 0.33968750000000003 0.45763499999999996 0.02437499999999998 0.036311999999999935
16 0.385 0.297952 0.053749999999999964 0.07635000000000004
16 0.38625 0.394786 0.048750000000000016 0.07448800000000001
16 0.3959375 0.3663875 0.026874999999999982 0.043760999999999994
16 0.4496875 0.3649905 0.03187499999999999 0.06890099999999993
16 0.4915625 0.804004 0.02562500000000001 0.04562400000000006
16 0.50875 0.2611735 0.05499999999999999 0.05865900000000004
16 0.5075000000000001 0.3766295 0.03500000000000003 0.05307299999999996
16 0.5296875000000001 0.40223500000000006 0.03312499999999996 0.05586599999999996
16 0.5578125 0.36405950000000004 0.02312499999999995 0.024208999999999967
16 0.5634375 0.40363099999999996 0.02562500000000001 0.04562399999999998
16 0.5862499999999999 0.25838000000000005 0.015000000000000013 0.03445000000000003
16 0.6015625 0.35567950000000004 0.030624999999999902 0.050279000000000004
16 0.635 0.3384545 0.03125 0.053073000000000044
16 0.661875 0.3421785 0.01750000000000007 0.041899000000000054
16 0.6825 0.34962750000000004 0.012499999999999956 0.038175
16 0.6915625000000001 0.3244875 0.020625000000000004 0.03631300000000001
16 0.7021875 0.25325900000000007 0.014375000000000027 0.020484
16 0.708125 0.32029749999999996 0.012499999999999956 0.02793299999999998
16 0.7106250000000001 0.28677849999999994 0.01749999999999996 0.026070999999999993
16 0.715625 0.26676000000000005 0.020000000000000018 0.025140000000000023
16 0.7353125 0.282123 0.021874999999999978 0.03165799999999999
16 0.765625 0.2648975 0.020000000000000018 0.025139000000000022
16 0.7990625 0.19599650000000002 0.015625 0.040037000000000024
16 0.8040624999999999 0.2476725 0.010624999999999996 0.03165700000000003
16 0.8162499999999999 0.221136 0.01375000000000004 0.03631200000000002
16 0.8315625 0.7313780000000001 0.024375000000000036 0.05307200000000017
16 0.8484375 0.5926445 0.024374999999999925 0.03445100000000003
16 0.8615625 0.6187149999999999 0.018124999999999947 0.03444999999999999
16 0.893125 0.347765 0.01375000000000004 0.02700200000000001
