17 0.2746875 0.25698299999999996 0.06562499999999999 0.15269999999999997
17 0.33625 0.48696449999999997 0.14749999999999996 0.15828699999999996
17 0.3559375 0.6573555 0.179375 0.2327750000000001
17 0.41718750000000004 0.11266300000000001 0.128125 0.158286
17 0.494375 0.5581935 0.10749999999999998 0.18715099999999996
17 0.5778125000000001 0.7588455000000001 0.17812499999999998 0.2588450000000001
17 0.655 0.31797050000000004 0.20625000000000004 0.19087500000000004
17 0.6890625 0.584264 0.16437499999999994 0.25419
17 0.6828125 0.09823100000000001 0.07437499999999997 0.10707600000000002
17 0.7806249999999999 0.540968 0.14 0.2439480000000001
17 0.8025 0.32541899999999996 0.10125000000000006 0.20204800000000003
