7 0.0433335 0.2993855 0.062667 0.08070699999999999
7 0.092 0.61299 0.073334 0.07917000000000005
7 0.2996665 0.551499 0.08333299999999999 0.062259999999999996
7 0.308 0.082629 0.07599999999999996 0.07917
7 0.3776665 0.0318985 0.08466699999999999 0.063797
7 0.418 0.08416599999999999 0.058665999999999996 0.08993000000000001
7 0.742 0.189854 0.065334 0.043044
7 0.760667 0.8235969999999999 0.08799999999999997 0.105304
7 0.8500000000000001 0.8512685 0.09066600000000002 0.11145300000000018
7 0.8746665 0.1306685 0.053332999999999964 0.06917699999999999
7 0.9113335 0.799001 0.04933300000000007 0.09607999999999985
