16 0.17238549999999997 0.1936275 0.07026099999999999 0.08006499999999997

16 0.18382349999999997 0.3553925 0.08660099999999996 0.08333299999999999

16 0.22467350000000003 0.21813749999999998 0.09640499999999999 0.093137

16 0.30392149999999996 0.261438 0.10784299999999997 0.08823600000000001

16 0.6593135 0.6609475 0.07352899999999996 0.07352899999999996

16 0.6699345 0.8300655 0.08496700000000001 0.08823500000000006

16 0.7042485 0.6821895 0.08823499999999995 0.08660099999999993

16 0.7818625 0.7295755 0.1127450000000001 0.10294099999999995

