16 0.2609375 0.741138 0.219375 0.2751859999999999
16 0.2615625 0.272388 0.17687499999999998 0.25932800000000006
16 0.4928125 0.4393655 0.639375 0.847015
16 0.3315625 0.5027985 0.24937499999999999 0.31156700000000004
16 0.4390625 0.7159515 0.195625 0.362873
16 0.4071875 0.23600749999999998 0.12437500000000001 0.23320900000000003
16 0.45875 0.5508395 0.20500000000000002 0.2621269999999999
16 0.48468750000000005 0.3544775 0.133125 0.22947699999999996
16 0.5146875 0.174907 0.14937499999999998 0.20802199999999998
16 0.6121875 0.43330250000000003 0.21687499999999993 0.32929099999999994
16 0.574375 0.325093 0.08499999999999996 0.178172
16 0.651875 0.6949625 0.19625000000000004 0.2910450000000001
16 0.7481249999999999 0.5555035 0.10875000000000001 0.24906699999999998
16 0.7440625000000001 0.7476679999999999 0.055624999999999925 0.12033599999999993
