6 0.0 0.49000000000000005 0.0525 0.09166599999999996
6 0.1571875 0.4641665 0.05437500000000001 0.11166700000000003
6 0.296875 0.6904170000000001 0.036250000000000004 0.07249999999999994
6 0.3465625 0.5475 0.106875 0.13833399999999996
6 0.358125 0.7258330000000001 0.044999999999999984 0.08500000000000012
6 0.4115625 0.6833334999999999 0.046875 0.05166700000000005
6 0.415 0.22041650000000002 0.04749999999999999 0.08916700000000004
6 0.4090625 0.06208350000000001 0.030625000000000013 0.07583300000000003
6 0.47875 0.08749999999999998 0.05125000000000002 0.05166599999999999
6 0.6621874999999999 0.32874999999999993 0.083125 0.08249999999999998
6 0.7415625 0.22624999999999998 0.055625000000000036 0.0675
6 0.81 0.187917 0.03749999999999998 0.07250000000000001
6 0.88375 0.43624999999999997 0.07374999999999998 0.0774999999999999
6 0.8775 0.136667 0.039999999999999925 0.05000000000000001
6 0.8878125 0.34 0.026874999999999982 0.06333400000000007
6 0.948125 0.12625 0.040000000000000036 0.07750000000000001
6 0.975625 0.37250000000000005 0.04749999999999999 0.10166600000000003
