0 0.47281249999999997 0.3175425 0.5901632690429687 0.5708300768667642
0 0.4065625 0.3733585 0.44272796630859373 0.4788153550512445
0 0.5765625 0.5712945 0.7094369506835937 0.7955985512445095
0 0.49312500000000004 0.6810504999999999 0.5388934326171876 0.74947185431918
0 0.5603125 0.7701684999999999 0.6525778198242187 0.8722303740849195
0 0.66625 0.098968 0.791224365234375 0.18184409809663252
0 0.6828125 0.2692305 0.7937081909179688 0.4480108118594436
0 0.7778125 0.761726 0.9154904174804688 0.8891287349926794
0 0.8059375 0.45121950000000005 0.9229629516601562 0.6419283565153735
0 0.8425 0.0 0.94105224609375 0.307692
0 0.9121874999999999 0.5464355 0.9984841918945313 0.7112079480234261
0 0.888125 0.271107 0.9372576904296875 0.3204290644216691
0 0.9584375 0.1622885 0.9984390258789063 0.24366438872620794
