17 0.16484349999999998 0.17109400000000002 0.2639010200195312 0.25920791601562504
17 0.258594 0.14375 0.354435466796875 0.234234619140625
17 0.29062499999999997 0.46328099999999994 0.4044031865234375 0.5839225771484374
17 0.3359375 0.0500005 0.4356089360351562 0.07651417138671876
17 0.41718750000000004 0.0703125 0.5339675903320313 0.09993133544921876
17 0.407031 0.4500005 0.49803950878906245 0.5542485463867187
17 0.44609350000000003 0.120313 0.5651893618164063 0.1420705068359375
17 0.448437 0.848438 0.5636240732421874 0.997609447265625
17 0.4984375 0.1796875 0.6245132446289062 0.23888752392578125
17 0.48437550000000007 0.42343699999999995 0.5604649770507812 0.5355234873046875
17 0.684375 0.6312505 0.8680816650390625 0.6853215444335938
17 0.6085935 0.37812500000000004 0.6947176704101563 0.4777557373046875
17 0.650781 0.8374999999999999 0.7493644716796874 0.99762012890625
17 0.7125 0.3625005 0.8102421992187501 0.46370899560546874
17 0.8375005 0.842969 0.9319951284179686 0.9976147880859374
17 0.9570315 0.8000004999999999 0.9975033989257812 0.9632817495117186
