0 0.3492185 0.138281 0.5703130000000001 0.25156199999999995
0 0.289844 0.455469 0.226562 0.24218800000000007
0 0.4007815 0.4375 0.192187 0.209376
0 0.446875 0.846875 0.22812600000000005 0.3031259999999999
0 0.48437550000000007 0.4203125 0.153125 0.221875
0 0.6867185 0.639062 0.364063 0.11250000000000004
0 0.609375 0.36953099999999994 0.17500000000000004 0.21093800000000001
0 0.651562 0.8359375 0.20625000000000004 0.325001
0 0.713281 0.36250000000000004 0.21406200000000009 0.20625
0 0.8429685 0.84375 0.1921870000000001 0.309376
0 0.95625 0.8015625 0.0843759999999999 0.328125
