4 0.1353125 0.781667 0.18674285888671877 0.8906492044270834
4 0.1325 0.5775 0.17237060546875 0.6825810468749999
4 0.20375000000000001 0.6775000000000001 0.274801025390625 0.7982848385416667
4 0.2521875 0.42750000000000005 0.3453787231445313 0.555276359375
4 0.2515625 0.8970834999999999 0.33162933349609375 0.9954989225260417
4 0.3484375 0.85 0.4359097290039063 0.9322262291666665
4 0.41218750000000004 0.23749999999999996 0.5027224731445313 0.3196907552083333
4 0.5978125 0.8204165 0.7031661987304687 0.9597647493489584
4 0.53625 0.2558335 0.570101318359375 0.33883388346354165
4 0.6415625 0.6491665000000001 0.7624984741210938 0.8116547311197917
4 0.653125 0.20833300000000002 0.7543621826171875 0.3405617330729167
4 0.7446875 0.44333350000000005 0.8317727661132812 0.5610897428385417
4 0.8356250000000001 0.3208335 0.9654339599609375 0.49374924804687503
4 0.7831250000000001 0.645833 0.8179852294921874 0.7449920716145831
