14 0.2475 0.814167 0.3175 0.8816669999999999
14 0.298125 0.35416700000000007 0.36125 0.471667
14 0.375625 0.504167 0.421875 0.623333
14 0.389375 0.28 0.455625 0.423333
14 0.44 0.536667 0.488125 0.591667
14 0.44375 0.4475 0.535625 0.58
14 0.459375 0.7883330000000001 0.52 0.8850000000000001
14 0.531875 0.466667 0.571875 0.53
14 0.5575 0.340833 0.59125 0.4075
14 0.565625 0.710833 0.611875 0.7783329999999999
14 0.620625 0.273333 0.7075 0.36833299999999997
14 0.63 0.409167 0.691875 0.48500000000000004
14 0.650625 0.575 0.705 0.654167
14 0.74125 0.476667 0.79 0.549167
14 0.886875 0.699167 0.94625 0.770833
14 0.8975 0.034167 0.94875 0.089167
14 0.918125 0.635 0.935 0.6625
