17 0.011666500000000002 0.34875 0.023333000000000003 0.03749999999999998
17 0.012500000000000002 0.2490625 0.025000000000000005 0.04562499999999997
17 0.0195835 0.1928125 0.039167 0.03937499999999999
17 0.034583499999999996 0.33375 0.040833 0.03749999999999998
17 0.05499999999999999 0.31562500000000004 0.04499999999999999 0.028749999999999998
17 0.0583335 0.2425 0.043333 0.018750000000000017
17 0.0654165 0.180625 0.034167 0.036250000000000004
17 0.0983335 0.2096875 0.06333300000000001 0.021874999999999978
17 0.10375000000000001 0.1821875 0.03416600000000001 0.02562500000000001
17 0.12000000000000001 0.2415625 0.04333400000000002 0.030625000000000013
17 0.1633335 0.22749999999999998 0.043332999999999955 0.037500000000000006
17 0.2004165 0.161875 0.059167000000000046 0.05000000000000002
17 0.215417 0.12937500000000002 0.05249999999999999 0.04250000000000001
17 0.31 0.125 0.15500000000000003 0.14
17 0.303333 0.3234375 0.055000000000000014 0.05812499999999998
17 0.31124999999999997 0.371875 0.05750000000000003 0.04625000000000001
17 0.34666700000000006 0.3909375 0.050000000000000044 0.04312499999999997
17 0.36708350000000006 0.3421875 0.05916699999999997 0.05437500000000001
17 0.4579165 0.3465625 0.05916699999999997 0.03562500000000002
17 0.4591665 0.30625 0.06166699999999999 0.05499999999999999
17 0.48666649999999995 0.26875 0.05666700000000002 0.05124999999999999
17 0.5241669999999999 0.3346875 0.05999999999999991 0.05312500000000003
17 0.5354165000000001 0.2890625 0.05416699999999993 0.04437500000000005
17 0.5933335000000001 0.26875 0.06166700000000006 0.06500000000000003
17 0.6633335 0.2471875 0.08166699999999993 0.06687500000000002
17 0.7120835 0.18562499999999998 0.09083299999999994 0.07125000000000001
17 0.7579165 0.2875 0.03416700000000006 0.027500000000000024
17 0.8054169999999999 0.2865625 0.05250000000000007 0.03937500000000005
17 0.9508335 0.19437500000000002 0.09666700000000006 0.0875
17 0.9824999999999999 0.173125 0.03333400000000012 0.07874999999999999
