7 0.2908065 0.438125 0.18949300000000008 0.10249999999999998
7 0.30253250000000004 0.2521875 0.16604100000000008 0.11937500000000001
7 0.39352700000000007 0.65375 0.13414600000000002 0.11625000000000008
7 0.43339600000000006 0.5340625 0.20262600000000003 0.14312499999999995
7 0.45637900000000003 0.805625 0.1923079999999999 0.13
7 0.5281425000000001 0.3665625 0.21200699999999995 0.153125
7 0.52955 0.660625 0.21482199999999993 0.11250000000000004
7 0.844747 0.451875 0.19981200000000013 0.12625000000000003
7 0.8330205 0.565625 0.1407130000000002 0.08750000000000002
7 0.8180115 0.25312500000000004 0.09943700000000004 0.08000000000000002
7 0.9090055 0.7065625 0.18011300000000025 0.11937500000000001
7 0.9151034999999998 0.3665625 0.07973700000000002 0.04062500000000002
7 0.9652910000000002 0.204375 0.06754199999999994 0.07124999999999998
