17 0.079121 0.7070310000000001 0.13472173339843752 0.81743838671875
17 0.09194150000000001 0.22558599999999998 0.14643021337890627 0.3229482682291667
17 0.2556775 0.698242 0.3074423149414063 0.8018248307291667
17 0.256044 0.228027 0.30377895703125 0.32294508984375003
17 0.39890099999999995 0.2158205 0.4464964482421874 0.31221898372395834
17 0.41282050000000003 0.661621 0.4604028549804688 0.7862475143229167
17 0.5421244999999999 0.6689455 0.5914115815429687 0.7784259772135417
17 0.5505495 0.2231445 0.5943343540039063 0.311232447265625
17 0.674359 0.648926 0.7231514462890626 0.7628270442708334
17 0.689011 0.2045895 0.7370561376953124 0.30735060742187503
17 0.811722 0.6489255 0.854885302734375 0.7393890449218751
17 0.842857 0.199707 0.8966128974609375 0.29759196484375
