7 0.7525 0.294167 0.82489013671875 0.3087839700520834
7 0.7275 0.35874999999999996 0.7680395507812501 0.37036587760416667
7 0.81125 0.562083 0.845457763671875 0.6676011210937499
7 0.8521875 0.5329164999999999 0.9010427856445312 0.6501390983072917
7 0.8287500000000001 0.293333 0.836065673828125 0.30295105598958333
7 0.8590625 0.30541650000000004 0.8710360717773437 0.312102322265625
7 0.9146875 0.42958349999999995 0.9722317504882813 0.463607646484375
7 0.935 0.4716665 0.9984619140625001 0.5018858509114582
7 0.9412499999999999 0.30875 0.995330810546875 0.3220979817708333
7 0.951875 0.5266665 0.9984454345703125 0.5693142363281251
7 0.94875 0.38375000000000004 0.982198486328125 0.3945003255208333
7 0.9584375 0.58375 0.9984390258789063 0.6517399088541667
