4 0.0 0.4033335 0.155 0.519474826171875
4 0.130625 0.7575 0.1948724365234375 0.8540136718749999
4 0.11875 0.580833 0.162384033203125 0.62757670703125
4 0.171875 0.9091665 0.2623321533203125 0.997149189453125
4 0.21687499999999998 0.358333 0.2835382080078125 0.44786642057291665
4 0.22875 0.1616665 0.30352661132812503 0.27312249674479167
4 0.264375 0.7025 0.36599182128906255 0.8290852864583332
4 0.253125 0.5241665 0.3360028076171875 0.6143174915364583
4 0.365625 0.3391665 0.47464294433593746 0.47955837695312503
4 0.35062499999999996 0.0 0.41590759277343753 0.048332999999999994
4 0.44375 0.725 0.527066650390625 0.8290559895833333
4 0.46187500000000004 0.915 0.5545489501953126 0.99714159375
4 0.5925 0.765 0.66317138671875 0.87400390625
4 0.6575 0.419167 0.76810791015625 0.5511212096354167
4 0.59375 0.9325 0.634420166015625 0.9971188072916667
4 0.698125 0.9016665 0.7830682373046874 0.9971589550781249
4 0.680625 0.793333 0.7255853271484375 0.8773000143229167
4 0.740625 0.11416700000000002 0.8242767333984374 0.21651834505208334
4 0.7831250000000001 0.7033335 0.8779852294921875 0.834084201171875
4 0.8218749999999999 0.915833 0.8554473876953125 0.9971405091145833
4 0.893125 0.4058335 0.9953778076171874 0.5411385709635417
