13 0.234375 0.410807 0.2819981181640625 0.4877460950520834
13 0.2680665 0.548828 0.33762921630859377 0.6373063802083333
13 0.2807615 0.2552085 0.32003781884765625 0.329094697265625
13 0.3100585 0.41210949999999996 0.34540020849609376 0.5111823990885417
13 0.3310545 0.23372400000000002 0.3727237045898437 0.32261267187500003
13 0.37304699999999996 0.6653645 0.44397169628906247 0.7530396399739584
13 0.412598 0.534505 0.48690207226562504 0.6243040299479167
13 0.42089849999999995 0.1549475 0.5015419663085937 0.27063124544270833
13 0.43017550000000004 0.35286449999999997 0.5103219067382813 0.43964454101562495
13 0.519531 0.6347655 0.5922656455078125 0.7335484824218751
13 0.542969 0.2128905 0.6137277568359375 0.31352479882812506
13 0.5512695 0.3964845000000001 0.6234846508789063 0.4851607441406251
13 0.6342775 0.5234375 0.7103185883789062 0.6112974407552084
13 0.6293945000000001 0.254557 0.6761433569335937 0.34862654557291667
13 0.676758 0.39973949999999997 0.736644103515625 0.476041505859375
