16 0.25687499999999996 0.23933049999999997 0.10249999999999998 0.18912099999999998
16 0.2965625 0.72887 0.07687500000000003 0.12050200000000001
16 0.5609375000000001 0.979498 0.03187499999999999 0.03932999999999999
16 0.5900000000000001 0.7895395000000002 0.03874999999999995 0.08284500000000006
16 0.61625 0.5075315 0.04999999999999993 0.10125500000000003
16 0.6828125 0.0 0.06437499999999996 0.164017
16 0.6865625 0.9673640000000001 0.028125000000000067 0.050209999999999894
16 0.72375 0.8158995 0.028750000000000053 0.05690300000000016
16 0.7596875000000001 0.6142259999999999 0.030625000000000013 0.06359799999999992
16 0.8040625 0.8280335 0.024375000000000036 0.03933099999999999
16 0.8221875 0.35271949999999996 0.03687499999999999 0.09456100000000005
16 0.8440624999999999 0.6782425000000001 0.026875000000000093 0.04937299999999995
16 0.8987499999999999 0.49204999999999993 0.028749999999999942 0.05690400000000009
16 0.8975 0.7125524999999999 0.012500000000000067 0.02928899999999995
16 0.9109375 0.0 0.026874999999999982 0.040167
16 0.9437500000000001 0.5677825 0.01749999999999996 0.03933099999999999
16 0.9721875 0.24644349999999998 0.02562500000000001 0.07615100000000004
16 0.9928125 0.387866 0.013125000000000053 0.04100400000000002
