4 0.157 0.501 0.1908466796875 0.5425107421875001
4 0.183 0.3775 0.2408212890625 0.41263134765625
4 0.1865 0.6585 0.23381787109375002 0.69235693359375
4 0.229 0.49150000000000005 0.27177636718750003 0.5365200195312501
4 0.229 0.7805 0.2597763671875 0.82123779296875
4 0.28500000000000003 0.579 0.3307216796875 0.6094345703125
4 0.30300000000000005 0.7110000000000001 0.3347041015625 0.7623056640625
4 0.36150000000000004 0.48650000000000004 0.40364697265625005 0.52852490234375
4 0.352 0.357 0.38265625000000003 0.3946513671875
4 0.36250000000000004 0.61 0.39864599609375 0.647404296875
4 0.38 0.8514999999999999 0.40562890625000003 0.86816845703125
4 0.444 0.6739999999999999 0.50256640625 0.706341796875
4 0.4615 0.32599999999999996 0.50954931640625 0.36068164062499997
4 0.47250000000000003 0.79 0.51653857421875 0.842228515625
4 0.482 0.716 0.523529296875 0.72930078125
4 0.481 0.522 0.5125302734375 0.5684902343749999
4 0.548 0.5635 0.59246484375 0.59444970703125
4 0.6299999999999999 0.49150000000000005 0.689384765625 0.5355200195312501
4 0.619 0.358 0.6603955078125 0.410650390625
4 0.636 0.215 0.6823789062500001 0.2507900390625
4 0.661 0.5755 0.7123544921875 0.60943798828125
4 0.7065 0.636 0.75031005859375 0.6753789062500001
4 0.7265 0.229 0.77429052734375 0.2637763671875
4 0.72 0.6839999999999999 0.751296875 0.72233203125
4 0.7665 0.7115 0.8002514648437501 0.75530517578125
4 0.7745 0.605 0.8092436523437501 0.6424091796875
4 0.7885 0.5375 0.82922998046875 0.5754750976562499
