1 0.0 0.39468749999999997 0.0394 0.049375
1 0.106473 0.4725 0.08724199999999999 0.16249999999999998
1 0.39352699999999996 0.4503125 0.16979399999999992 0.16312499999999996
1 0.554878 0.4715625 0.177298 0.23062500000000002
1 0.5173544999999999 0.410625 0.025328999999999935 0.05125000000000002
1 0.5689495 0.6993750000000001 0.04033699999999989 0.06999999999999995
1 0.5919325000000001 0.7065625 0.03564700000000009 0.08187500000000003
1 0.7091935 0.5862499999999999 0.16697900000000004 0.13124999999999998
1 0.8503749999999999 0.506875 0.08724199999999996 0.21625
1 0.9197935000000002 0.5159374999999999 0.1585370000000001 0.17937499999999995
