6 0.0 0.43913450000000004 0.056875 0.4772895007042253
6 0.09406250000000001 0.47385 0.13115814208984375 0.5232276056338028
6 0.091875 0.9364290000000001 0.1205352783203125 0.9608090859154931
6 0.215625 0.7367 0.31666442871093753 0.8114063943661971
6 0.315 0.505861 0.5140673828125 0.6142555197183099
6 0.2059375 0.9540124999999998 0.27792388916015626 0.9977543204225352
6 0.22249999999999998 0.0 0.25353271484374995 0.060414999999999996
6 0.2259375 0.321461 0.23665435791015627 0.33678823802816904
6 0.2396875 0.30523 0.24976593017578125 0.31877709859154935
6 0.2621875 0.324166 0.27161895751953125 0.3385874281690141
6 0.2621875 0.8255184999999999 0.27161895751953125 0.8410372978873238
6 0.2671875 0.796664 0.27411407470703125 0.8077149380281691
6 0.2721875 0.776375 0.2803591918945313 0.7888075140845071
6 0.30843750000000003 0.0671775 0.3521987915039062 0.1189313838028169
6 0.32 0.1839495 0.3509375 0.23508791619718306
6 0.42125 0.246619 0.545838623046875 0.3405006492957746
6 0.3784375 0.9824165 0.4115054321289062 0.9977143147887323
6 0.5065625 0.6194769999999999 0.5495053100585938 0.6880364971830986
6 0.6 0.461226 0.6250390625 0.5016043859154928
6 0.6128125 0.7475205 0.6481515502929688 0.8240151542253521
6 0.6096874999999999 0.16907149999999999 0.6194046020507813 0.18280987112676056
6 0.61625 0.19792600000000002 0.624398193359375 0.21613223098591552
6 0.6834375 0.061766999999999996 0.6899575805664063 0.0738530042253521
6 0.7350000000000001 0.0 0.7836572265625 0.12443599999999999
6 0.8171875 0.2687105 0.8710769653320312 0.3368625345070423
6 0.91875 0.0 0.993477783203125 0.141569
6 0.93875 0.3025245 0.998458251953125 0.39452390915492963
6 0.9559375 0.5103695 0.9984414672851563 0.5547361697183099
6 0.96875 0.7538320000000001 0.998428955078125 0.7906422647887323
6 0.9878125 0.9224525 0.9959103393554687 0.9310717711267605
6 0.9884375 0.9824169999999999 0.9959097290039062 0.9905013140845069
6 0.9871875 0.946348 0.9921609497070313 0.9535811154929578
