18 0.0 0.0 0.103125 0.155556
18 0.0 0.5588890000000001 0.1675 0.9988889999999999
18 0.138125 0.588889 0.403125 0.9988889999999999
18 0.205625 0.0 0.42125 0.292222
18 0.28625 0.30888899999999997 0.54375 0.5911109999999999
18 0.303125 0.053333000000000005 0.35 0.118889
18 0.404375 0.572222 0.655625 0.9988889999999999
18 0.448125 0.0 0.660625 0.22222199999999998
18 0.6475 0.5388890000000001 0.909375 0.9988889999999999
18 0.671875 0.0 0.908125 0.087778
18 0.88 0.547778 0.999375 0.9988889999999999
18 0.909375 0.0 0.945 0.025556
18 0.926875 0.0 0.979375 0.057777999999999996
18 0.9525 0.025556 0.9975 0.092222
18 0.980625 0.0 0.99875 0.05555599999999999
