6 0.39999999999999997 0.3925 0.605859375 0.7478219322916666
6 0.6643749999999999 0.413333 0.8243511962890625 0.7677948059895834
6 0.77875 0.7599999999999999 0.792989501953125 0.7773434166666666
6 0.7887500000000001 0.7025 0.805479736328125 0.7257522864583333
6 0.8062499999999999 0.73 0.822962646484375 0.7540494791666666
6 0.934375 0.715 0.9540875244140624 0.7340690104166666
6 0.93625 0.983333 0.954085693359375 0.9970526184895833
6 0.94 0.91 0.9590820312499999 0.9254821041666667
6 0.9537500000000001 0.8850000000000001 0.971568603515625 0.9055146562499999
6 0.985625 0.536667 0.9977874755859375 0.56096821484375
6 0.985625 0.6275 0.9977874755859375 0.6541829427083333
6 0.9918750000000001 0.5791664999999999 0.9977813720703125 0.594245876953125
