6 0.0 0.8308334999999999 0.038125 0.8980851855468749
6 0.04875 0.744583 0.083702392578125 0.7823634908854166
6 0.2490625 0.42625 0.29788177490234374 0.46944498697916665
6 0.3315625 0.50375 0.3621762084960937 0.5468440755208334
6 0.39749999999999996 0.5845834999999999 0.43211181640625 0.6367388235677083
6 0.4821875 0.6379165 0.5289041137695313 0.7066693795572917
6 0.5803125 0.73625 0.6344332885742188 0.8290413411458332
6 0.7578125 0.885417 0.8761349487304687 0.9980141132812501
6 0.9071875 0.7808335 0.9391140747070312 0.8256502897135417
6 0.9665625 0.893333 0.9984310913085938 0.9696698059895833
