12 0.26968749999999997 0.1983005 0.13937499999999997 0.23984899999999998
12 0.4921875 0.40321049999999997 0.038124999999999964 0.07365499999999994
12 0.51875 0.4169029999999999 0.05499999999999999 0.05382400000000004
12 0.5331250000000001 0.5099149999999999 0.05625000000000002 0.058545999999999994
12 0.5525 0.2714825 0.08250000000000002 0.09348499999999997
12 0.5921875 0.3564685 0.11812500000000004 0.10859300000000001
12 0.5531250000000001 0.479698 0.03500000000000003 0.07176600000000011
12 0.5918749999999999 0.49008500000000005 0.04999999999999993 0.07743200000000017
12 0.5909375 0.23843250000000002 0.04562500000000003 0.12747899999999998
12 0.5903125 0.4088765 0.034375000000000044 0.07365500000000007
12 0.6184375 0.46742200000000006 0.03937500000000005 0.06609999999999995
12 0.6346875000000001 0.3956565 0.06937500000000008 0.08876299999999994
12 0.6484375 0.254013 0.07687500000000003 0.14353200000000002
12 0.674375 0.4098205 0.036250000000000004 0.06421099999999999
12 0.6793750000000001 0.3569405 0.04625000000000001 0.0887629999999999
12 0.6975 0.24126550000000002 0.053749999999999964 0.11048100000000001
12 0.7365625 0.3729935 0.08062499999999995 0.141643
12 0.7709375 0.36260600000000004 0.05812500000000009 0.139754
12 0.8756250000000001 0.49811149999999993 0.04625000000000001 0.05382499999999995
12 0.8896875 0.457507 0.03562500000000002 0.08592999999999999
12 0.9234374999999999 0.463173 0.041874999999999996 0.08592999999999999
12 0.9425 0.44664800000000004 0.04499999999999993 0.060433999999999884
