0 0.0 0.526168 0.10375 0.6609138715328468
0 0.0 0.0 0.18875 0.164486
0 0.088125 0.2766355 0.1749139404296875 0.39585815255474455
0 0.16999999999999998 0.474766 0.309833984375 0.6254749109489052
0 0.205625 0.615888 0.2822991943359375 0.7841478934306569
0 0.24562499999999998 0.2448595 0.34726013183593746 0.3454365408759124
0 0.17875 0.0 0.20482543945312498 0.151402
0 0.2475 0.0 0.31725830078125 0.15514
0 0.34624999999999995 0.8392525000000001 0.5071618652343749 0.9352238138686131
0 0.32125 0.0 0.43843627929687495 0.17757
0 0.33875 0.594393 0.413419189453125 0.7580112729927007
0 0.380625 0.296262 0.47712829589843747 0.46498850072992703
0 0.443125 0.7280374999999999 0.5870672607421875 0.8718341715328467
0 0.4975 0.4822430000000001 0.6082641601562501 0.5974269956204381
0 0.4975 0.0 0.5770141601562501 0.2
0 0.540625 0.23738349999999997 0.6132220458984375 0.38470045474452547
0 0.596875 0.5579435 0.6656671142578126 0.6982504839416057
0 0.625625 0.7971965 0.7231390380859375 0.9278082094890509
0 0.5856250000000001 0.08130849999999999 0.6069281005859375 0.141937301459854
0 0.656875 0.0 0.7431085205078125 0.19813100000000003
0 0.66875 0.2766355 0.7505969238281249 0.4145491525547445
0 0.6799999999999999 0.5037385 0.7655859375 0.6067416153284672
0 0.7268749999999999 0.19532699999999997 0.8217901611328126 0.31560285109489056
0 0.7475 0.6906545000000001 0.8417700195312501 0.8176837452554744
0 0.79875 0.061682 0.8604699707031249 0.11953595328467152
0 0.836875 0.37383150000000004 0.9254327392578126 0.4966502605839417
0 0.84 0.54486 0.9229296874999999 0.6758405839416057
0 0.9025000000000001 0.2943925 0.98661865234375 0.4220002299270073
0 0.90125 0.0897195 0.951619873046875 0.1737010226277372
0 0.9456249999999999 0.165421 0.9978265380859376 0.2651795094890511
