16 0.1382815 0.305611 0.039063000000000014 0.09018000000000007

16 0.183594 0.6122245000000001 0.11875000000000001 0.14028100000000004

16 0.21875 0.713928 0.10624999999999998 0.153306

16 0.2742185 0.41733499999999996 0.08906299999999998 0.08116200000000005

16 0.37890650000000003 0.44388750000000005 0.07656299999999999 0.164329

16 0.4453125 0.46993999999999997 0.10468700000000003 0.10220399999999998

16 0.6277345 0.54509 0.18203100000000005 0.15631199999999995

16 0.7753909999999999 0.297595 0.06484400000000001 0.06412800000000005

16 0.8843749999999999 0.513527 0.09843800000000014 0.12124199999999996

16 0.9238280000000001 0.5340680000000001 0.12578199999999995 0.112224

