0 0.1902775 0.6597219999999999 0.24425818212890624 0.732688740234375
0 0.20138899999999998 0.3125 0.2599883310546875 0.38025082421875
0 0.20462950000000002 0.449074 0.25628116650390625 0.527339451171875
0 0.2532405 0.599537 0.29975269482421874 0.6586735146484375
0 0.3050925 0.274074 0.37840605810546873 0.328436349609375
0 0.303704 0.4097225 0.3672964140625 0.4801558803710938
0 0.36296300000000004 0.6106480000000001 0.42557154394531255 0.6706996640625
0 0.385648 0.37685199999999996 0.43480839062500004 0.44037298046875
0 0.44629650000000004 0.451389 0.5125271635742188 0.5180781904296875
0 0.485648 0.65463 0.544895734375 0.716953712890625
0 0.48796300000000004 0.363426 0.5402644736328125 0.413534091796875
0 0.5712965000000001 0.751852 0.6262940932617188 0.81685876953125
0 0.637037 0.8587965 0.6901188935546875 0.9176803315429688
