10 0.1271875 0.65197 0.058124999999999996 0.08067600000000012

10 0.1496875 0.5257975 0.069375 0.10225099999999997

10 0.156875 0.3972795 0.05250000000000002 0.09849900000000002

10 0.168125 0.6013135 0.03999999999999998 0.07129499999999998

10 0.1871875 0.6913695000000001 0.070625 0.07504700000000004

10 0.195 0.36350849999999996 0.05249999999999999 0.06848099999999993

10 0.19875 0.4709195 0.06 0.07317099999999993

10 0.221875 0.5637895 0.060000000000000026 0.07692299999999992

10 0.24125 0.4394935 0.06 0.090995

10 0.2528125 0.6364915000000001 0.07562500000000003 0.09287100000000004

10 0.253125 0.704034 0.046249999999999986 0.02345200000000001

10 0.2778125 0.49530949999999996 0.06687500000000002 0.09756099999999991

10 0.28531249999999997 0.37007500000000004 0.06687499999999996 0.10225200000000007

10 0.294375 0.5731705 0.06125000000000003 0.10318899999999995

10 0.3046875 0.6810505 0.059374999999999956 0.09193300000000006

10 0.3334375 0.704972 0.05312499999999998 0.02532799999999988

10 0.33281249999999996 0.541276 0.03812500000000002 0.08630399999999998

10 0.34375 0.390713 0.057499999999999996 0.10788

10 0.35062499999999996 0.48592900000000006 0.048750000000000016 0.09005599999999997

10 0.3690625 0.6613509999999999 0.073125 0.08442800000000003

10 0.38656250000000003 0.573171 0.07687499999999997 0.09193199999999992

10 0.40125 0.70591 0.057499999999999996 0.034709999999999915

10 0.40375 0.477955 0.050000000000000044 0.09850000000000003

10 0.41781250000000003 0.380863 0.070625 0.10318999999999995

10 0.43281250000000004 0.6524390000000001 0.06937500000000002 0.1153840000000001

10 0.4584375 0.5459660000000001 0.059374999999999956 0.08442799999999995

10 0.453125 0.3194185 0.04625000000000001 0.09287100000000004

10 0.4603125 0.4615385 0.03687499999999999 0.058160999999999956

10 0.5040625000000001 0.484053 0.073125 0.08630399999999998

10 0.499375 0.39915600000000007 0.06125000000000003 0.11350800000000011

10 0.5084375 0.6050655 0.06687500000000002 0.097561

10 0.5109375 0.6885555000000001 0.06937500000000002 0.08067499999999998

10 0.521875 0.5290805 0.05499999999999994 0.061913000000000024

10 0.6203125 0.6200749999999999 0.03437499999999993 0.07504599999999984

10 0.6275 0.5300185 0.04874999999999996 0.09756099999999991

10 0.6315625 0.714353 0.03312499999999996 0.10975599999999999

10 0.645625 0.34334 0.06125000000000003 0.10881799999999997

10 0.64875 0.4507505 0.0625 0.11350899999999996

10 0.6793750000000001 0.5980300000000001 0.05999999999999994 0.08911799999999999

10 0.681875 0.70591 0.06499999999999995 0.11538399999999993

10 0.7025 0.513602 0.0625 0.10412799999999997

10 0.71875 0.4080675 0.053749999999999964 0.07317099999999993

10 0.7465625 0.7115385 0.07187500000000002 0.09287099999999995

10 0.7409375 0.46857399999999994 0.046875 0.1022520000000001

10 0.755 0.369606 0.050000000000000044 0.06941800000000001

10 0.7887500000000001 0.52439 0.061249999999999916 0.10319000000000016

10 0.786875 0.42401500000000003 0.040000000000000036 0.08630399999999998

10 0.7890625 0.7096624999999999 0.028124999999999956 0.09287099999999987

10 0.8 0.5924015 0.04249999999999998 0.06097500000000005

10 0.8178125 0.6557219999999999 0.0368750000000001 0.08442800000000003

10 0.830625 0.33583499999999994 0.057499999999999996 0.093808

10 0.8287500000000001 0.4624764999999999 0.04625000000000001 0.09005700000000003

10 0.8484375 0.705441 0.06312499999999999 0.08067599999999996

10 0.8525 0.542214 0.04500000000000004 0.06941800000000005

10 0.8721875 0.621013 0.04562500000000003 0.06566599999999999

10 0.888125 0.378049 0.04999999999999993 0.0637899999999999

10 0.9028125 0.453096 0.06937499999999996 0.08630399999999998

10 0.9171875 0.528143 0.06937500000000008 0.08630399999999998

10 0.90875 0.709662 0.04250000000000009 0.06848

10 0.9234374999999999 0.60272 0.06437499999999996 0.10975599999999983

10 0.9609375 0.7373360000000001 0.07687500000000003 0.08630399999999998

10 0.9571875 0.5243905 0.026874999999999982 0.07504699999999996

10 0.9721875 0.6693245 0.05437500000000006 0.0459670000000001

10 0.9678125 0.6116325 0.03187499999999999 0.05816099999999987

