0 0.0 0.70133 0.167577 0.800484
0 0.0018210000000000001 0.650544 0.092896 0.713422
0 0.003643 0.756953 0.162113 0.927449
0 0.092896 0.599758 0.31694 0.7424430000000001
0 0.156648 0.730351 0.375228 0.8137850000000001
0 0.327869 0.7424430000000001 0.582878 0.9214030000000001
0 0.41712200000000005 0.577993 0.531876 0.631197
0 0.433515 0.7218859999999999 0.601093 0.8125760000000001
0 0.648452 0.819831 0.8306009999999999 0.9504229999999999
0 0.726776 0.628779 0.8415299999999999 0.695284
0 0.75592 0.662636 0.8779600000000001 0.765417
