9 0.064453 0.5385415 0.0850930576171875 0.5586737740885416
9 0.176953 0.26979200000000003 0.1982641943359375 0.29444070833333336
9 0.21601549999999997 0.3177085 0.24119504736328123 0.34646131705729166
9 0.286328 0.7140625000000002 0.3036263828125 0.7417782311197918
9 0.401953 0.7541665000000001 0.4277324677734375 0.7896430123697917
9 0.39414099999999996 0.27187500000000003 0.41133409667968746 0.29652099609375
9 0.5 0.7177085 0.52373071875 0.7469824837239584
9 0.566406 0.647917 0.596321869140625 0.6939483580729165
9 0.5839845 0.0 0.6095857026367187 0.067708
9 0.6148435 0.4416665 0.6415865668945312 0.46817491341145834
9 0.617578 0.059896000000000005 0.647052896484375 0.09367201041666667
9 0.6191405 0.9713539999999999 0.6368953706054687 0.9883182161458333
9 0.7179685 0.39635399999999993 0.7407048588867188 0.4244839140625
9 0.785937 0.772917 0.8007944833984375 0.7875355976562499
9 0.8160155 0.5442705 0.8445151098632813 0.582624314453125
9 0.8441405 0.744792 0.8562066440429688 0.7594472187500001
9 0.876953 0.583333 0.9061746005859375 0.6138234518229166
9 0.9253905 0.2203125 0.9537832983398438 0.25283813476562494
9 0.9511720000000001 0.37916649999999996 0.9607901210937501 0.39325629361979164
9 0.969141 0.346354 0.9888975732421875 0.37663201822916664
