13 0.2584375 0.95591 0.29412261962890623 0.9967244245973645
13 0.2890625 0.8850845 0.32971771240234377 0.9414811222547586
13 0.3228125 0.780957 0.36093475341796877 0.8431345783308932
13 0.3296875 0.947467 0.36467803955078126 0.9976747862371891
13 0.35843749999999996 0.696529 0.39902496337890625 0.7513251918008784
13 0.35843749999999996 0.8808635000000001 0.3977749633789063 0.9396113023426061
13 0.3884375 0.5989680000000001 0.42087066650390625 0.6529690336749634
13 0.3921875 0.7884615 0.4283670043945313 0.8487515907759882
13 0.39875000000000005 0.9591935 0.428360595703125 0.9976576171303077
13 0.41781250000000003 0.5060975000000001 0.4527169799804687 0.5611730080527086
13 0.4309375 0.689493 0.4708291625976562 0.7428924934114203
13 0.4328125 0.8663224999999999 0.47082733154296874 0.923684592240117
13 0.446875 0.4094745 0.49393859863281253 0.46656747657393854
13 0.4590625 0.5999059999999999 0.4951766967773437 0.6567196603221083
13 0.4659375 0.9620075 0.49766998291015624 0.9976534970717423
13 0.47125 0.7837715000000001 0.5051647949218749 0.8431304575402637
13 0.4803125 0.3222325 0.5220309448242187 0.38226721010248904
13 0.5 0.5 0.53201171875 0.552738935578331
13 0.50125 0.685272 0.5332604980468749 0.7447756734992679
13 0.5096875 0.8818015 0.5476272583007812 0.941485928989751
13 0.5159374999999999 0.2115385 0.5563711547851563 0.2707972803806735
13 0.5275000000000001 0.40197 0.57073486328125 0.46094946412884336
13 0.5353125000000001 0.5816135 0.5669772338867187 0.6239134428989751
13 0.5415625 0.7818949999999999 0.5757211303710937 0.835628204978038
13 0.5475 0.9648220000000001 0.57946533203125 0.9976493762811128
13 0.5546875 0.11350850000000001 0.5900833129882812 0.16306080893118596
13 0.5565625000000001 0.2987805 0.5913314819335938 0.353221546852123
13 0.54875 0.5009385 0.5644641113281249 0.5377285614934114
13 0.5740624999999999 0.0 0.6100643920898438 0.065666
13 0.5762499999999999 0.682458 0.614437255859375 0.7335227935578331
13 0.5809375 0.8719509999999999 0.6206826782226562 0.9236763513909224
13 0.5921875000000001 0.20872449999999998 0.6281716918945313 0.2557924004392387
13 0.6134375 0.1027205 0.6512759399414062 0.16307660395314788
13 0.6178125000000001 0.7706375000000001 0.6487716674804688 0.830015687408492
13 0.6221875 0.9507505 0.6562673950195312 0.9976699787701319
13 0.6315625 0.283771 0.6668832397460938 0.33635752269399705
13 0.6487499999999999 0.0 0.6912414550781251 0.04784200000000001
13 0.6559375000000001 0.6876175 0.6937344360351562 0.7335152393850659
13 0.6590625 0.194184 0.6987313842773437 0.2361136896046852
13 0.6584375 0.8644464999999999 0.6949819946289063 0.9293163389458272
13 0.6946875 0.08771099999999998 0.7330715942382813 0.13870857979502194
13 0.7012499999999999 0.7734520000000001 0.733065185546875 0.8243835666178624
13 0.7103125 0.2884615 0.7449313354492187 0.3401026551976574
13 0.7334375 0.675891 0.7724087524414062 0.7213364084919474
13 0.7315625 0.1758915 0.7680355834960938 0.23614047218155196
13 0.7321875 0.0 0.7680349731445313 0.065666
13 0.7834375 0.09802999999999999 0.8204849243164063 0.15557847144948755
13 0.7896875 0.273452 0.8329788208007812 0.33074363103953147
13 0.808125 0.46576000000000006 0.8317108154296875 0.5265230673499268
13 0.7984374999999999 0.580675 0.8085952758789062 0.6239148169838946
13 0.8334375 0.36538449999999995 0.8704360961914063 0.4169130300146412
13 0.86 0.08395849999999999 0.90478515625 0.1443420739385066
13 0.8659375 0.272514 0.9010293579101563 0.3307450043923865
13 0.9125000000000001 0.19183849999999997 0.95598388671875 0.25018812371888727
13 0.953125 0.09146349999999999 0.9984442138671875 0.15183608565153733
