2 0.202778 0.46041699999999997 0.14444400000000002 0.10972200000000004

2 0.22708350000000002 0.28611149999999996 0.095833 0.086111

2 0.395139 0.14861149999999998 0.15972199999999998 0.163889

2 0.5125 0.7979165000000001 0.11666600000000005 0.093055

2 0.6694445 0.7895835 0.20277699999999999 0.156945

2 0.734028 0.23888900000000002 0.1402779999999999 0.15555600000000006

2 0.8166665 0.6743060000000001 0.13333300000000003 0.21250000000000002

2 0.8375 0.40625 0.15833399999999997 0.15138799999999997

