0 0.327344 0.2479165 0.39186832812500005 0.3746771920572917
0 0.330469 0.244792 0.39186527636718754 0.37259826041666666
0 0.4390625 0.32187499999999997 0.5308212280273438 0.4516638919270834
0 0.421875 0.1447915 0.4839630126953125 0.24356146940104165
0 0.4210935 0.133333 0.4777137758789063 0.20815938932291667
0 0.550781 0.146875 0.6182121279296875 0.24147575651041667
0 0.6023435 0.284375 0.6962867739257813 0.4079627200520833
0 0.6054685 0.26875 0.6900337221679688 0.3975670651041667
0 0.678906 0.2145835 0.738399005859375 0.32888759440104165
0 0.6828125 0.21562499999999998 0.7430831909179688 0.33096923828124997
