1 0.14875 0.797834 0.17375 0.8249100000000001
1 0.15375 0.33574 0.27375 0.509025
1 0.15625 0.7779779999999998 0.1725 0.790614
1 0.1625 0.830325 0.18 0.8646209999999999
1 0.1625 0.48917 0.4675 0.7996389999999999
1 0.20625 0.7635380000000002 0.22875 0.790614
1 0.23125 0.301444 0.36875 0.462094
1 0.45125 0.8050540000000002 0.52625 0.940433
1 0.47375 0.7617330000000001 0.4925 0.785199
1 0.4975 0.776173 0.51875 0.7996389999999999
1 0.515 0.750903 0.52875 0.7743680000000001
1 0.52 0.750903 0.6125 0.8213
1 0.685 0.595668 0.7825 0.669675
1 0.72375 0.676895 0.95 0.851986
1 0.78375 0.3213 0.94125 0.425993
