13 0.8076174999999999 0.6501435 0.9035083110351562 0.782111885775862
13 0.094727 0.47270100000000004 0.1571344931640625 0.5065048318965517
13 0.09765650000000001 0.573276 0.15713163232421876 0.6500383275862068
13 0.19482400000000002 0.561063 0.25176274218750005 0.634250875
13 0.1791995 0.40445449999999994 0.21955200048828125 0.4433848872126437
13 0.206543 0.604167 0.2507752978515625 0.6801669439655172
13 0.19921899999999998 0.4188219999999999 0.2283214501953125 0.4606052442528736
13 0.21435549999999998 0.46695400000000004 0.24686066845703122 0.4950190890804597
13 0.2709965 0.6774425000000001 0.3376263549804687 0.7777626630747128
13 0.33251949999999997 0.47341949999999994 0.40201927392578124 0.5582277995689655
13 0.38769549999999997 0.635776 0.4644653911132812 0.7375925287356323
13 0.39990250000000005 0.798132 0.4849614702148438 0.8867842586206895
13 0.40625 0.518678 0.468353271484375 0.5782777729885057
13 0.46972650000000005 0.41666649999999994 0.5190722827148438 0.4835963412356321
13 0.5048825 0.7693965000000001 0.5590769506835938 0.8465955452586208
13 0.5302735000000001 0.436063 0.5707711547851563 0.4835684727011494
13 0.595703 0.305316 0.6634802587890626 0.3946763275862069
13 0.645508 0.46839050000000004 0.71909662109375 0.5697290251436783
13 0.665527 0.7205455 0.7171230712890625 0.7719527334770115
13 0.6801759999999999 0.34195400000000004 0.722968765625 0.39318668678160923
13 0.7075195000000001 0.6034485 0.7502860629882813 0.6499949762931033
13 0.7529295 0.8390804999999999 0.8244597172851563 0.9269554245689654
13 0.796875 0.436063 0.8703158017578125 0.5123044727011494
13 0.7973635 0.3168105 0.8664093247070312 0.3874758125
13 0.914063 0.863506 0.9912953603515624 0.9542193304597701
13 0.9291995 0.26149449999999996 0.9912805786132812 0.3645672895114942
13 0.9189455 0.5869255 0.9590635922851564 0.6514557162356321
13 0.9404295 0.4655175 0.9981046118164062 0.5869751530172413
13 0.9580075 0.676006 0.9980874458007812 0.7835117270114943
