6 0.027817999999999996 0.5410159999999999 0.1347 0.606445
6 0.0 0.44043000000000004 0.44216700000000003 0.625977
6 0.281113 0.8417969999999999 0.998536 0.999023
6 0.282577 0.9306639999999999 0.4275260000000001 0.999023
6 0.341142 0.973633 0.48462700000000003 0.9980469999999999
6 0.41142 0.901367 0.569546 0.989258
6 0.48462700000000003 0.9501950000000001 0.639824 0.999023
6 0.559297 0.8769530000000001 0.695461 0.948242
6 0.622255 0.9287110000000001 0.7540259999999999 0.989258
6 0.6456810000000001 0.988281 0.729136 0.999023
6 0.692533 0.8681639999999999 0.8008780000000001 0.9306639999999999
6 0.7540259999999999 0.910156 0.8916540000000001 0.999023
6 0.79063 0.827148 0.9238649999999999 0.9150389999999999
6 0.874085 0.8662110000000001 0.998536 0.9619139999999999
6 0.894583 0.958008 0.9956079999999998 0.999023
6 0.928258 0.835938 0.998536 0.8886719999999999
