17 0.126126 0.718625 0.252252 0.24632799999999988
17 0.227227 0.8381175000000001 0.08208200000000002 0.03404499999999999
17 0.23873850000000002 0.808411 0.09509500000000004 0.06675599999999993
17 0.48748749999999996 0.46061399999999997 0.520521 0.13885199999999992
17 0.28228200000000003 0.7783715 0.10010000000000001 0.061415
17 0.3168165 0.8304405 0.097097 0.0560750000000001
17 0.333333 0.8047394999999999 0.07407399999999997 0.04339100000000007
17 0.35285249999999996 0.756008 0.07707699999999998 0.04072000000000009
17 0.364364 0.7219625000000001 0.07407400000000001 0.03404499999999999
17 0.39389349999999995 0.793725 0.07707699999999994 0.06542000000000003
17 0.6836835 0.7963955 0.6266269999999999 0.303071
17 0.4249245 0.74733 0.08708700000000014 0.05140200000000006
17 0.45395349999999995 0.7132845 0.08508500000000005 0.04472699999999996
17 0.48548550000000007 0.6862485 0.092093 0.056074999999999986
