4 0.0548115 0.4640625 0.10292899999999998 0.06812499999999999
4 0.103766 0.4921875 0.055229999999999994 0.07687500000000003
4 0.202092 0.44 0.10962400000000003 0.05125000000000002
4 0.38033500000000003 0.6950000000000001 0.34728 0.14
4 0.2443515 0.446875 0.04853500000000001 0.04125000000000001
4 0.2594145 0.41437500000000005 0.06861899999999997 0.023749999999999993
4 0.36276149999999996 0.861875 0.128033 0.08875
4 0.44644350000000005 0.3246875 0.07782500000000012 0.06312499999999999
4 0.6355649999999999 0.3728125 0.10794999999999992 0.073125
4 0.635565 0.3128125 0.08954000000000002 0.02937500000000004
4 0.676569 0.4340625 0.08451799999999994 0.049375
