13 0.0 0.5052535 0.21 0.6411648187414501
13 0.1028125 0.308669 0.19927459716796875 0.40062874418604655
13 0.240625 0.193958 0.3172650146484375 0.25017266757865936
13 0.32125 0.632224 0.45906127929687496 0.8029881244870042
13 0.2815625 0.329685 0.37222503662109374 0.42599399452804376
13 0.3371875 0.169002 0.3784207153320312 0.2125538071135431
13 0.3296875 0.21015799999999998 0.3615530395507813 0.26065850615595076
13 0.42125 0.211909 0.497713623046875 0.2930551108071135
13 0.47750000000000004 0.39141850000000006 0.5757836914062501 0.5117235437756499
13 0.433125 0.1033275 0.4858270263671875 0.15134764911080711
13 0.6440625 0.7548164999999999 0.7912460327148437 0.9744494192886457
13 0.5884375 0.2788965 0.6744253540039062 0.3682694726402189
13 0.575625 0.109895 0.6400628662109376 0.15921966484268127
13 0.7215625 0.5 0.8586703491210937 0.6648150054719562
13 0.676875 0.2149735 0.7512139892578125 0.3026829186046512
13 0.7221875 0.1366025 0.7867947387695312 0.2073441292749658
13 0.829375 0.34238199999999996 0.9254400634765625 0.4496196251709986
13 0.8721874999999999 0.23774099999999998 0.9597732543945312 0.32366777291381665
13 0.8740625 0.13747800000000002 0.9560214233398437 0.18545093160054724
