16 0.7996875 0.9080674999999999 0.8973440551757812 0.9986704721815519
16 0.0 0.7879925 0.999375 0.997908277452416
16 0.15281250000000002 0.642589 0.19735076904296875 0.6838621669106881
16 0.1703125 0.5469040000000001 0.20795867919921876 0.5892552620790631
16 0.23625000000000002 0.5511255 0.25664428710937504 0.5667350812591508
16 0.2546875 0.44043150000000003 0.27787628173828127 0.4759031515373353
16 0.49187500000000006 0.45497199999999993 0.7263946533203125 0.6034618623718887
16 0.47875 0.7223265 0.499532470703125 0.7569164209370425
16 0.6543749999999999 0.5717635 0.7606109619140625 0.702727864568082
16 0.815 0.0 0.8910791015624999 0.24765500000000001
