4 0.2353125 0.3448275 0.13187500000000002 0.1634730000000001

4 0.275 0.451469 0.05374999999999999 0.16602799999999998

4 0.41781250000000003 0.641124 0.03187500000000004 0.11494199999999997

4 0.5484375 0.7075355 0.195625 0.11111099999999997

4 0.569375 0.14623250000000002 0.12 0.150703

4 0.67625 0.7854405 0.13749999999999996 0.14303900000000008

4 0.6996875 0.823755 0.16062500000000002 0.1213280000000001

4 0.7075 0.6634735 0.14250000000000007 0.13154499999999988

4 0.7190624999999999 0.22541499999999995 0.14937499999999992 0.12132799999999996

