13 0.19749999999999998 0.7462335 0.30293212890625 0.9433465977941177
13 0.3046875 0.922316 0.42095245361328126 0.9977016529411764
13 0.3890625 0.20951 0.42087005615234374 0.32831689705882355
13 0.495 0.0 0.6026416015625 0.339925
13 0.625625 0.36205250000000005 0.7206390380859374 0.5437235698529412
13 0.666875 0.0 0.7680987548828125 0.194915
13 0.7359375 0.6162899999999999 0.8717813110351563 0.8277186911764703
13 0.8300000000000001 0.0 0.950439453125 0.380414
13 0.8775 0.8140299999999999 0.99851806640625 0.9978608970588234
13 0.9215625000000001 0.37241050000000003 0.9984750366210937 0.6246873375
