4 0.700625 0.35031549999999995 0.7568157958984375 0.40257259788732386
4 0.4859375 0.6018935 0.5301504516601563 0.6898642626760563
4 0.4865625 0.4972950000000001 0.5020248413085937 0.5249985845070423
4 0.549375 0.423354 0.6150885009765624 0.5106747267605634
4 0.575625 0.7587915 0.6275628662109376 0.8258022795774647
4 0.6025 0.349865 0.6431616210937501 0.3971632323943662
4 0.708125 0.770063 0.7630584716796875 0.837508404225352
4 0.7518750000000001 0.4350765 0.8055157470703125 0.4899192161971831
4 0.7728125 0.6596035 0.8167453002929688 0.7168349809859156
4 0.795625 0.528404 0.8467230224609376 0.6061087690140845
