16 0.292815 0.27625 0.3847467349869451 0.355355224609375
16 0.3258145 0.4984375 0.4005766546997389 0.5451382446289063
16 0.40476199999999996 0.6265625 0.46229559007832893 0.6662631225585938
16 0.4686715000000001 0.4215625 0.5624621573107049 0.49396331787109377
16 0.47786150000000005 0.5771875 0.5808301599216711 0.6544363403320312
16 0.47451950000000004 0.7571875 0.558277522845953 0.8317605590820313
16 0.52005 0.33281249999999996 0.6016600835509139 0.39154998779296873
16 0.926483 0.943125 0.9979554921671018 0.9984539794921875
16 0.9085209999999999 0.1396875 0.9303089412532638 0.15736358642578124
16 0.920635 0.038125 0.9386481266318537 0.0568377685546875
16 0.9126985 0.2275 0.9186084875979111 0.23915283203125
16 0.9561405 0.0525 0.9753597748041776 0.07557373046875
