13 0.0 0.24541650000000004 0.13 0.46218044726562507
13 0.0 0.7325 0.308125 0.9982132239583335
13 0.29781250000000004 0.315833 0.48345916748046874 0.5529217591145833
13 0.2721875 0.0 0.41660919189453127 0.110833
13 0.365 0.911667 0.5246435546875 0.9979799335937501
13 0.495 0.68 0.6263916015625 0.9099475833333334
13 0.5459375 0.23375 0.6888418579101562 0.45469563802083335
13 0.69875 0.0 0.835567626953125 0.219167
13 0.7615625 0.8366669999999999 0.9311312866210938 0.9980775898437501
13 0.733125 0.5095835000000001 0.8511590576171876 0.6868364798177083
13 0.8831249999999999 0.27 0.9985125732421876 0.42548143750000006
13 0.9096875 0.6241665 0.9984866333007812 0.836687283203125
