4 0.0 0.0812325 0.038125 0.11846241240875911
4 0.0 0.21288549999999998 0.11125 0.3227522182481752
4 0.0 0.8244635 0.115 0.949310403649635
4 0.036250000000000004 0.6162465 0.06996459960937501 0.6900433700729927
4 0.5009375 0.0 0.9988858032226563 0.9971990000000001
4 0.114375 0.32493 0.1992633056640625 0.47758364963503647
4 0.1284375 0.5831 0.19924957275390626 0.6816887591240874
4 0.166875 0.808123 0.2660870361328125 0.9764112583941604
4 0.1759375 0.0 0.26107818603515626 0.27357600000000004
4 0.21625 0.47899149999999996 0.269788818359375 0.5445857423357665
4 0.25625 0.6638655 0.33162475585937495 0.7740078532846715
4 0.29625 0.33940249999999994 0.395335693359375 0.4738275218978102
4 0.3284375 0.0 0.41592926025390625 0.21568600000000002
4 0.3425 0.8636785000000001 0.41591552734375004 0.9819321554744526
4 0.37375 0.6858074999999999 0.419635009765625 0.7814448211678832
4 0.4425 0.194211 0.52581787109375 0.31157448029197077
4 0.4546875 0.594771 0.5283059692382813 0.7050137211678833
4 0.4971875 0.786648 0.5851394653320312 0.913884608759124
4 0.5137499999999999 0.40242750000000005 0.585123291015625 0.5213545145985402
4 0.51875 0.9346405 0.5501184082031251 0.9780935613138686
4 0.6056250000000001 0.5971055 0.6856585693359375 0.7246183131386861
4 0.62625 0.2469655 0.706263427734375 0.34417746642335767
4 0.655625 0.8608779999999999 0.7331097412109375 0.9744672437956203
4 0.7609375 0.6517275 0.8555068969726562 0.7833625729927007
4 0.7890625 0.47012099999999996 0.8854794311523437 0.5651396919708029
4 0.830625 0.8599440000000002 0.9229388427734374 0.9651316072992702
4 0.8415625 0.0 0.9110531616210937 0.15126099999999998
4 0.881875 0.6591969999999999 0.9316387939453125 0.7721466686131387
4 0.926875 0.7889820000000001 0.9984698486328125 0.943759201459854
