11 0.2796875 0.6050655 0.3441018676757812 0.7083071061493412
11 0.0 0.0558165 0.02375 0.08434627745241581
11 0.0 0.7532835 0.4375 0.9979590959004394
11 0.0490625 0.2856475 0.08307708740234375 0.3129027752562225
11 0.13218749999999999 0.1060035 0.17362091064453125 0.1461857972181552
11 0.159375 0.0 0.20984436035156248 0.053471000000000005
11 0.3678125 0.151032 0.40026580810546875 0.21929086969253295
11 0.5390625 0.087242 0.5707235717773438 0.1321422664714495
11 0.7634375 0.3658535 0.9986294555664063 0.6720723433382138
11 0.6178125000000001 0.0853655 0.6587716674804688 0.15747301390922402
11 0.840625 0.253283 0.9191790771484375 0.3729871610541727
