0 0.21968749999999998 0.7495835 0.2816604614257812 0.8381909798177084
0 0.2025 0.370833 0.24167724609375002 0.42535014453125003
0 0.23781249999999998 0.265 0.29164276123046873 0.3346549479166667
0 0.305 0.6316665 0.3690771484375 0.714177517578125
0 0.3546875 0.5025 0.3990286254882812 0.5735127031249999
0 0.4128125 0.46374999999999994 0.45834686279296877 0.5285631588541667
0 0.4496875 0.20375 0.5008108520507812 0.2830677005208333
0 0.5040625 0.17708350000000003 0.5526327514648437 0.24643642252604167
0 0.6040625 0.9433334999999999 0.6456600952148437 0.9979387011718751
0 0.75 0.9375 0.794892578125 0.997946296875
0 0.8374999999999999 0.7020835 0.87480712890625 0.7640858287760417
