0 0.0 0.6515435 0.255 0.7979258416058396
0 0.1496875 0.34565049999999997 0.2654788208007812 0.47283540072992697
0 0.2028125 0.4855005 0.34355194091796876 0.6718822401459854
0 0.3265625 0.20767049999999998 0.4640560913085937 0.3542338313868613
0 0.2865625 0.8456505000000001 0.38284515380859374 0.9978304737226277
0 0.4046875 0.6824135 0.5189797973632813 0.8250097759124085
0 0.4596875 0.39943900000000004 0.5839260864257813 0.5784628773722628
0 0.5703125 0.8550049999999999 0.7631930541992188 0.9978168175182481
0 0.518125 0.162769 0.6251190185546874 0.3187523810218978
0 0.5775 0.46164649999999996 0.68381103515625 0.6026940635036496
0 0.7646875 0.6847525 0.9286282348632812 0.9550343613138687
0 0.7575000000000001 0.0 0.89363525390625 0.23947600000000002
0 0.7940625 0.4120675 0.9617245483398438 0.6224104416058395
