6 0.025625 0.5008335 0.05125 0.10666699999999991
6 0.060312500000000005 0.355833 0.04812500000000001 0.10999999999999999
6 0.10750000000000001 0.4870835 0.07875 0.16416699999999995
6 0.13375 0.3208335 0.07125 0.06833299999999998
6 0.17875 0.494583 0.05249999999999999 0.12750000000000003
6 0.3803125 0.545 0.135625 0.303334
6 0.541875 0.5466665 0.26249999999999996 0.21666700000000008
6 0.4684375 0.3033335 0.05062500000000003 0.03833300000000003
6 0.6596875 0.7029169999999999 0.06062499999999993 0.07249999999999994
6 0.826875 0.6354164999999999 0.08999999999999997 0.1391669999999999
6 0.8328125 0.49833299999999997 0.06312499999999999 0.09999999999999994
6 0.910625 0.547917 0.08499999999999996 0.18250000000000002
6 0.9859374999999999 0.47625 0.011874999999999969 0.014166000000000048
6 0.9896875 0.48916699999999996 0.01937500000000003 0.055000000000000014
6 0.9940625000000001 0.4841665 0.010624999999999996 0.01166700000000002
6 0.994375 0.49958349999999996 0.0050000000000000044 0.009167000000000073
6 0.996875 0.5125 0.0050000000000000044 0.009999999999999934
