18 0.6699350000000001 0.390523 0.952614 0.69281
18 0.0 0.679739 0.393791 0.998366
18 0.003268 0.0 0.22549 0.18954200000000002
18 0.138889 0.047386000000000005 0.441176 0.35130700000000004
18 0.17810499999999999 0.326797 0.477124 0.593137
18 0.21731999999999999 0.50817 0.5653590000000001 0.936275
18 0.37745100000000004 0.295752 0.71732 0.5669930000000001
18 0.415033 0.098039 0.697712 0.37254899999999996
18 0.535948 0.606209 0.870915 0.928105
18 0.624183 0.070261 0.893791 0.352941
18 0.746732 0.199346 0.998366 0.503268
