6 0.0 0.613333 0.138125 0.25499999999999995
6 0.1534375 0.7258334999999999 0.049375 0.06333300000000008
6 0.26437499999999997 0.1633335 0.10374999999999998 0.093333
6 0.2346875 0.07291650000000001 0.015625 0.015833000000000003
6 0.2515625 0.082917 0.013124999999999998 0.022500000000000003
6 0.364375 0.43041650000000004 0.07874999999999999 0.16583300000000004
6 0.37687499999999996 0.13083350000000002 0.012500000000000011 0.013333000000000003
6 0.4246875 0.3741665 0.06937499999999996 0.15333299999999997
6 0.55875 0.41250000000000003 0.11375000000000002 0.15666599999999997
6 0.5996874999999999 0.18999999999999997 0.07062500000000005 0.09499999999999997
6 0.6331249999999999 0.535 0.032500000000000084 0.10166600000000003
6 0.7009375 0.0 0.13937500000000003 0.075833
6 0.7225 0.1179165 0.022499999999999964 0.03583299999999997
6 0.7465625 0.1583335 0.023125000000000062 0.038332999999999985
6 0.7459375 0.12708299999999997 0.016874999999999973 0.027500000000000007
6 0.7678125 0.38291650000000005 0.01937499999999992 0.015832999999999986
6 0.7909375000000001 0.38375 0.021874999999999978 0.030834000000000028
6 0.9175 0.627083 0.16375000000000006 0.3375000000000001
6 0.8921875 0.3466665 0.03562500000000002 0.05666700000000002
