6 0.0 0.6427085 0.111719 0.8022881399739582
6 0.080469 0.718229 0.1116404169921875 0.8042728059895835
6 0.2589845 0.71875 0.2958410854492188 0.8261471276041666
6 0.3492185 0.6067705 0.42622096630859374 0.7481679342447917
6 0.380469 0.8328125000000001 0.3988474482421875 0.8666236087239584
6 0.5152345 0.571875 0.6073098413085938 0.7273803710937501
6 0.733594 0.5635420000000001 0.8227215996093749 0.7221832213541668
6 0.8378904999999999 0.440625 0.8499627475585937 0.48171826953125
6 0.871875 0.6119789999999999 0.9139925595703126 0.71691115234375
6 0.8972659999999999 0.42760400000000004 0.916311763671875 0.45152622395833336
6 0.8847659999999999 0.4265625 0.8881989707031249 0.43381958007812504
6 0.899219 0.4265625 0.9014658564453125 0.43173658007812504
6 0.902344 0.41197900000000004 0.9077128046875 0.42029656901041673
6 0.9355465000000001 0.7088540000000001 0.9568983803710939 0.7417850130208334
6 0.9785155000000001 0.6703125 0.9982634184570314 0.7293351972656249
