6 0.31156249999999996 0.8730009999999999 0.32782073974609377 0.9149930602055799
6 0.3178125 0.7690495 0.33031463623046875 0.7787387055800292
6 0.34625 0.6312325000000001 0.367786865234375 0.6538240800293685
6 0.5096875000000001 0.6919099999999999 0.5238772583007812 0.6998309794419971
6 0.5115625 0.583725 0.5251254272460938 0.5993308414096917
6 0.54625 0.6359364999999999 0.5700915527343751 0.6651061725403817
6 0.6168750000000001 0.611477 0.6406475830078124 0.6491490895741557
6 0.69625 0.7083725 0.724945068359375 0.7713018054331864
6 0.7428125 0.531985 0.7605245971679687 0.5570738179148311
6 0.776875 0.5954845 0.8054913330078125 0.645409573421439
6 0.8831249999999999 0.722954 0.9128875732421875 0.7769253935389133
6 0.965 0.71778 0.9846826171874999 0.7458889911894273
6 0.9906250000000001 0.6269990000000001 0.9984075927734375 0.6491262966226139
