15 0.2109375 0.4962335 0.28104400634765625 0.5764832448529411
15 0.25875000000000004 0.6737285000000001 0.360997314453125 0.7730202227941176
15 0.3121875 0.3841805 0.34532012939453127 0.42410502867647054
15 0.47625 0.6195860000000001 0.545159912109375 0.688354844117647
15 0.4946875 0.3234465 0.5345169067382812 0.368639343382353
15 0.6275 0.39406750000000007 0.67938720703125 0.45139748897058823
15 0.628125 0.5687384999999999 0.6500115966796876 0.5961506198529412
15 0.6446875000000001 0.624294 0.6818704223632812 0.6535079205882354
15 0.67625 0.5037665 0.735589599609375 0.5802381669117648
15 0.7178125 0.6177024999999999 0.7355490112304687 0.6422176139705882
