13 0.22499999999999998 0.4442885 0.27103027343749997 0.4956054554093567
13 0.2740625 0.41479400000000005 0.28785736083984376 0.44602257602339185
13 0.400625 0.5875469999999999 0.44398376464843753 0.6470810131578947
13 0.4359375 0.6587080000000001 0.46457427978515625 0.6797489766081871
13 0.47124999999999995 0.6034645 0.5014147949218749 0.6676567419590643
13 0.50125 0.5449440000000001 0.529510498046875 0.5759822982456141
13 0.50375 0.6601125 0.5282580566406251 0.6966009232456141
13 0.55125 0.39747200000000005 0.5913366699218751 0.45166590058479533
13 0.525625 0.7148880000000001 0.5357366943359375 0.7424008421052632
13 0.5700000000000001 0.5416665 0.597568359375 0.5956500899122807
13 0.6628125 0.556648 0.7024777221679688 0.6162271871345029
13 0.6640625 0.70927 0.6818515014648437 0.7311730555555556
13 0.7262500000000001 0.804307 0.743040771484375 0.8462021125730995
13 0.940625 0.786049 0.9597064208984375 0.8190758055555555
13 0.9715625 0.8300559999999999 0.9865512084960938 0.8574004678362572
