9 0.2146875 0.44522500000000004 0.25416534423828124 0.5012220862573099
9 0.26875 0.4250935 0.289112548828125 0.45911651827485384
9 0.371875 0.2532775 0.4027618408203125 0.30580971125730994
9 0.4821875 0.617509 0.5989041137695312 0.7500332090643274
9 0.5553125 0.40355800000000003 0.5925827026367188 0.4619570029239767
9 0.660625 0.5622659999999999 0.6893548583984375 0.6124739736842105
9 0.65875 0.7167605 0.675606689453125 0.7423981045321638
9 0.7234375 0.8052435 0.7442935180664062 0.8424557434210528
9 0.94 0.7865165000000001 0.9597070312499999 0.8209471220760235
9 0.963125 0.8258424999999999 0.9828094482421875 0.8592796279239766
