0 0.0 0.1966665 0.10375 0.37724392382812505
0 0.13125 0.0 0.22862182617187501 0.235
0 0.28375 0.5283335 0.474097900390625 0.7268120657552083
0 0.2190625 0.17708350000000003 0.31791107177734373 0.31393642252604165
0 0.24281250000000001 0.0 0.28788787841796876 0.1025
0 0.34875 0.0 0.411534423828125 0.186667
0 0.388125 0.14583299999999996 0.4658709716796875 0.25314311328124994
0 0.56 0.17666649999999998 0.7163281250000001 0.34810296549479164
0 0.44906250000000003 0.8125 0.4739364624023437 0.8606090572916667
0 0.4984375 0.755 0.5263882446289062 0.7831839270833334
0 0.6937500000000001 0.5733334999999999 0.717447509765625 0.5942534720052083
