0 0.511719 0.257031 0.5838752744140625 0.3013109931640625
0 0.2515625 0.257813 0.31850433349609375 0.3231862294921875
0 0.289063 0.7234375 0.3856557119140625 0.8180435180664062
0 0.294531 0.455469 0.38877437207031246 0.5558052060546875
0 0.3039065 0.13125 0.3668912163085938 0.192059826171875
0 0.380469 0.5890625 0.4636914482421875 0.6650497436523438
0 0.3757815 0.216406 0.41682102587890624 0.27947566601562496
0 0.408594 0.38437550000000004 0.479288982421875 0.4699376333007813
0 0.42109399999999997 0.167188 0.455838775390625 0.21077473046875
0 0.5179684999999999 0.5546875 0.5791811713867187 0.6150833129882812
0 0.5523440000000001 0.0859375 0.6228986015625001 0.14679107666015626
0 0.557812 0.1695315 0.59789226171875 0.21545944189453126
