4 0.099375 0.4179165 0.1936529541015625 0.47695583789062496
4 0.115 0.24708299999999997 0.1886376953125 0.33551127734375
4 0.14750000000000002 0.5666665 0.22985595703125 0.6675951529947916
4 0.205625 0.29125 0.2779241943359375 0.3771207682291667
4 0.23593750000000002 0.41500000000000004 0.3191445922851563 0.4886266354166666
4 0.228125 0.135 0.2847772216796875 0.21815721875000002
4 0.28875 0.7312500000000001 0.372843017578125 0.8157148515625
4 0.3075 0.5870829999999999 0.39094970703125 0.7000685690104166
4 0.345 0.305 0.41966308593749996 0.3996028645833334
4 0.334375 0.1229165 0.3921734619140625 0.19567295247395833
4 0.40125 0.4575 0.477733154296875 0.557737296875
4 0.41812499999999997 0.681667 0.5014666748046874 0.7907794127604167
4 0.45343749999999994 0.223333 0.5276821899414063 0.3030422018229167
4 0.5496875 0.52625 0.6313381958007812 0.6368147786458332
4 0.546875 0.33833350000000006 0.6244659423828125 0.4337264615885417
