6 0.1096875 0.23170749999999996 0.12989288330078125 0.2670157503660322
6 0.3109375 0.5736399999999999 0.34032135009765624 0.6389351171303074
6 0.3425 0.18433400000000003 0.36091552734375004 0.2079851112737921
6 0.48968750000000005 0.3180115 0.5395217895507813 0.40103539019033674
6 0.5365625 0.5816135 0.6038510131835938 0.6820754428989751
6 0.5059375 0.5802065000000001 0.5395059204101563 0.6755105029282578
6 0.57375 0.5811445 0.594439697265625 0.6811381295754027
6 0.5834375 0.457317 0.5888052368164063 0.4674354289897511
6 0.633125 0.43339599999999995 0.6587567138671876 0.5012414524158125
6 0.6599999999999999 0.6125705000000001 0.68310546875 0.682030117862372
6 0.7275 0.54409 0.7480395507812501 0.5789403821376281
6 0.725 0.5154785 0.7292919921875 0.5236352730600292
6 0.7303124999999999 0.5384620000000001 0.7361618041992187 0.5479926222547585
6 0.7424999999999999 0.523921 0.7486499023437501 0.5330039121522694
6 0.7987500000000001 0.32364 0.826719970703125 0.389770149341142
6 0.7915625 0.35225100000000004 0.8117269897460937 0.38503725915080533
6 0.8515625 0.14962499999999998 0.8554183959960937 0.1601939297218155
6 0.86125 0.156191 0.8654089355468749 0.16581231625183018
6 0.86875 0.1496245 0.872901611328125 0.15644093045387994
