13 0.0 0.134167 0.051875 0.2039923033854167
13 0.0 0.7008329999999999 0.07125 0.7849204570312499
13 0.0 0.86875 0.1175 0.9605358151041666
13 0.052812500000000005 0.33208350000000003 0.10057342529296875 0.41373459960937503
13 0.06812499999999999 0.07708350000000001 0.12805847167968748 0.136566630859375
13 0.1090625 0.5879165 0.17551849365234376 0.6767344837239583
13 0.1096875 0.21833350000000004 0.17551788330078125 0.29471571158854165
13 0.133125 0.9595835 0.2067449951171875 0.9979175423177084
13 0.1428125 0.7608334999999999 0.20298553466796876 0.8431763313802083
13 0.1525 0.3620835 0.21422607421875 0.428695537109375
13 0.16593750000000002 0.9004165000000001 0.21046295166015624 0.9671605826822917
13 0.179375 0.11833300000000001 0.2373248291015625 0.19317892057291666
13 0.19718750000000002 0.25791650000000005 0.24168243408203124 0.32216417122395835
13 0.22531250000000003 0.6708335 0.2904049682617188 0.7457935188802084
13 0.24875 0.490833 0.307257080078125 0.57019389453125
13 0.24281250000000001 0.40541699999999997 0.29038787841796876 0.44613911328125
13 0.2634375 0.8962499999999999 0.3291177368164062 0.9830000078125
13 0.2778125 0.3029165 0.3372286987304688 0.3829385774739584
13 0.2721875 0.0566665 0.3216091918945313 0.11075921549479166
13 0.29125 0.165 0.349715576171875 0.23478515625
13 0.3315625 0.7420835 0.3990512084960937 0.8215337454427084
13 0.34687500000000004 0.5683330000000001 0.4027862548828125 0.6475929830729167
13 0.34625 0.93375 0.392161865234375 0.9962841796875
13 0.3578125 0.4045835 0.4115255737304687 0.4769731985677083
13 0.389375 0.09375 0.4452447509765625 0.1607109296875
13 0.3884375 0.0 0.43899566650390626 0.023333000000000003
13 0.3903125 0.25125 0.4414938354492188 0.32550585156249995
13 0.43875 0.8866670000000001 0.49207153320312497 0.9555124856770835
13 0.446875 0.9787500000000001 0.5008135986328125 0.9978925859375001
13 0.4559375 0.7324999999999999 0.5083047485351563 0.8107132239583335
13 0.46187500000000004 0.34958350000000005 0.5151739501953125 0.4137118131510417
13 0.4675 0.490833 0.5239184570312501 0.57019389453125
13 0.4578125 0.19791700000000004 0.5033029174804687 0.2539092955729167
13 0.4696875 0.07625 0.5114163208007813 0.13490071614583335
13 0.5956250000000001 0.960417 0.6400433349609375 0.9979164570312501
13 0.6174999999999999 0.82375 0.68252197265625 0.9155944088541667
13 0.6071875 0.3279165 0.6594070434570313 0.41540602539062493
13 0.6065625 0.0866665 0.6544076538085938 0.15572015299479167
13 0.6228125 0.609167 0.6856417846679688 0.6833738138020834
13 0.6621874999999999 0.22083350000000002 0.7331033325195313 0.30137945638020835
13 0.6875 0.4641665 0.75120361328125 0.5527286165364583
13 0.69 0.0 0.747451171875 0.160833
13 0.71 0.7229164999999999 0.7718066406249999 0.7865587024739583
13 0.733125 0.9733335000000002 0.8167840576171875 0.9978996386718751
13 0.7003125 0.34166649999999993 0.7330661010742188 0.37205512174479166
13 0.7384375 0.8875000000000001 0.8017788696289062 0.9705114010416667
13 0.8353125 0.0 0.9760592651367188 0.041667
13 0.7384375 0.31583350000000004 0.7705288696289062 0.3512557584635417
13 0.7846875 0.61375 0.8554837036132812 0.7125338463541667
13 0.77125 0.3966665 0.809246826171875 0.46698350716145837
13 0.8162499999999999 0.0 0.874827880859375 0.14166700000000002
13 0.849375 0.460833 0.9254205322265625 0.53773295703125
13 0.853125 0.77625 0.9254168701171875 0.8689892578124999
13 0.8668750000000001 0.9466665000000001 0.9410284423828125 0.9962673613281251
13 0.8615625 0.3141665 0.9229086303710937 0.39459092903645837
13 0.8828125 0.8574999999999999 0.9460128784179688 0.9263834635416667
13 0.8996875 0.16958349999999997 0.9641213989257812 0.26394618815104165
13 0.9003125 0.605 0.9534957885742187 0.6817122395833333
13 0.9575 0.48374999999999996 0.99843994140625 0.5835371171875
13 0.9540625 0.3379165 0.9846932983398438 0.39956000455729174
13 0.9559375 0.7275 0.9846914672851562 0.795719734375
13 0.9665625 0.9545835 0.9984310913085938 0.997924052734375
13 0.969375 0.8279165 0.9984283447265625 0.8947549837239582
13 0.9790625 0.61125 0.9984188842773437 0.6475371015625001
13 0.9846874999999999 0.7058335000000001 0.9984133911132813 0.7540809459635417
