0 0.7075195 0.21479600000000001 0.7610280629882812 0.2722298204081633
0 0.1777345 0.477041 0.24494343115234374 0.5117582234693877
0 0.1699215 0.5387755000000001 0.22639606103515625 0.5729192290816326
0 0.1796875 0.41275500000000004 0.24591852392578126 0.4495788214285714
0 0.1870115 0.345918 0.24005137158203124 0.38536102244897963
0 0.1875 0.5892855000000001 0.24102789453125 0.6218476882653062
0 0.21582 0.6494895 0.27615623828125 0.7023982556122449
0 0.22412100000000001 0.29387800000000003 0.27419513183593747 0.33847612448979597
0 0.2524415 0.2545915 0.2976054750976563 0.2976992127551021
0 0.25683599999999995 0.7086735 0.30150718359374995 0.7666238637755102
0 0.289551 0.48571450000000005 0.3376082353515625 0.5137903729591837
0 0.2958985 0.559694 0.34541403662109377 0.5922858836734693
0 0.296875 0.42091850000000003 0.34541308300781254 0.4516114913265305
0 0.296387 0.21275500000000003 0.33564855957031253 0.2630479030612245
0 0.30859349999999997 0.7556125 0.35223763916015627 0.8165759668367348
0 0.31103499999999995 0.3642855 0.35711825488281246 0.4026892801020408
0 0.335449 0.6234694999999999 0.3824844130859375 0.6646698066326531
0 0.3417965 0.3132655 0.38052521435546877 0.3598843413265306
0 0.352051 0.179592 0.3971172001953125 0.23451074285714285
0 0.369141 0.782143 0.40198351074218747 0.8440998948979591
0 0.381836 0.6510205 0.42736111328125 0.702396693367347
0 0.3852535 0.507653 0.4273577758789063 0.5402979867346939
0 0.38916000000000006 0.44438799999999995 0.4322369609375 0.4740365428571428
0 0.38915999999999995 0.28979600000000005 0.41856496093749995 0.34052028979591836
0 0.4091795 0.392857 0.4517484106445312 0.4322521255102041
0 0.41699250000000004 0.5556125000000001 0.4556477807617188 0.5984130484693877
0 0.412109 0.162245 0.4449095498046875 0.214120443877551
0 0.436035 0.8158160000000001 0.4819961845703125 0.8746775346938775
0 0.451172 0.6964285000000001 0.48393440234375 0.7543913586734695
0 0.4501955000000001 0.27193849999999997 0.4770993559570313 0.32013051173469387
0 0.45263700000000007 0.36326499999999995 0.48197997167968754 0.4077923214285714
0 0.4750975 0.5785715 0.5053950375976564 0.6300216209183673
0 0.4848635 0.46020399999999995 0.5200345004882813 0.4995304040816327
0 0.48876949999999997 0.1591835 0.5278426860351563 0.22024556785714286
0 0.5126955 0.822449 0.5463743208007813 0.8858957663265307
0 0.515137 0.2729595 0.5512549365234375 0.3211504698979592
0 0.5249025 0.6862245 0.5649173999023437 0.7513407709183674
0 0.5214844999999999 0.36326499999999995 0.5532017377929687 0.4077923214285714
0 0.5371094999999999 0.5668364999999999 0.5717414790039062 0.6096255954081632
0 0.5654295 0.394898 0.6078458227539062 0.4291890428571429
0 0.5751955 0.5229595 0.6244382856445313 0.5586503678571428
0 0.5698245 0.15918349999999998 0.6049125307617187 0.21514356785714284
0 0.5737300000000001 0.8117345 0.607837716796875 0.8767226994897959
0 0.5913085 0.4607145 0.6429775502929688 0.49136688316326527
0 0.582031 0.28010199999999996 0.6215016103515625 0.32522418163265304
0 0.5893554999999999 0.672449 0.6293074575195312 0.7258448275510204
0 0.6191405000000001 0.3117345 0.6693173706054688 0.3496819035714286
0 0.6215820000000001 0.6270405000000001 0.674197986328125 0.6677271627551021
0 0.6308590000000001 0.17397949999999998 0.6771179267578126 0.22227146989795915
0 0.631348 0.7918365000000002 0.67223544921875 0.8522530035714286
0 0.658203 0.353061 0.7073652236328125 0.39045573367346936
0 0.6621094999999999 0.576531 0.7122444086914062 0.6157387030612246
0 0.682129 0.747959 0.7356618583984375 0.7992367765306122
0 0.6914065 0.452041 0.7473717983398438 0.4811717336734694
0 0.6865235000000001 0.39540800000000004 0.7337045668945312 0.4251065224489797
0 0.692383 0.5239795 0.7454178447265625 0.5576283270408163
0 0.729492 0.6892855 0.78053760546875 0.7329696474489795
0 0.740723 0.26683700000000005 0.7922456376953124 0.2987077173469388
0 0.7724605 0.6479594999999999 0.8263936440429688 0.6932168168367348
0 0.7700195000000001 0.315816 0.8166310278320312 0.35784073877551026
0 0.7978514999999999 0.37908150000000007 0.8517598481445312 0.4149191821428572
0 0.8076175 0.572959 0.8663993110351562 0.6167623479591837
0 0.8090824999999999 0.44336749999999997 0.8663978803710937 0.4740375841836734
0 0.821777 0.519388 0.8820094833984375 0.5464090122448979
