17 0.153947 0.802222 0.1919546611328125 0.8920092013201321
17 0.21118399999999998 0.803333 0.24058276562499997 0.8920073679867989
17 0.35394749999999997 0.6344445000000001 0.38781234814453125 0.7211750618811882
17 0.432237 0.6533335 0.4798408935546875 0.7366998919141914
17 0.4657895 0.5722225000000001 0.5245451274414062 0.6679447384488449
17 0.5947365 0.326667 0.6349452026367188 0.41723894554455443
17 0.6723684999999999 0.3322225 0.7138173901367187 0.41722977805280526
17 0.7230265 0.3633335 0.7585049194335938 0.4594004397689769
17 0.8822365 0.347778 0.9280854409179687 0.457204108910891
17 0.955263 0.2677775 0.9977511259765626 0.34400212293729376
