2 0.0 0.0 0.208008 0.233073
2 0.053711 0.251302 0.200195 0.398438
2 0.162109 0.09375 0.40136700000000003 0.398438
2 0.219727 0.372396 0.394531 0.4830729999999999
2 0.26757800000000004 0.02474 0.31054699999999996 0.111979
2 0.302734 0.0 0.496094 0.161458
2 0.39355500000000004 0.140625 0.571289 0.414062
2 0.394531 0.393229 0.508789 0.4700520000000001
2 0.507812 0.0 0.7089840000000001 0.240885
2 0.607422 0.638021 0.682617 0.7070310000000001
2 0.678711 0.670573 0.776367 0.7617189999999999
2 0.682617 0.514323 0.796875 0.671875
2 0.7617189999999999 0.619792 0.8193360000000001 0.7382810000000001
2 0.789062 0.585938 0.8681639999999999 0.692708
2 0.8193360000000001 0.5507810000000001 0.914062 0.654948
2 0.863281 0.497396 0.9443360000000001 0.617188
