13 0.0 0.9036459999999998 0.029687 0.9175733776041666
13 0.0597655 0.6671875000000002 0.07337863525390625 0.6845482662760417
13 0.1 0.5546875 0.11943334375 0.5742777506510416
13 0.154687 0.7057290000000002 0.1701609384765625 0.71991408203125
13 0.157422 0.3520835 0.174846267578125 0.3880835579427084
13 0.1941405 0.3385415 0.21387240966796875 0.3766421907552083
13 0.2 0.2625 0.22480468750000002 0.288200203125
13 0.2152345 0.7677084999999999 0.22478981005859375 0.7875423795572916
13 0.2523435 0.7734375 0.27162857080078123 0.788575919921875
13 0.2839845 0.5421875 0.3114416713867188 0.5857520266927084
13 0.36796850000000003 0.586458 0.39729665576171874 0.6325693828125001
13 0.3894535 0.16145849999999998 0.40821367431640626 0.19458176757812498
13 0.40664049999999996 0.219271 0.4238218901367187 0.2476314908854167
13 0.4496095 0.2546875 0.4745609282226562 0.27779337565104173
13 0.46523400000000004 0.530729 0.49407666992187504 0.5586839466145833
13 0.491016 0.977604 0.5174894921875001 0.997685078125
13 0.5109375 0.49427099999999996 0.5338760375976563 0.5222734179687499
13 0.5496095000000001 0.6692705 0.5807132719726563 0.6949615540364583
13 0.55625 0.5411455 0.586956787109375 0.5732533834635416
13 0.584375 0.346875 0.5994293212890625 0.36204833984374996
13 0.5964845 0.8885415000000001 0.6236364956054687 0.9238430449218752
13 0.664844 0.9697915 0.68997573828125 0.9976952506510416
13 0.6527345 0.4010415 0.6618625639648438 0.429685810546875
13 0.7101565000000001 0.6453124999999998 0.7289944877929687 0.6835347493489582
13 0.711328 0.804167 0.72430534375 0.8187449075520833
13 0.7214845 0.434896 0.7328894252929687 0.46505872916666674
13 0.7371095000000001 0.6796875 0.7594361665039063 0.704322990234375
13 0.749219 0.614583 0.7641123408203124 0.6325327617187501
13 0.7683595000000001 0.6411455 0.7836246489257813 0.6637481751302085
13 0.9386720000000001 0.8651045 0.9670523281250001 0.8874155618489583
13 0.9343754999999999 0.916667 0.9475255239257812 0.9342234231770834
13 0.9671879999999999 0.8182290000000001 0.98186848046875 0.8353925976562501
13 0.9851565 0.797396 0.9943509331054686 0.8250037239583333
13 0.9871095000000001 0.8776040000000002 0.9982550258789064 0.8926072864583334
