17 0.228125 0.7682925000000002 0.31 0.3846149999999998
17 0.516875 0.10084400000000002 0.29875 0.19981200000000002
17 0.56375 0.4394935 0.3125 0.4193250000000001
17 0.7584375000000001 0.6552530000000001 0.07187500000000002 0.10788000000000013
17 0.78625 0.7040335 0.09749999999999992 0.13977499999999998
17 0.7865625 0.9183865 0.0668749999999999 0.06941899999999986
17 0.801875 0.824109 0.09000000000000008 0.126642
17 0.82625 0.595685 0.09499999999999997 0.14634199999999994
17 0.8631249999999999 0.760319 0.09750000000000003 0.1923079999999999
17 0.8640625 0.8944650000000001 0.06062500000000004 0.08348999999999988
17 0.8825000000000001 0.6468105000000001 0.09124999999999994 0.1378990000000001
17 0.9178125 0.8348965000000002 0.078125 0.13696100000000014
17 0.9203125 0.57833 0.078125 0.11163199999999995
17 0.923125 0.6923075 0.05249999999999999 0.144465
17 0.9528125000000001 0.5272045 0.020625000000000004 0.08255100000000003
