18 0.0 0.70625 0.096875 0.8390629999999999
18 0.023438 0.557813 0.12031199999999999 0.634375
18 0.095312 0.70625 0.21093800000000001 0.8390629999999999
18 0.12031199999999999 0.557813 0.215625 0.667188
18 0.21093800000000001 0.73125 0.307813 0.8546879999999999
18 0.2125 0.5625 0.29375 0.651563
18 0.27968699999999996 0.75625 0.378125 0.8546879999999999
18 0.290625 0.571875 0.38125 0.64375
18 0.315625 0.707812 0.4 0.782812
18 0.375 0.779688 0.476562 0.8609370000000001
18 0.378125 0.542188 0.46875 0.648438
18 0.3875 0.43593699999999996 0.43593699999999996 0.504687
18 0.396875 0.701563 0.484375 0.779688
18 0.403125 0.304688 0.45625 0.396875
18 0.43125 0.446875 0.509375 0.521875
18 0.464063 0.31875 0.532812 0.410937
18 0.473437 0.548437 0.55625 0.634375
18 0.476562 0.775 0.564062 0.85625
18 0.495313 0.7 0.573438 0.782812
18 0.50625 0.45 0.573438 0.515625
18 0.5375 0.328125 0.615625 0.417188
18 0.557813 0.548437 0.635938 0.639063
18 0.567187 0.75625 0.673437 0.8640620000000001
18 0.579687 0.473437 0.646875 0.5375
18 0.58125 0.4375 0.648438 0.4875
18 0.5875 0.69375 0.676562 0.785937
18 0.623438 0.32968800000000004 0.68125 0.403125
18 0.639063 0.540625 0.732813 0.642187
18 0.646875 0.464063 0.704687 0.528125
18 0.673437 0.753125 0.759375 0.8640620000000001
18 0.679688 0.3375 0.75 0.396875
18 0.709375 0.45625 0.789062 0.542188
18 0.729688 0.559375 0.8125 0.665625
18 0.757812 0.332812 0.817187 0.409375
18 0.757812 0.703125 0.835938 0.789062
18 0.757812 0.773438 0.853125 0.8796870000000001
18 0.784375 0.43593699999999996 0.8640620000000001 0.520312
18 0.803125 0.55625 0.8921870000000001 0.648438
18 0.821875 0.34375 0.9078120000000001 0.45
18 0.8328120000000001 0.7125 0.9125 0.775
18 0.8546879999999999 0.765625 0.9328129999999999 0.875
18 0.8609370000000001 0.45625 0.9203129999999999 0.514063
18 0.878125 0.5625 0.960938 0.65
18 0.921875 0.792188 0.996875 0.875
18 0.925 0.734375 0.9984379999999999 0.798437
