4 0.12052750000000001 0.561875 0.2079207536764706 0.6169512939453126
4 0.22363449999999996 0.653125 0.39044312573529405 0.7668621826171874
4 0.180791 0.43281250000000004 0.3001111308823529 0.5127023315429688
4 0.38700549999999995 0.9409375 0.5342708742647059 0.9784561157226562
4 0.4500945 0.41718750000000004 0.6066830963235295 0.5039675903320313
4 0.5249524999999999 0.8496874999999999 0.6913180110294118 0.9479202270507813
4 0.5089455 0.68875 0.6574435507352941 0.764952392578125
4 0.5696795 0.5465625 0.7063182360294118 0.6425912475585936
4 0.7730695000000001 0.40531249999999996 0.9169421330882352 0.47647918701171876
4 0.8145005000000001 0.5325 0.9432462051470589 0.60447998046875
4 0.846516 0.928125 0.9865141235294119 0.9753436279296874
4 0.8747645000000001 0.8196875 0.9864725816176472 0.8998245239257813
