1 0.23150000000000004 0.404 0.2706610541727672 0.42093846875
1 0.3355 0.486333 0.36850878477306004 0.5028580654296876
1 0.398 0.30033350000000003 0.42941727672035135 0.31637370556640626
1 0.43300000000000005 0.7213335000000001 0.4653660322108346 0.7332955727539062
1 0.4765 0.707 0.5093023426061494 0.7233095703125
1 0.48050000000000004 0.14500000000000002 0.5142964860907759 0.1645253984375
1 0.5025 0.18933299999999997 0.5322642752562227 0.20514810449218748
1 0.5509999999999999 0.403 0.5781932650073206 0.4222734453125
1 0.5690000000000001 0.376667 0.5991669106881405 0.3882991611328125
1 0.6745 0.654 0.7430124450951683 0.684028328125
1 0.64 0.3716665 0.6710629575402637 0.39163704443359376
1 0.6425 0.332333 0.6710592972181553 0.3490084560546875
1 0.6485000000000001 0.48033349999999997 0.6740505124450952 0.5021979243164062
1 0.65 0.7386665 0.6760483162518303 0.7592786459960937
1 0.727 0.373 0.7609355783308932 0.3863027421875
1 0.7394999999999999 0.2826665 0.7809172767203514 0.29772395849609373
1 0.733 0.747 0.7549267935578331 0.7592705078125
1 0.7474999999999999 0.4553335 0.7839055636896047 0.47222233837890626
1 0.768 0.23199999999999998 0.7938755490483163 0.2464404375
1 0.7719999999999999 0.186 0.7968696925329428 0.198485359375
1 0.8235 0.4046665 0.842794289897511 0.4256048178710937
1 0.845 0.374 0.8677628111273792 0.391634765625
1 0.85 0.593 0.8707554904831625 0.6054208984375
1 0.8695 0.428 0.8967269399707175 0.44291503125
1 0.872 0.6246670000000001 0.8967232796486092 0.6480569736328124
1 0.8859999999999999 0.796 0.9087027818448024 0.80722265625
1 0.9195 0.4203335 0.9396537335285505 0.43425651806640625
1 0.9269999999999999 0.534 0.9476427525622253 0.550811515625
1 0.953 0.5563335 0.9736046852122987 0.5714567055664062
1 0.9714999999999999 0.36566699999999996 0.9975775988286969 0.3883099033203125
1 0.9895000000000002 0.563 0.9975512445095168 0.5881171953125001
