4 0.3621875 0.32166649999999997 0.42152130126953125 0.42055255121527774
4 0.21562499999999998 0.0 0.4297894287109375 0.453333
4 0.315625 0.9594445 0.37594177246093746 0.9972232977430555
4 0.4346875 0.882778 0.49520050048828124 0.9873563993055554
4 0.4828125 0.968889 0.5320285034179687 0.9972069010416666
4 0.5609375 0.21666649999999998 0.6450772094726562 0.3685128428819444
4 0.71375 0.7711115 0.738677978515625 0.8142172647569444
4 0.7371875 0.25611100000000003 0.7767800903320312 0.3206663628472223
4 0.7240625 0.7361110000000001 0.7367929077148438 0.7620550295138889
4 0.75875 0.7555555 0.786759033203125 0.7986882717013889
4 0.8140625 0.9872224999999999 0.8410800170898438 0.997175072048611
4 0.8440624999999999 0.556111 0.8879257202148438 0.6301455295138889
4 0.905 0.8216665 0.9216162109375 0.8374624956597222
4 0.9190625 0.8705554999999999 0.9416024780273438 0.9007106189236109
4 0.92625 0.9155555 0.945970458984375 0.9595214939236113
4 0.9340625 0.9555554999999999 0.9472128295898438 0.9916740494791667
