17 0.22843750000000002 0.1890245 0.2879019165039063 0.2839632437774524
17 0.23031250000000003 0.188086 0.29040008544921875 0.28584061786237186
17 0.265 0.21669799999999997 0.3316162109375 0.2951797262079063
17 0.2659375 0.21669799999999997 0.33036529541015625 0.29142772620790625
17 0.290625 0.12148250000000001 0.33534118652343753 0.17055413396778915
17 0.295 0.11632300000000001 0.34158691406249997 0.16024268814055637
17 0.36343749999999997 0.207317 0.4283950805664063 0.2839364612005857
17 0.3684375 0.1993435 0.4327651977539062 0.268001135431918
17 0.6040625 0.571764 0.6937850952148437 0.6680188638360176
17 0.6040625 0.5703564999999999 0.6912850952148437 0.6717729245973645
17 0.62625 0.22701700000000002 0.6831384277343749 0.3139266178623719
