6 0.11328099999999999 0.8196614999999999 0.1561393740234375 0.858307732421875
6 0.12011750000000002 0.951172 0.13660169775390626 0.9909494947916665
6 0.147461 0.28320300000000004 0.1814969951171875 0.31864124609375005
6 0.26953150000000003 0.5117185000000001 0.33079178564453127 0.6113126998697918
6 0.292969 0.38476550000000004 0.36397189746093744 0.5359570032552082
6 0.307617 0.9316405 0.34051959277343746 0.9675369264322917
6 0.368652 0.9628905 0.38049898828125 0.9831212363281251
6 0.5600585 0.0 0.7475000678710938 0.476562
6 0.5615235 0.751953 0.6576546372070312 0.9560518945312501
6 0.7387695000000001 0.9589840000000001 0.7551375454101563 0.9753133229166667
