4 0.35 0.401667 0.39903320312499996 0.5148586614583334
4 0.4284375 0.560556 0.49770660400390626 0.6645828125000001
4 0.44937499999999997 0.35666700000000007 0.5001861572265625 0.45493678645833335
4 0.4796875 0.7494445 0.5476565551757813 0.8553658810763889
4 0.4865625 0.855556 0.5476498413085937 0.9140706597222221
4 0.62 0.4433335 0.69251953125 0.5603413237847222
4 0.6140625 0.7933334999999999 0.6587753295898438 0.8875116848958332
4 0.66875 0.22 0.743721923828125 0.31406205555555555
4 0.7209375 0.7150000000000001 0.7805459594726563 0.7698696805555556
4 0.7224999999999999 0.8666670000000001 0.77554443359375 0.9640513697916666
