0 0.0 0.2584745 0.088125 0.3508438904411764
0 0.07312500000000001 0.4708095 0.1336785888671875 0.5605126330882354
0 0.1134375 0.608286 0.18238922119140624 0.7232104617647058
0 0.13718750000000002 0.9741055000000001 0.16861602783203125 0.9976254919117648
0 0.246875 0.5 0.3272589111328125 0.6113177058823529
0 0.27625 0.1553675 0.344105224609375 0.2831995183823529
0 0.25625 0.957156 0.301624755859375 0.9976504176470586
0 0.2721875 0.8606405000000001 0.3091091918945313 0.9252883522058823
0 0.3746875 0.0 0.44213409423828126 0.129002
0 0.38187499999999996 0.2198685 0.4396270751953125 0.30476166397058824
0 0.4153125 0.49058350000000006 0.5039694213867187 0.6075645536764706
0 0.4665625 0.3474575000000001 0.5501693725585938 0.47029903308823534
0 0.5009375 0.0 0.5857608032226563 0.252354
0 0.479375 0.841337 0.5282818603515625 0.9271997397058824
0 0.5709375 0.7476455000000001 0.5988174438476562 0.7898605213235295
0 0.6215625 0.0 0.6687680053710938 0.059322
0 0.72 0.772128 0.843046875 0.9273015176470589
0 0.696875 0.5084744999999999 0.7893194580078126 0.6951092433823529
0 0.7528125 0.13276849999999998 0.7867648315429687 0.17117975220588236
0 0.8396875 0.5056495000000001 0.9029299926757813 0.6169583977941177
0 0.85 0.9279659999999998 0.900419921875 0.997693344117647
0 0.8612500000000001 0.22080950000000002 0.909783935546875 0.2906352801470588
0 0.9425 0.289548 0.96720458984375 0.343265194117647
0 0.97 0.146893 0.9903027343749999 0.22577298088235292
0 0.971875 0.3328625 0.9928009033203126 0.4392464963235294
