0 0.0 0.488372 0.08051900000000001 0.6194430874635568
0 0.0 0.0 0.11168800000000001 0.193798
0 0.138961 0.11046500000000001 0.1842802958984375 0.197512972303207
0 0.157143 0.8875970000000001 0.21802854003906252 0.9754501268221574
0 0.2428575 0.4748065 0.31404883447265625 0.557447862244898
0 0.2545455 0.6007754999999999 0.32442642041015624 0.6580392339650145
0 0.2311685 0.972868 0.2725012495117187 0.9947058250728863
0 0.312987 0.2034885 0.38411034863281246 0.2865253695335277
0 0.3974025 0.18604649999999998 0.4515599116210937 0.25166679518950436
0 0.4454545 0.9089145000000001 0.5216429858398437 0.9947990517492711
0 0.483117 0.511628 0.5449832060546875 0.6077811865889213
0 0.564935 0.9069765 0.6332143056640624 0.9948018768221573
0 0.5740259999999999 0.43217050000000007 0.646192427734375 0.5497580138483965
0 0.6142855 0.10658899999999999 0.6981011118164062 0.19364262244897956
0 0.651948 0.2054265 0.70325933203125 0.2555145444606414
0 0.805195 0.903101 0.8693436767578124 0.994807526239067
0 0.8181814999999999 0.616279 0.8927069946289061 0.7006516341107871
0 0.8350650000000001 0.4399225 0.9212625068359376 0.5536227135568512
0 0.849351 0.118217 0.9134565556640626 0.21300567201166182
0 0.953247 0.1782945 0.9964720947265625 0.2749340954810496
