0 0.0 0.7750000000000001 0.11406300000000001 0.8476801640625001
0 0.0 0.3078125 0.15625 0.41688740185546874
0 0.0 0.4625 0.159375 0.51517333984375
0 0.0 0.12109400000000001 0.1875 0.204569744140625
0 0.0 0.642969 0.351562 0.7946851005859376
0 0.0 0.8882815 0.375 0.9975705375976562
0 0.0875 0.0 0.16085255078125 0.0625
0 0.1960935 0.413281 0.3623085024414062 0.5324084052734375
0 0.2218755 0.20234400000000002 0.3763463247070313 0.31386539843750005
0 0.284375 0.0 0.41222229003906247 0.14843800000000001
0 0.44296900000000006 0.9398439999999999 0.6386304130859376 0.9975201835937499
0 0.460156 0.7578125 0.64017562890625 0.8961349487304687
0 0.4078125 0.5328125 0.5339767456054688 0.6463546752929688
0 0.47578149999999997 0.3125 0.6214103696289062 0.41844482421875
0 0.47734350000000003 0.120313 0.5807838442382813 0.2233205068359375
0 0.48984400000000006 0.0 0.5713966367187501 0.05625
0 0.65625 0.5390630000000001 0.807172130859375 0.6697865712890625
0 0.6828125 0.0 0.7805831909179688 0.057812999999999996
0 0.764844 0.3515625 0.9430030820312499 0.47465667724609373
0 0.71875 0.1382815 0.846173095703125 0.22173995947265623
0 0.7484375 0.776562 0.9023941040039062 0.922678638671875
0 0.764844 0.9390625 0.9164410820312499 0.9975209467773437
0 0.89375 0.0 0.997565197265625 0.064062
0 0.9046879999999999 0.141406 0.997554515625 0.245173908203125
0 0.9132815 0.3328125 0.9975461235351561 0.45748698779296876
0 0.9226565 0.5890625 0.9975369682617187 0.7322377436523438
0 0.953125 0.8656254999999999 0.9975072138671874 0.9975926625976562
