16 0.49531249999999993 0.28624999999999995 0.07687499999999997 0.10583400000000003
16 0.1946875 0.5754165 0.016875 0.07583300000000011
16 0.208125 0.6325 0.028749999999999998 0.0650000000000001
16 0.24625 0.6774999999999999 0.03999999999999998 0.06833399999999996
16 0.2984375 0.7195830000000001 0.05437500000000001 0.06750000000000005
16 0.35531250000000003 0.7679165 0.080625 0.09416699999999996
16 0.3515625 0.35416700000000007 0.046875 0.050000000000000044
16 0.38125 0.424167 0.04624999999999996 0.09999999999999994
16 0.4278125 0.785 0.08812500000000001 0.09166600000000003
16 0.43625 0.292083 0.03750000000000003 0.07750000000000005
16 0.49031250000000004 0.7825000000000001 0.09937500000000005 0.06499999999999995
16 0.578125 0.7841670000000001 0.08374999999999999 0.07500000000000002
16 0.5696875 0.29875 0.059374999999999956 0.12083400000000004
16 0.62125 0.30083299999999996 0.07250000000000001 0.09500000000000004
16 0.6409374999999999 0.7479165 0.06437499999999996 0.08583300000000005
16 0.6959375 0.705 0.05812499999999998 0.10333399999999997
16 0.731875 0.6758329999999999 0.04749999999999999 0.09000000000000001
16 0.76 0.6275000000000001 0.03750000000000009 0.09333400000000003
16 0.7809375000000001 0.5783335 0.026875000000000093 0.05666699999999995
