13 0.073125 0.78875 0.1080535888671875 0.8314729817708333
13 0.12656250000000002 0.7429169999999999 0.15425140380859376 0.7656996601562499
13 0.12843749999999998 0.8099999999999999 0.15799957275390625 0.8522783125000001
13 0.1365625 0.89875 0.16486663818359376 0.9413297526041667
13 0.15281250000000002 0.71375 0.18172576904296875 0.7490706380208333
13 0.18593749999999998 0.7954169999999999 0.21481842041015625 0.83313130078125
13 0.188125 0.8770835 0.21919128417968747 0.9205249641927082
13 0.18937500000000002 0.9358335000000001 0.21606506347656249 0.9504484667968751
13 0.2159375 0.7345830000000001 0.24603912353515625 0.7748765117187499
13 0.245 0.9129170000000001 0.26913574218749997 0.9504783059895834
13 0.2525 0.842917 0.27037841796875 0.8730694518229166
13 0.2571875 0.7920835 0.27412384033203124 0.8314686412760417
13 0.3684375 0.8125 0.39714019775390624 0.8572750572916666
13 0.39875000000000005 0.8883335 0.433360595703125 0.9363433157552082
13 0.403125 0.9591664999999999 0.43585632324218754 0.9912510852864583
13 0.4290625 0.81625 0.45645599365234374 0.8489371744791666
13 0.46187500000000004 0.8866665 0.4857989501953125 0.918845486328125
13 0.47343749999999996 0.9375 0.5014126586914062 0.9721122968749999
13 0.48906249999999996 0.8316664999999999 0.5051473999023437 0.8639171009114582
13 0.5228125 0.9054165 0.5532394409179687 0.9463210722656251
13 0.5534375 0.88625 0.5794595336914062 0.9230130286458333
