0 0.39914 0.39495300000000005 0.49609221484375 0.5405008900293256
0 0.475762 0.0 0.895547388671875 0.9143190000000002
0 0.133698 0.2353285 0.206280435546875 0.36115694354838707
0 0.20054750000000002 0.119718 0.26407315283203125 0.22869746041055716
0 0.2275215 0.42723 0.3117398110351562 0.5205005630498534
0 0.27208750000000004 0.641432 0.3531352895507813 0.7408434838709677
0 0.3010165 0.19777 0.38750903857421876 0.3048740146627566
0 0.4311965 0.13145549999999998 0.5398449096679687 0.25450225
0 0.421814 0.657277 0.5101430722656249 0.7725102507331378
0 0.532447 0.785798 0.6054220322265624 0.9014298035190615
0 0.56724 0.42488299999999996 0.6507360546875 0.5733210043988269
0 0.6340889999999999 0.6696009999999999 0.7249477724609374 0.8030091803519063
0 0.6321345 0.0 0.7179126811523437 0.293427
0 0.7505865 0.500587 0.8155300053710937 0.6060740014662757
0 0.7955435 0.267019 0.8975811020507812 0.4151014765395895
0 0.765833 0.0780515 0.8374071162109373 0.14777255498533723
