1 0.349093 0.41308599999999995 0.387953 0.513672
1 0.415803 0.47460899999999995 0.47603599999999996 0.620117
1 0.49287600000000004 0.170898 0.724741 0.620117
1 0.494171 0.30956999999999996 0.610751 0.6152340000000001
1 0.582902 0.608398 0.630181 0.705078
1 0.599741 0.166992 0.731865 0.38867199999999996
1 0.707254 0.277344 0.826425 0.5058590000000001
1 0.727332 0.09765599999999998 0.8672280000000001 0.26757800000000004
1 0.8277200000000001 0.35644499999999996 0.9034969999999999 0.5195310000000001
1 0.9287559999999999 0.09375 0.999352 0.332031
