1 0.10517800000000001 0.7826635000000001 0.19080670062893082 0.8593696801757813
1 0.204962 0.11850899999999999 0.281295186163522 0.1673882685546875
1 0.3322545 0.237437 0.41597906981132077 0.3104881279296875
1 0.33441200000000004 0.7508374999999999 0.4051883559748428 0.8300877602539062
1 0.36245949999999993 0.3865155 0.4299650761006289 0.43597054345703123
1 0.45685 0.2345055 0.5053583459119497 0.29122799072265626
1 0.6251344999999999 0.39237849999999996 0.7532586672955975 0.4803538178710937
1 0.5533980000000001 0.597152 0.6044819018867924 0.6350948437499999
1 0.671521 0.654104 0.7726183194968554 0.7263292265625001
1 0.649946 0.7763819999999999 0.7068414578616353 0.8334128144531249
1 0.8495145000000001 0.6360975 0.9503874283018867 0.7045718110351563
1 0.838727 0.5293135 0.8996999974842769 0.5681600922851564
1 0.9730310000000001 0.5008375 0.9976970616352202 0.5531119008789063
