5 0.136875 0.8329165 0.1711163330078125 0.8997484733072917
5 0.29281250000000003 0.658333 0.33783905029296873 0.7074757955729166
5 0.37468749999999995 0.90625 0.44838409423828124 0.9963199869791667
5 0.4115625 0.5695830000000001 0.44584808349609373 0.60759135546875
5 0.4465625 0.5195835 0.4745639038085937 0.5509904589843749
5 0.47406249999999994 0.7454164999999998 0.5226620483398438 0.8123624055989582
5 0.5278125 0.46 0.5519845581054688 0.4852340416666667
5 0.538125 0.66375 0.5700994873046875 0.7058027421875
5 0.5709375 0.5904165 0.6056924438476562 0.6250642285156249
5 0.5696875 0.42583299999999996 0.5875686645507813 0.4427785299479166
5 0.5890625 0.4008335 0.6069247436523438 0.41864508138020834
5 0.6065625 0.53875 0.6281576538085938 0.5717985026041666
5 0.625 0.475833 0.6418896484375 0.50271342578125
5 0.639375 0.39541699999999996 0.6650006103515625 0.41115213411458335
5 0.641875 0.435417 0.6587481689453125 0.45610005078125004
5 0.6725 0.41208350000000005 0.68746826171875 0.43363043294270837
