0 0.0 0.724375 0.251407 0.8049176025390625
0 0.0 0.6940625 0.412758 0.7949472045898438
0 0.075516 0.38749999999999996 0.14716943484626646 0.44087158203125
0 0.076454 0.3875 0.1490440614934114 0.44399658203125003
0 0.115854 0.6271875 0.19026237481698388 0.6650125122070313
0 0.090056 0.3384375 0.11056214641288432 0.35404449462890625
0 0.165572 0.3921875 0.1995695812591508 0.42274200439453125
0 0.284709 0.7050000000000001 0.402022149341142 0.7811865234375
0 0.4197935 0.5434375 0.5331563682284041 0.6100942993164062
0 0.484991 0.5290625 0.6484459106881406 0.6226083374023438
0 0.45684800000000003 0.48375 0.5818831156661788 0.5389025878906251
0 0.4915575 0.3878125 0.5818322964860908 0.41399627685546875
0 0.522045 0.3384375 0.6099296588579795 0.36966949462890625
0 0.681051 0.8518749999999999 0.9173898535871157 0.9947930908203125
0 0.5544089999999999 0.35624999999999996 0.6511582737920937 0.388402099609375
0 0.6013135 0.8578125 0.7373935995607613 0.9585372924804687
0 0.5769235 0.5203125 0.6351783096632503 0.5488668823242187
0 0.761726 0.89375 0.8834997349926794 0.9772521972656251
0 0.7847095 0.7834375 0.9294330841874084 0.8473599243164063
0 0.77955 0.6090625000000001 0.8862886383601757 0.6769052124023437
0 0.83818 0.6271875 0.9959587964860909 0.7250125122070312
0 0.859756 0.4290625 0.9978032064421671 0.48770599365234374
0 0.80394 0.43062500000000004 0.8684289282576866 0.4633294677734375
0 0.8592869999999999 0.45906250000000004 0.9377658931185944 0.49955169677734373
0 0.9136960000000001 0.5843750000000001 0.9977242313323574 0.6275543212890625
0 0.9202625 0.6528125 0.9977146171303075 0.6974874877929688
0 0.9052535 0.414375 0.9630275922401171 0.4583453369140625
0 0.9840525 0.43843750000000004 0.9976212203513911 0.46207183837890625
