10 0.3273435 0.626562 0.139063 0.125
10 0.15625 0.5601565 0.05937399999999998 0.09531300000000009
10 0.2718755 0.309375 0.165625 0.10312600000000005
10 0.22734349999999998 0.621875 0.051563 0.03749999999999998
10 0.251562 0.580469 0.037500000000000006 0.04843799999999998
10 0.310156 0.5101565 0.09218800000000005 0.09218700000000002
10 0.377344 0.314844 0.07968799999999998 0.07968799999999998
10 0.3976565 0.545312 0.07343699999999997 0.07499999999999996
10 0.45625000000000004 0.246875 0.1375 0.07499999999999998
10 0.473438 0.1710935 0.09999999999999992 0.07031299999999999
10 0.477344 0.49609349999999997 0.07656199999999996 0.05781300000000006
10 0.4890625 0.36406249999999996 0.09062500000000007 0.07500100000000004
10 0.550781 0.42343699999999995 0.14843800000000001 0.08749999999999997
10 0.542969 0.59375 0.06718800000000003 0.07499999999999996
10 0.5804689999999999 0.54375 0.114062 0.06874999999999998
10 0.5703125 0.0390625 0.09062499999999996 0.059375000000000004
10 0.6210935 0.4585935 0.10468699999999997 0.08906300000000006
10 0.614844 0.299219 0.073438 0.12343800000000005
10 0.6328125 0.1140625 0.09062499999999996 0.10624900000000001
10 0.6265625 0.582031 0.07499900000000004 0.06406199999999995
10 0.694531 0.2749995 0.042188 0.084375
10 0.721875 0.101563 0.03125 0.0875
10 0.7484375 0.31406199999999995 0.07499900000000004 0.08749999999999997
10 0.7460935 0.46640650000000006 0.04843699999999995 0.12656300000000004
10 0.810937 0.27734400000000003 0.04375000000000007 0.07031199999999999
