18 0.786667 0.539375 0.9958329999999999 0.72125
18 0.0 0.059375 0.103333 0.1225
18 0.0 0.399375 0.103333 0.595625
18 0.0 0.2625 0.108333 0.320625
18 0.0 0.2725 0.276667 0.399375
18 0.008333 0.13125 0.1675 0.20625
18 0.074167 0.399375 0.359167 0.618125
18 0.076667 0.07625 0.2175 0.153125
18 0.199167 0.0 0.8825 0.245625
18 0.20416700000000002 0.240625 0.3725 0.3175
18 0.21083299999999996 0.600625 0.5475 0.898125
18 0.326667 0.945625 0.543333 0.999375
18 0.3675 0.295 0.643333 0.4075
18 0.484167 0.635 0.7600000000000001 0.903125
18 0.615833 0.20125 0.999167 0.5425
