6 0.0 0.473164 0.094375 0.5294361705882352
6 0.1815625 0.31403 0.24232269287109373 0.44021619117647054
6 0.1321875 0.5202450000000001 0.14299591064453127 0.5312499338235294
6 0.1421875 0.5475519999999999 0.15486114501953124 0.5641667764705883
6 0.159375 0.5409605000000001 0.1673443603515625 0.5547604698529413
6 0.15875 0.5117700000000001 0.164844970703125 0.5180793970588234
6 0.35843749999999996 0.5974579999999999 0.45402496337890624 0.7721913852941177
6 0.575625 0.18738249999999998 0.6313128662109375 0.3019844374999999
6 0.5403125 0.026836000000000002 0.5488473510742187 0.041391535294117654
6 0.5553125 0.038135499999999996 0.5644577026367187 0.05267491838235293
6 0.5596874999999999 0.0 0.5694534301757812 0.016008
6 0.566875 0.022598999999999998 0.5719464111328125 0.03292376617647059
6 0.7506250000000001 0.130885 0.7573919677734375 0.14293352205882354
6 0.7537499999999999 0.103578 0.759888916015625 0.1137836794117647
6 0.759375 0.0786255 0.7623834228515626 0.08933837426470588
6 0.8228125 0.1520715 0.8435714721679687 0.18621736544117645
6 0.90875 0.20903950000000002 0.965362548828125 0.32549258897058825
