13 0.525625 0.61 0.5701116943359376 0.6650387291666666
13 0.0203125 0.9700000000000001 0.03435516357421875 0.9962369791666666
13 0.03 0.9183335000000001 0.052470703125 0.9463042532552084
13 0.07625 0.9700000000000001 0.094925537109375 0.9912369791666666
13 0.07718749999999999 0.7841670000000001 0.08867462158203125 0.80564594921875
13 0.0875 0.7491665 0.10678955078124999 0.7715245227864583
13 0.08937500000000001 0.9050000000000001 0.1105377197265625 0.9296546145833334
13 0.12875 0.9375 0.150499267578125 0.9721122968749999
13 0.135 0.7429165000000001 0.15424316406250002 0.7640326608072917
13 0.130625 0.9804170000000001 0.1417474365234375 0.9978904153645834
13 0.143125 0.6966665000000001 0.1623602294921875 0.7249258821614584
13 0.1790625 0.9616665000000001 0.19545013427734376 0.991247830078125
13 0.183125 0.9133334999999999 0.20107116699218752 0.9363107636718749
13 0.183125 0.7945835 0.19982116699218752 0.8156323860677084
13 0.1828125 0.7533335 0.19544647216796873 0.7715190970052083
13 0.21375 0.97625 0.230416259765625 0.9978958411458333
13 0.2178125 0.9366665 0.23166229248046874 0.9721133821614583
13 0.224375 0.775 0.24353088378906249 0.7973238854166667
13 0.2371875 0.9812500000000001 0.2510183715820312 0.9978893307291666
13 0.250625 0.8275 0.27413024902343747 0.8572555260416667
13 0.2603125 0.9033329999999999 0.28599578857421876 0.9296567851562502
13 0.285625 0.9891670000000001 0.3053460693359375 0.9978790221354168
13 0.28718750000000004 0.8258329999999999 0.29659454345703123 0.8522576966145833
13 0.29937499999999995 0.94625 0.3159576416015625 0.9762679036458334
13 0.305 0.5095835000000001 0.3247021484375 0.5268364798177083
13 0.304375 0.465 0.3197027587890625 0.48772753125000007
13 0.30562500000000004 0.53875 0.3172015380859375 0.5542985026041667
13 0.3096875 0.4133335 0.32094757080078123 0.44112880533854165
13 0.338125 0.9058335 0.3596697998046875 0.936320529296875
13 0.35562499999999997 0.430417 0.3752777099609375 0.44110656119791675
13 0.3509375 0.45458350000000003 0.36215728759765625 0.47190809440104164
13 0.3953125 0.9070835 0.40836395263671876 0.9188189016927084
13 0.39875 0.9725000000000001 0.413985595703125 0.9962337239583334
13 0.4425 0.914583 0.45894287109375 0.95214213671875
13 0.44875 0.977917 0.467686767578125 0.9978936705729167
13 0.5265625 0.94625 0.5657357788085938 0.9979349036458335
