10 0.0253125 0.411351 0.041874999999999996 0.04971800000000003
10 0.165 0.47045050000000005 0.065 0.09849899999999998
10 0.16875 0.5492495 0.05500000000000002 0.05159499999999995
10 0.17031249999999998 0.9441839999999999 0.024375000000000008 0.06097600000000002
10 0.21437499999999998 0.513602 0.056249999999999994 0.09286999999999998
10 0.24625 0.7626639999999999 0.03875000000000001 0.07129399999999993
10 0.2715625 0.9394935 0.026874999999999982 0.05909899999999993
10 0.3178125 0.523921 0.02312499999999995 0.04409000000000001
10 0.3590625 0.9803 0.06937499999999996 0.03752400000000026
10 0.365 0.46247649999999996 0.0625 0.10131299999999999
10 0.475 0.5375234999999999 0.05750000000000005 0.08255100000000003
10 0.5065625 0.5483115000000001 0.018125000000000002 0.05347099999999991
10 0.52125 0.9878049999999999 0.04499999999999993 0.0225140000000002
10 0.575625 0.5483115000000001 0.04375000000000007 0.05722299999999998
10 0.6853125 0.9831145000000001 0.03187499999999999 0.0318950000000001
10 0.9528125000000001 0.9929645 0.014374999999999916 0.012195000000000077
