17 0.2690625 0.2007505 0.076875 0.15759900000000002
17 0.2978125 0.360694 0.083125 0.17354599999999995
17 0.34 0.40197000000000005 0.057499999999999996 0.136022
17 0.3815625 0.49624749999999995 0.05687499999999995 0.144465
17 0.43875 0.500469 0.05250000000000005 0.12851799999999997
17 0.46281249999999996 0.43339599999999995 0.070625 0.15384599999999996
17 0.4728125 0.7176359999999998 0.07187500000000002 0.133208
17 0.5028125 0.6135085 0.075625 0.1594750000000001
17 0.5271875 0.458724 0.06812500000000005 0.1313319999999999
17 0.5646875 0.816604 0.06687500000000002 0.16979400000000003
17 0.6184375 0.6280484999999999 0.06937499999999996 0.18105099999999996
17 0.6390625000000001 0.5023455 0.09437499999999999 0.2260790000000001
