0 0.2875 0.3209205 0.34284423828125 0.39539649607843136
0 0.0 0.0 0.11625 0.134728
0 0.0 0.37447699999999995 0.133125 0.4890504875816993
0 0.0 0.806276 0.301875 0.9981090444444444
0 0.0 0.37322150000000004 0.341875 0.61122712875817
0 0.0 0.0 0.36 0.155649
0 0.0690625 0.21715449999999997 0.12680755615234374 0.2867451379084967
0 0.1265625 0.5179914999999999 0.20362640380859373 0.6076908869281046
0 0.1159375 0.3548115 0.16801177978515625 0.420456194117647
0 0.17562499999999998 0.23389149999999997 0.26670349121093745 0.3411172594771241
0 0.1209375 0.0 0.14863189697265625 0.11966500000000001
0 0.1840625 0.4050205 0.23857025146484373 0.4622315614379085
0 0.19437500000000002 0.0 0.25418518066406254 0.15062799999999998
0 0.265625 0.4728035 0.3347406005859375 0.5684199562091503
0 0.2940625 0.0 0.3553378295898438 0.097071
0 0.3975 0.8857740000000001 0.45461181640625004 0.9896371254901962
0 0.514375 0.7995815000000001 0.6851226806640626 0.9981177954248365
0 0.41218750000000004 0.6853554999999999 0.47084747314453124 0.7832041104575164
0 0.5175000000000001 0.37447700000000006 0.68074462890625 0.5944894875816994
0 0.44875 0.0 0.515186767578125 0.112134
0 0.4709375 0.8627615 0.5189151000976563 0.9469892071895424
0 0.48812500000000003 0.728452 0.5313983154296875 0.8007217751633988
0 0.5103125 0.0 0.5470016479492187 0.055229999999999994
0 0.524375 0.6552304999999999 0.5663629150390626 0.7079304895424836
0 0.5453125 0.780335 0.5788424682617187 0.8508629542483659
0 0.5784374999999999 0.06527200000000001 0.6369351196289063 0.12627467712418303
0 0.5590625 0.9041845000000001 0.5969540405273438 0.9536300594771242
0 0.5996875 0.6665270000000001 0.6537893676757813 0.7196307228758172
0 0.6225 0.0 0.6912670898437501 0.09205
0 0.621875 0.9284515000000001 0.6856427001953125 0.9971123379084967
0 0.6059375 0.788703 0.6481582641601563 0.8541990156862744
0 0.844375 0.8037655 0.9985504150390625 0.9981123261437908
0 0.8528125 0.36903800000000003 0.9985421752929687 0.578597597385621
0 0.7690625 0.0 0.8104989624023438 0.12133900000000003
0 0.853125 0.2820085 0.9104168701171875 0.3527693614379085
0 0.8821875 0.0 0.9585134887695312 0.131381
0 0.930625 0.0 0.9947161865234375 0.14728
