18 0.153595 0.17810499999999999 0.254902 0.334967
18 0.218954 0.390523 0.330065 0.477124
18 0.281046 0.03268 0.410131 0.163399
18 0.313726 0.21731999999999999 0.452614 0.362745
18 0.382353 0.746732 0.575163 0.897059
18 0.393791 0.8300649999999999 0.637255 0.97549
18 0.403595 0.338235 0.47385600000000005 0.452614
18 0.41176499999999994 0.160131 0.54902 0.27451
18 0.42483699999999996 0.031045999999999997 0.531046 0.117647
18 0.5049020000000001 0.31699299999999997 0.679739 0.437909
18 0.5163399999999999 0.117647 0.6307189999999999 0.196078
18 0.552288 0.047386000000000005 0.691176 0.156863
18 0.596405 0.718954 0.748366 0.8888889999999999
18 0.6307189999999999 0.194444 0.781046 0.330065
18 0.679739 0.065359 0.7614380000000001 0.16176500000000002
18 0.7156859999999999 0.361111 0.859477 0.488562
18 0.727124 0.091503 0.79902 0.158497
18 0.785948 0.263072 0.8872549999999999 0.341503
