18 0.0 0.582492 0.199375 0.9988779999999999
18 0.0 0.0 0.999375 0.9988779999999999
18 0.02125 0.45117799999999997 0.27625 0.821549
18 0.0775 0.833894 0.37875 0.9988779999999999
18 0.13375 0.034792000000000003 0.4325 0.46352400000000005
18 0.1775 0.258137 0.38 0.741863
18 0.1825 0.0 0.394375 0.097643
18 0.336875 0.22558899999999998 0.634375 0.9741860000000001
18 0.37625 0.0 0.664375 0.368126
18 0.509375 0.9023570000000001 0.69375 0.9988779999999999
18 0.59125 0.14365899999999998 0.710625 0.42199799999999993
18 0.599375 0.549944 0.8475 0.9988779999999999
18 0.619375 0.003367 0.963125 0.744108
18 0.80125 0.6677890000000001 0.999375 0.9988779999999999
