6 0.2651365 0.8164060000000001 0.530273 0.057292000000000044
6 0.07421900000000001 0.7714840000000001 0.039062 0.06380200000000007
6 0.112793 0.7610674999999999 0.026368000000000003 0.05598900000000014
6 0.1279295 0.8072914999999999 0.02539100000000001 0.041667000000000044
6 0.180664 0.7610674999999999 0.05859400000000001 0.0742190000000001
6 0.2646485 0.7024739999999999 0.05664099999999997 0.09244799999999993
6 0.3027345 0.7545575000000001 0.01953100000000002 0.040364999999999984
6 0.33398449999999996 0.7779945000000001 0.015625 0.022135000000000016
6 0.3442385 0.740885 0.02636699999999992 0.03385400000000013
6 0.390137 0.7044269999999999 0.05957000000000001 0.08333399999999995
6 0.40185550000000003 0.7747394999999999 0.03027300000000005 0.03645899999999994
6 0.43847650000000005 0.7825519999999999 0.025390999999999997 0.039062000000000076
6 0.4794925 0.772786 0.01953099999999991 0.029947999999999936
6 0.494629 0.8014320000000001 0.02050799999999997 0.037760000000000016
6 0.761719 0.7884114999999999 0.41406200000000004 0.05859299999999997
6 0.671875 0.7604164999999999 0.03125 0.0572910000000002
6 0.7114255 0.767578 0.018554999999999988 0.04296800000000012
6 0.742676 0.7682289999999999 0.014647999999999994 0.02343799999999992
6 0.756836 0.7298174999999999 0.04101599999999994 0.053385000000000016
6 0.799316 0.7532554999999999 0.02050799999999997 0.04296900000000011
6 0.8647465 0.7617189999999999 0.022461000000000064 0.03125
6 0.98291 0.7682289999999999 0.03222600000000009 0.02343799999999992
