4 0.2909375 0.623889 0.34596588134765627 0.707805859375
4 0.0 0.5672225 0.51125 0.8945712387152778
4 0.0 0.0 0.999375 0.8933329999999999
4 0.0628125 0.6033335 0.11056365966796874 0.6856195460069444
4 0.31156249999999996 0.11944450000000001 0.42719573974609376 0.18645963107638888
4 0.33375 0.0 0.408424072265625 0.041111
4 0.5528125 0.0 0.6707101440429688 0.141111
4 0.7353125 0.39055550000000006 0.9986569213867188 0.6482109522569446
4 0.750625 0.0 0.8536419677734375 0.056666999999999995
4 0.905625 0.20166649999999997 0.9984906005859375 0.3229828845486111
