16 0.06875 0.4359375 0.1375 0.22499899999999995
16 0.1015625 0.217187 0.203125 0.33125
16 0.1796875 0.842969 0.359375 0.31093799999999994
16 0.196875 0.540625 0.39375 0.378126
16 0.17421849999999997 0.0882815 0.273437 0.176563
16 0.232031 0.280469 0.10781199999999999 0.173438
16 0.3859375 0.2648435 0.2937489999999999 0.38281299999999996
16 0.4367185 0.0882815 0.357813 0.176563
16 0.41328149999999997 0.8078129999999999 0.27968699999999996 0.38125
16 0.632813 0.490625 0.46874999999999994 0.35624999999999996
16 0.6429684999999999 0.8374999999999999 0.31093699999999996 0.32187599999999994
16 0.6859374999999999 0.182031 0.30625099999999994 0.33593799999999996
16 0.8500004999999999 0.758594 0.2968749999999999 0.3796879999999999
16 0.8609375 0.221875 0.234375 0.39687399999999995
16 0.8929689999999999 0.39531299999999997 0.21093799999999996 0.38125
