17 0.423828 0.36458299999999993 0.20703199999999994 0.222222
17 0.064453 0.299479 0.128906 0.18576400000000004
17 0.0891925 0.5243055 0.178385 0.263889
17 0.093099 0.809028 0.186198 0.319444
17 0.2005205 0.230903 0.177083 0.131944
17 0.23763 0.4053820000000001 0.217448 0.21701400000000004
17 0.298177 0.6241319999999999 0.291666 0.30729199999999995
17 0.402344 0.8263889999999999 0.30468799999999996 0.34374999999999994
17 0.36653650000000004 0.1701385 0.16796899999999998 0.17361099999999996
17 0.488281 0.123264 0.16406200000000004 0.125
17 0.5436195 0.27517349999999996 0.20182300000000009 0.17881899999999995
17 0.5865885 0.5234375 0.266927 0.28993099999999994
17 0.611328 0.09201349999999998 0.16536400000000007 0.107639
17 0.7076819999999999 0.72309 0.279948 0.279514
17 0.6796875 0.22395850000000003 0.20052099999999995 0.163195
17 0.7415365 0.3949655 0.23567700000000003 0.16493100000000002
17 0.7721355000000001 0.19010399999999997 0.166667 0.157986
17 0.8847659999999999 0.526042 0.21484400000000003 0.277778
17 0.906901 0.30381949999999996 0.18359399999999992 0.18402699999999994
