17 0.444692 0.839375 0.22717199999999996 0.18125000000000002
17 0.46585 0.690625 0.201188 0.15000000000000002
17 0.48515250000000004 0.43 0.1462509999999999 0.09375
17 0.626949 0.7984374999999999 0.18633999999999992 0.156875
17 0.648478 0.6387499999999999 0.20564200000000005 0.18000000000000005
17 0.6473644999999999 0.43843750000000004 0.1826289999999999 0.14187500000000003
17 0.7457314999999999 0.3765625 0.11952500000000002 0.09562500000000002
17 0.8195995 0.7906249999999999 0.21083900000000003 0.1725
17 0.8270230000000001 0.44218749999999996 0.15590199999999982 0.11812499999999998
17 0.9268744999999999 0.5240625 0.14476699999999992 0.10062499999999996
