8 0.206875 0.335156 0.33 0.46875
8 0.15875 0.125 0.7625 0.557813
8 0.164375 0.21093800000000001 0.531875 0.557813
8 0.340625 0.750781 0.44625 0.8929690000000001
8 0.340625 0.60625 0.618125 0.9414059999999999
8 0.356875 0.632031 0.453125 0.750781
8 0.421875 0.69375 0.52125 0.8328120000000002
8 0.438125 0.815625 0.5425 0.944531
8 0.449375 0.60625 0.549375 0.726562
8 0.5125 0.7054690000000001 0.619375 0.846875
8 0.59375 0.510156 0.728125 0.666406
8 0.643125 0.666406 0.775 0.8328120000000002
8 0.73125 0.5375 0.850625 0.695312
