4 0.0 0.5935185 0.1375 0.6862641894531251
4 0.0 0.810185 0.138889 0.9359820716145834
4 0.11458299999999999 0.0 0.20961010253906248 0.188889
4 0.1277775 0.30370350000000007 0.22070821728515624 0.4310855527343751
4 0.1090275 0.46018549999999997 0.17350452783203124 0.5049568001302084
4 0.1555555 0.6925924999999999 0.22068109033203126 0.7713201868489583
4 0.24583349999999998 0.564815 0.36225992822265624 0.7159315638020834
4 0.201389 0.8666665 0.2678593310546875 0.9970195279947917
4 0.270833 0.3916665 0.3719575146484375 0.456897017578125
4 0.31666649999999996 0.0 0.4316347553710937 0.327778
4 0.319444 0.7361110000000001 0.41913204296875 0.8323745221354165
4 0.3625 0.886111 0.44825699609374997 0.9969942096354165
4 0.4659725 0.576852 0.5884339487304687 0.749248890625
4 0.4805555 0.8620369999999999 0.5661977075195312 0.9877665559895833
4 0.48263900000000004 0.33240749999999997 0.5661956728515626 0.453271177734375
4 0.5243055 0.0 0.6314319829101562 0.287037
4 0.5881945 0.5601855 0.6410925913085938 0.652974591796875
4 0.640278 0.7509260000000001 0.728541728515625 0.8490222317708332
4 0.638889 0.3324075 0.7229870849609376 0.48475217773437507
4 0.683333 0.9148145 0.7937766826171875 0.9951048352864582
4 0.68125 0.0 0.7507237167968751 0.196296
4 0.734722 0.5481485 0.836782498046875 0.6918792649739584
4 0.79375 0.213889 0.8908918535156249 0.35157349869791665
4 0.798611 0.0 0.8714421064453124 0.105556
4 0.8229165 0.37314849999999994 0.8991963706054688 0.4272921295572916
4 0.813889 0.7435185 0.8797611865234374 0.858290876953125
4 0.847917 0.5157405 0.9297279560546874 0.6326614628906251
4 0.9194445 0.662963 0.9977131049804687 0.7676557669270833
4 0.9215274999999999 0.0 0.9963220708007812 0.203704
4 0.9305555000000001 0.838889 0.9977022543945313 0.9415006966145834
4 0.942361 0.45462949999999996 0.9976907255859375 0.5605190345052082
