3 0.12875 0.400833 0.2575 0.315
3 0.170625 0.395 0.33875000000000005 0.33
3 0.321875 0.6391665 0.46875 0.681667
3 0.321875 0.6408329999999999 0.46625000000000005 0.6649999999999999
3 0.2875 0.0658335 0.0875 0.111667
3 0.29125 0.061666500000000006 0.07500000000000001 0.096667
3 0.331875 0.08833350000000001 0.08875 0.093333
3 0.33125000000000004 0.0891665 0.08500000000000002 0.08833299999999998
3 0.41812499999999997 0.0716665 0.10125 0.113333
3 0.42 0.06916649999999999 0.10499999999999998 0.108333
3 0.633125 0.4133335 0.33625 0.533333
3 0.6331249999999999 0.413333 0.33124999999999993 0.53
