6 0.0 0.305 0.070625 0.494167
6 0.0 0.194167 0.074375 0.31666700000000003
6 0.0 0.7425 0.08375 0.999167
6 0.0 0.485833 0.2025 0.759167
6 0.015 0.195833 0.230625 0.41666700000000007
6 0.05625 0.42 0.21125 0.581667
6 0.060625 0.738333 0.25 0.999167
6 0.139375 0.306667 0.373125 0.525
6 0.17125 0.523333 0.33 0.823333
6 0.17125 0.15 0.335625 0.3325
6 0.24 0.773333 0.450625 0.999167
6 0.309375 0.415 0.490625 0.63
6 0.3275 0.595833 0.569375 0.871667
6 0.355 0.294167 0.44 0.4025
6 0.3925 0.37916700000000003 0.5575 0.550833
6 0.424375 0.313333 0.541875 0.41666700000000007
6 0.47625 0.77 0.694375 0.999167
6 0.48125 0.516667 0.619375 0.7425
6 0.543125 0.41666700000000007 0.604375 0.554167
6 0.585 0.566667 0.66875 0.750833
