16 0.339167 0.1603125 0.5312253763020833 0.3148434448242188
16 0.5279165 0.8143750000000001 0.8676456087239585 0.9510797119140625
16 0.545 0.515625 0.8976233645833335 0.6644964599609375
16 0.46541650000000007 0.0 0.5193939889322917 0.0875
16 0.5804170000000001 0.0465625 0.6309112486979166 0.08932952880859375
16 0.6933334999999999 0.20375 0.7515972220052083 0.254801025390625
16 0.7012499999999999 0.0459375 0.7540869140625001 0.08933013916015625
16 0.74125 0.278125 0.7948678307291667 0.32160339355468753
16 0.8104169999999998 0.2028125 0.8631117695312499 0.24605194091796875
16 0.855 0.2790625 0.90638671875 0.31972747802734375
