6 0.0 0.8724999999999999 0.08875 0.25333400000000017
6 0.0 0.1804165 0.1775 0.335833
6 0.0 0.5970835 0.231875 0.44916700000000004
6 0.0 0.0 0.999375 0.999167
6 0.285 0.8795835000000002 0.4725 0.239167
6 0.2053125 0.3475 0.29312499999999997 0.32833399999999996
6 0.37125 0.0 0.43125 0.20000000000000004
6 0.408125 0.6229165 0.36 0.4258330000000001
6 0.79 0.92625 0.39249999999999996 0.1458340000000001
6 0.7003124999999999 0.0 0.208125 0.19000000000000003
6 0.7596875000000001 0.35166650000000005 0.30062500000000003 0.303333
6 0.8084374999999999 0.7141665 0.37312500000000004 0.4183329999999999
6 0.90375 0.0 0.19125000000000003 0.196667
6 0.9340625 0.339583 0.130625 0.29250000000000004
