4 0.0 0.839623 0.185156 0.9975826179941004
4 0.0 0.0 0.9992190000000001 0.9988210000000001
4 0.111328 0.5554245 0.20926628125000002 0.6501237898230089
4 0.204297 0.7993619999999999 0.2998004912109375 0.13207599999999997
4 0.3003905 0.7270044999999999 0.4309566499023438 0.8892577219764011
4 0.2804685 0.524764 0.37550710498046874 0.5923860117994101
4 0.49179700000000004 0.5583724999999999 0.6159257294921875 0.700827441740413
4 0.5339845 0.11851450000000001 0.6018225307617188 0.16609919985250737
4 0.5859375 0.288915 0.6744277954101563 0.32740387168141594
4 0.6277345 0.596698 0.7337619780273438 0.7514779144542773
4 0.694922 0.17334900000000003 0.779790365234375 0.2367723230088496
4 0.7546875 0.372052 0.8336380004882812 0.48530025073746313
4 0.8933595 0.803066 0.9936585786132812 0.9186265368731565
