1 0.023958500000000004 0.6140625 0.04791700000000001 0.131251
1 0.0322915 0.690625 0.064583 0.10625000000000007
1 0.06875 0.6820315 0.033333999999999996 0.06093700000000002
1 0.23750000000000002 0.9500004999999999 0.27499999999999997 0.09687500000000004
1 0.273958 0.8929685 0.28125 0.08906299999999989
1 0.2197915 0.9703125 0.160417 0.05625099999999983
1 0.546875 0.239844 0.7937499999999998 0.364062
1 0.3125 0.622656 0.2750000000000001 0.13281199999999993
1 0.48020799999999997 0.977344 0.26875 0.04218799999999989
1 0.4770829999999999 0.4617185 0.1625 0.10156299999999996
1 0.43958350000000007 0.599219 0.06666700000000003 0.04843800000000009
1 0.4989584999999999 0.598437 0.07708299999999994 0.05624999999999991
1 0.65625 0.4625 0.23750000000000013 0.16562600000000005
1 0.5802085 0.41171900000000006 0.06458300000000006 0.07031199999999999
1 0.8114585 0.6187499999999999 0.372917 0.4093759999999999
1 0.7781249999999998 0.9359379999999999 0.1270840000000001 0.125
1 0.834375 0.9601565 0.060416000000000025 0.07656299999999994
1 0.8718749999999998 0.9359379999999999 0.1270840000000001 0.125
