11 0.41031249999999997 0.789167 0.46959930419921875 0.8531394388020833
11 0.0 0.36625 0.035 0.40452311197916674
11 0.0 0.18874999999999997 0.125625 0.28058723177083333
11 0.075625 0.597917 0.12680114746093749 0.6533884622395834
11 0.1296875 0.0654165 0.13924835205078126 0.074914822265625
11 0.1540625 0.1854165 0.16547454833984374 0.203091572265625
11 0.16593750000000002 0.12291649999999998 0.17546295166015624 0.13233995247395833
11 0.170625 0.0945835 0.1792083740234375 0.10654384440104168
11 0.20656249999999998 0.2970835 0.23479827880859375 0.32711317252604166
11 0.5453125 0.4479165 0.9050924682617187 0.646916775390625
11 0.20218750000000002 0.25125 0.21417755126953125 0.2613398515625
11 0.226875 0.25999999999999995 0.2454034423828125 0.28216145833333334
11 0.2578125 0.6345835000000001 0.30349822998046877 0.6958407194010418
11 0.26656250000000004 0.331667 0.29536468505859376 0.3612351419270834
11 0.2571875 0.220417 0.27099884033203125 0.23887999869791668
11 0.344375 0.67125 0.3952886962890625 0.7307929765625
11 0.35062499999999996 0.22416650000000002 0.37153259277343753 0.24470811653645833
11 0.35531250000000003 0.14875 0.36902801513671873 0.16147331510416665
11 0.445625 0.6916665000000001 0.4889398193359375 0.749099392578125
11 0.5090625 0.1895835 0.5251278686523437 0.209753146484375
11 0.6465625 0.19291650000000002 0.6593685913085938 0.204748806640625
