16 0.916406 0.615625 0.11093799999999998 0.07499999999999996
16 0.346875 0.833594 0.09999999999999998 0.07656199999999991
16 0.350781 0.771875 0.08906199999999997 0.06562599999999996
16 0.37187499999999996 0.7125005 0.09062600000000004 0.06562500000000004
16 0.38203149999999997 0.6640625 0.09218699999999996 0.05624899999999999
16 0.4429685 0.8234375 0.09218700000000002 0.07187500000000002
16 0.450781 0.735937 0.09531199999999995 0.0625
16 0.44609350000000003 0.199219 0.06093699999999996 0.073438
16 0.4585935 0.6679685 0.08593699999999993 0.07031299999999996
16 0.4695315 0.621094 0.09218699999999996 0.05468799999999996
16 0.5343749999999999 0.4210935 0.165626 0.14531300000000003
16 0.5554685 0.7421875 0.09218700000000002 0.07187499999999991
16 0.558594 0.8195315000000001 0.09218800000000005 0.07968699999999995
16 0.565625 0.6640625 0.10625000000000007 0.078125
16 0.6539065 0.278906 0.06093699999999991 0.06093800000000002
16 0.674219 0.30781250000000004 0.04843799999999998 0.04375100000000004
16 0.73125 0.424219 0.16249999999999998 0.189062
16 0.7164065 0.27187449999999996 0.035937 0.04687499999999997
16 0.723438 0.29765600000000003 0.050000000000000044 0.04531199999999996
16 0.767969 0.2890625 0.04843799999999998 0.034375000000000044
16 0.767187 0.2687495 0.03125 0.021874999999999978
16 0.785156 0.5945315 0.05468799999999996 0.051563000000000025
16 0.8203125 0.5960935 0.07187499999999991 0.07343700000000009
16 0.8484375 0.48984400000000006 0.09687499999999993 0.07031199999999999
16 0.8570315 0.532813 0.098437 0.043749999999999956
16 0.865625 0.558594 0.08437400000000017 0.05468799999999996
