10 0.6778125 0.40089250000000004 0.213125 0.30535700000000005
10 0.591875 0.6683034999999999 0.2 0.30803499999999984
10 0.546875 0.882143 0.10499999999999998 0.23392799999999994
10 0.525625 0.4424105 0.06000000000000005 0.27232100000000004
10 0.5871875 0.1549105 0.17062500000000003 0.309821
10 0.708125 0.8651785 0.20999999999999996 0.26607100000000006
10 0.6896875 0.0375 0.14187499999999997 0.075
10 0.7825 0.1642855 0.1925 0.280357
10 0.8934375 0.8486605000000002 0.21187500000000004 0.27589300000000005
10 0.88875 0.39866050000000003 0.1975 0.27589299999999994
10 0.8996875 0.047768000000000005 0.19562500000000005 0.09553600000000001
10 0.9550000000000001 0.6236605 0.08875 0.27232100000000004
10 0.95875 0.1732145 0.08125000000000004 0.305357
