8 0.6490625000000001 0.5945835 0.7112411499023438 0.659225802734375
8 0.3425 0.36999999999999994 0.44529052734375 0.45618522916666665
8 0.345 0.4191665 0.44028808593749996 0.5044542102864583
8 0.3765625 0.2358335 0.4415072631835938 0.3071929251302083
8 0.3840625 0.5475 0.45212493896484374 0.6317871093749999
8 0.419375 0.620417 0.4714654541015625 0.6883591653645834
8 0.5078125 0.17125 0.5357540893554688 0.2589440182291667
8 0.553125 0.64125 0.5875848388671875 0.7058320390625
8 0.61625 0.17124999999999999 0.670023193359375 0.29311001822916666
8 0.708125 0.4845835 0.8005584716796875 0.5218690319010416
8 0.7209375 0.3225 0.7824209594726562 0.394580078125
