10 0.3403125 0.620544 0.18562499999999998 0.25797400000000004
10 0.0 0.1904315 0.045625 0.253283
10 0.0 0.0 0.144375 0.098499
10 0.0678125 0.8977485 0.12312499999999998 0.2026270000000001
10 0.1265625 0.5333025 0.176875 0.27110700000000004
10 0.1325 0.22889300000000004 0.1575 0.25703600000000004
10 0.18406250000000002 0.7790805 0.176875 0.27673500000000006
10 0.2240625 0.0 0.181875 0.276735
10 0.2296875 0.46622899999999995 0.129375 0.22513999999999998
10 0.3121875 0.33161349999999995 0.189375 0.282363
10 0.3640625 0.9301125000000001 0.17812499999999998 0.1378990000000002
10 0.35468750000000004 0.46341449999999995 0.11812499999999998 0.09193300000000014
10 0.4525 0.21060049999999997 0.16749999999999998 0.20168899999999998
10 0.46218750000000003 0.8090995000000001 0.16437500000000005 0.18667899999999982
10 0.4309375 0.0 0.080625 0.042214
10 0.49875 0.431989 0.20875000000000005 0.28799200000000014
10 0.5621875000000001 0.9188555 0.19687500000000002 0.16041300000000006
10 0.556875 0.6074105000000001 0.14625 0.18480299999999988
10 0.6275 0.736867 0.1974999999999999 0.28048800000000007
10 0.6140625 0.47654750000000007 0.03687499999999999 0.07692300000000009
10 0.6859375 0.11350849999999998 0.18062500000000004 0.212007
10 0.6781250000000001 0.5323640000000001 0.057499999999999996 0.11538400000000001
10 0.7915625 0.5530014999999999 0.176875 0.29362099999999997
10 0.7721875 0.780019 0.11562499999999998 0.21669800000000006
10 0.80625 0.9709195 0.15500000000000003 0.056285000000000085
10 0.8146875 0.15947450000000002 0.16937500000000005 0.296435
10 0.8674999999999999 0.0 0.09875 0.040338
10 0.905625 0.36444649999999995 0.14625 0.28611699999999995
10 0.915 0.840525 0.16500000000000004 0.23827400000000004
10 0.909375 0.608818 0.06874999999999998 0.21388400000000013
10 0.94875 0.0 0.10125000000000006 0.21575999999999995
10 0.9590625 0.9727955000000001 0.07687500000000003 0.05253300000000002
10 0.9715625 0.3588179999999999 0.055625000000000036 0.286116
10 0.975625 0.621013 0.04749999999999999 0.2157600000000001
