16 0.0 0.39375 0.060833000000000005 0.05249999999999999
16 0.0 0.4734375 0.09083300000000001 0.12312500000000004
16 0.0 0.26375000000000004 0.214167 0.12125000000000002
16 0.13874999999999998 0.3478125 0.245834 0.104375
16 0.13875 0.619375 0.18250000000000002 0.14500000000000002
16 0.193333 0.49375 0.205 0.12250000000000005
16 0.2558335 0.6815625000000001 0.21166700000000005 0.13312500000000005
16 0.27958299999999997 0.23906249999999998 0.18249999999999997 0.12312499999999998
16 0.3429170000000001 0.128125 0.17249999999999996 0.10875
16 0.39125000000000004 0.48031250000000003 0.23249999999999996 0.174375
16 0.38375000000000004 0.3859375 0.20749999999999993 0.109375
16 0.41875 0.6746875 0.150834 0.1468750000000001
16 0.4483335 0.2553125 0.13666699999999996 0.073125
16 0.48500000000000004 0.56375 0.19999999999999996 0.10250000000000004
16 0.48583299999999996 0.3153125 0.18000000000000008 0.114375
16 0.5075 0.20156249999999998 0.19166599999999998 0.081875
16 0.5533335 0.76 0.268333 0.15375000000000005
16 0.5245829999999999 0.11031250000000001 0.14750000000000005 0.094375
16 0.575833 0.4409375 0.2100000000000001 0.15687500000000004
16 0.63625 0.6399999999999999 0.28916600000000003 0.21375
16 0.697917 0.393125 0.20249999999999999 0.11624999999999996
16 0.7125 0.31937499999999996 0.22833400000000004 0.11249999999999999
16 0.6429165 0.13 0.07083299999999992 0.061249999999999985
16 0.7125 0.175 0.1733340000000001 0.056249999999999994
16 0.7320835 0.239375 0.18916700000000009 0.07499999999999998
16 0.73875 0.0871875 0.13416600000000015 0.09187499999999998
16 0.79 0.495625 0.23666600000000004 0.14375
16 0.862917 0.27249999999999996 0.18249999999999997 0.08749999999999997
16 0.82875 0.1196875 0.1091660000000001 0.058124999999999996
16 0.897083 0.3425 0.17750000000000007 0.09749999999999998
16 0.922917 0.430625 0.1525 0.14374999999999993
16 0.93125 0.203125 0.135834 0.11624999999999999
16 0.9333335000000001 0.7262500000000001 0.13166700000000006 0.12625000000000008
16 0.95375 0.6174999999999999 0.09083400000000008 0.10750000000000004
