10 0.021575999999999998 0.45875 0.020638 0.022499999999999964
10 0.038461499999999996 0.38875 0.013132999999999999 0.027500000000000007
10 0.044090000000000004 0.32875000000000004 0.02063800000000001 0.027500000000000007
10 0.044090000000000004 0.4725 0.016885999999999998 0.014999999999999977
10 0.06003750000000001 0.3 0.011256999999999996 0.020000000000000018
10 0.0637895 0.4925 0.01125699999999999 0.035000000000000066
10 0.07410900000000001 0.3875 0.016885999999999998 0.020000000000000018
10 0.085366 0.34 0.024389999999999995 0.040000000000000036
10 0.0825515 0.46125 0.015008999999999995 0.02749999999999993
10 0.08818 0.42375000000000007 0.018762 0.03750000000000001
10 0.0891185 0.29375 0.013133000000000006 0.03249999999999997
10 0.109756 0.445 0.013133999999999979 0.030000000000000027
10 0.1144465 0.33749999999999997 0.015008999999999995 0.01999999999999998
10 0.11726049999999999 0.48125 0.013132999999999992 0.03249999999999997
10 0.11913699999999999 0.3875 0.016885999999999998 0.030000000000000027
10 0.130394 0.34874999999999995 0.020638000000000004 0.04249999999999995
10 0.1341465 0.39875 0.01688500000000001 0.03249999999999997
10 0.14540350000000002 0.3675 0.028143 0.040000000000000036
10 0.160413 0.23875000000000002 0.016886000000000012 0.022500000000000003
10 0.1679175 0.40874999999999995 0.024391000000000024 0.03249999999999997
10 0.1688555 0.25625000000000003 0.015008999999999995 0.022500000000000003
10 0.17260799999999998 0.32625 0.022514000000000006 0.03250000000000005
10 0.1810505 0.3075 0.01688500000000001 0.030000000000000027
10 0.198874 0.25 0.02251399999999998 0.030000000000000027
10 0.20637899999999998 0.30875 0.007503999999999983 0.03250000000000005
10 0.2120075 0.285 0.015008999999999995 0.029999999999999954
10 0.22795500000000002 0.21125000000000002 0.028142 0.022499999999999964
10 0.28236399999999995 0.365 0.013134000000000035 0.034999999999999996
10 0.32457800000000003 0.34125 0.015010000000000023 0.017499999999999922
10 0.3292685 0.395 0.01688500000000004 0.03999999999999996
10 0.34521599999999997 0.31125 0.026265999999999956 0.027500000000000042
10 0.35834900000000003 0.40625 0.030017999999999934 0.027500000000000007
10 0.36210149999999997 0.36874999999999997 0.033770999999999995 0.03750000000000009
10 0.3761725 0.31625 0.03564700000000004 0.03250000000000005
10 0.37898699999999996 0.38999999999999996 0.026265999999999956 0.024999999999999984
10 0.37898699999999996 0.42250000000000004 0.026265999999999956 0.024999999999999984
10 0.401501 0.35375 0.04502800000000001 0.0324999999999999
10 0.4061915 0.39625 0.02814300000000003 0.027500000000000007
10 0.4108815 0.44875 0.030018999999999962 0.03250000000000005
10 0.4165105 0.30375 0.033770999999999995 0.04250000000000006
10 0.42870549999999996 0.26 0.016884999999999983 0.020000000000000018
10 0.430582 0.3675 0.020638000000000045 0.040000000000000036
10 0.444653 0.2975 0.022514000000000034 0.01500000000000005
10 0.45684800000000003 0.365 0.02063799999999999 0.0300000000000001
10 0.4549715 0.43999999999999995 0.013133000000000006 0.050000000000000044
10 0.457786 0.26875 0.018762 0.03749999999999998
10 0.471857 0.38125000000000003 0.020638000000000045 0.03250000000000005
10 0.477486 0.40625 0.024390000000000023 0.03749999999999994
10 0.4803 0.32375000000000004 0.018762000000000056 0.02750000000000008
10 0.48874300000000004 0.29875 0.013133999999999979 0.03250000000000005
10 0.5009380000000001 0.20249999999999999 0.02626600000000001 0.02999999999999999
10 0.5028140000000001 0.38125000000000003 0.02626600000000001 0.03250000000000005
10 0.49718549999999995 0.255 0.011257000000000017 0.030000000000000027
10 0.509381 0.315 0.03564800000000007 0.03500000000000003
10 0.5140715 0.31375000000000003 0.030019000000000018 0.03750000000000001
10 0.5206379999999999 0.39125000000000004 0.020638000000000045 0.027500000000000007
10 0.5206379999999999 0.285 0.016886000000000068 0.04
10 0.523452 0.24375 0.022514000000000034 0.03250000000000001
10 0.5394 0.27125 0.020637999999999934 0.04249999999999998
10 0.541276 0.34874999999999995 0.020637999999999934 0.04249999999999995
10 0.5572235 0.39625 0.033770999999999995 0.027500000000000007
10 0.5703564999999999 0.285 0.018760999999999917 0.04
10 0.5712945 0.35625 0.020637000000000016 0.03749999999999994
10 0.5816135 0.22124999999999997 0.04127499999999995 0.03249999999999997
10 0.5863035 0.21375000000000002 0.009380999999999862 0.02749999999999997
10 0.606004 0.19499999999999998 0.04127600000000009 0.02999999999999999
10 0.6050654999999999 0.28750000000000003 0.02814300000000003 0.01999999999999998
10 0.6069415 0.42375000000000007 0.03189500000000012 0.04749999999999995
10 0.5947469999999999 0.31625 0.0037519999999998666 0.022500000000000003
10 0.6041274999999999 0.38125000000000003 0.018760999999999917 0.03250000000000005
10 0.6153845 0.18375 0.033770999999999995 0.03250000000000001
10 0.6163225 0.25875 0.035646999999999984 0.03750000000000001
10 0.619137 0.2175 0.02626600000000001 0.020000000000000018
10 0.6219515 0.31 0.009381000000000084 0.025000000000000022
10 0.643527 0.285 0.02626600000000001 0.04
10 0.639775 0.19000000000000003 0.015009999999999968 0.020000000000000018
10 0.914634 0.355 0.058161999999999936 0.09000000000000008
10 0.9652909999999999 0.28 0.061913999999999914 0.12500000000000003
10 0.9587239999999999 0.40499999999999997 0.04502799999999996 0.06500000000000002
10 0.967167 0.47000000000000003 0.061914000000000025 0.10000000000000002
