2 0.0 0.9681049999999999 0.0575 0.9981239999999999
2 0.0 0.36773 0.0625 0.810507
2 0.0 0.236398 0.10375 0.540338
2 0.0 0.0 0.2575 0.266417
2 0.01125 0.731707 0.43625 0.9981239999999999
2 0.1175 0.0 0.45125 0.283302
2 0.23125 0.150094 0.6875 0.8949340000000001
2 0.4 0.726079 0.71625 0.9943709999999998
2 0.42875 0.0 0.6 0.129456
2 0.525 0.101313 0.81875 0.637899
2 0.6 0.0 0.87625 0.309568
2 0.64875 0.545966 0.80625 0.9474670000000001
2 0.80875 0.39587200000000006 0.99875 0.9681049999999999
2 0.905 0.0 0.99875 0.403377
