6 0.19125 0.50625 0.2 0.3891659999999999
6 0.416875 0.71125 0.15749999999999997 0.2858340000000001
6 0.48343749999999996 0.4166665 0.05562499999999998 0.13166699999999998
6 0.5578124999999999 0.8333335000000001 0.13937499999999997 0.29666699999999996
6 0.628125 0.12416700000000001 0.2025 0.19999999999999998
6 0.5609375 0.46291649999999995 0.06562500000000004 0.08583299999999998
6 0.6078125000000001 0.42375000000000007 0.03187499999999999 0.04083400000000004
6 0.6196875 0.6195835 0.04437499999999994 0.12416700000000007
6 0.775 0.50625 0.03875000000000006 0.12083400000000004
6 0.8621875 0.66375 0.09812500000000002 0.315834
