13 0.4296435 0.48625 0.7688110161290322 0.8493668619791666
13 0.0 0.31875000000000003 0.050657 0.3645849609375
13 0.0 0.8412499999999999 0.091932 0.9814046223958335
13 0.0 0.16000000000000003 0.133208 0.2722916666666667
13 0.0 0.5612499999999999 0.133208 0.7292692057291666
13 0.119137 0.0 0.18750054154447704 0.075
13 0.140713 0.9512499999999999 0.20248945063538612 0.9962613932291667
13 0.1885555 0.8225000000000001 0.27748968377321603 0.9364290364583333
13 0.21388400000000002 0.71375 0.2887219247311828 0.8465706380208333
13 0.19512200000000002 0.5 0.24746426490713588 0.5518489583333334
13 0.229831 0.34875000000000006 0.31497233626588467 0.45704589843750004
13 0.261726 0.0 0.36372115835777125 0.1725
13 0.28611600000000004 0.1825 0.37120231671554255 0.25976236979166667
13 0.282364 0.58 0.3243019843597264 0.6942447916666666
13 0.31144499999999997 0.78375 0.3449115571847507 0.8664794921875
13 0.3977485 0.0 0.47991119403714566 0.09000000000000001
13 0.3930585 0.53625 0.46303077859237535 0.6893017578124999
13 0.3827395 0.88 0.4330218655913978 0.9413541666666667
13 0.4296435 0.10875 0.4930130161290323 0.1823583984375
13 0.4577860000000001 0.9187500000000001 0.5136235063538612 0.9813037109375
13 0.511257 0.59 0.599875237536657 0.7217317708333333
13 0.507505 0.25125000000000003 0.5829939051808406 0.3146728515625
13 0.5590995000000001 0.6537499999999999 0.6542374706744869 0.8041487630208334
13 0.5497185000000001 0.0 0.6279806407624633 0.08
13 0.5600375000000001 0.3175 0.6035805537634409 0.39208658854166667
13 0.609756 0.12625 0.686082953079179 0.18483561197916665
13 0.6144465 0.89875 0.6954593680351907 0.9963297526041668
13 0.6669795 0.32375000000000004 0.7366840161290322 0.44707845052083334
13 0.661351 0.19375 0.7141755180840665 0.23474772135416666
13 0.706379 0.7799999999999999 0.7797975024437928 0.876484375
13 0.6810505 0.62875 0.7272892614858261 0.7641813151041666
13 0.7485925000000001 0.0 0.8304122380254155 0.0625
13 0.771107 0.37625000000000003 0.8397712297165201 0.4470100911458333
13 0.7345215 0.695 0.7647599926686216 0.7390950520833331
13 0.74015 0.9787500000000001 0.7722594907135876 0.9962255859375001
13 0.731707 0.22749999999999995 0.751629743890518 0.28220377604166663
13 0.7992494999999998 0.49124999999999996 0.8603817199413488 0.5343603515625001
13 0.8855535000000001 0.235 0.9916293563049855 0.3521940104166666
13 0.8827394999999999 0.9199999999999999 0.9428521070381232 0.9963020833333335
13 0.9221385000000001 0.0 0.9915935938416425 0.1175
13 0.9258915 0.7425 0.9953429252199412 0.866533203125
13 0.9277675 0.405 0.9972170913978495 0.5244726562500001
13 0.985929 0.26375 0.9952842375366567 0.3321565755208334
