18 0.003125 0.449959 0.2375 0.8990899999999998
18 0.011875 0.040529 0.201875 0.49462399999999995
18 0.036875 0.0 0.36875 0.425972
18 0.15 0.598015 0.4425 0.961125
18 0.18875 0.40033100000000005 0.388125 0.7253930000000001
18 0.305625 0.08271299999999998 0.638125 0.5765100000000001
18 0.4 0.44168700000000005 0.66625 0.790736
18 0.41 0.610422 0.676875 0.965261
18 0.618125 0.0 0.9775 0.40363899999999997
18 0.63375 0.422663 0.98125 0.9875930000000002
18 0.82625 0.41770100000000004 0.995625 0.6873450000000001
18 0.859375 0.13151400000000002 0.9825 0.427626
