10 0.079375 0.8133335 0.15375 0.34888900000000006
10 0.085625 0.390556 0.16625 0.3100000000000001
10 0.2475 0.5977775 0.19625 0.36888899999999997
10 0.2628125 0.18833299999999997 0.188125 0.32777799999999996
10 0.44281249999999994 0.3905555 0.18187499999999995 0.3233330000000001
10 0.668125 0.5616665 0.20875 0.37444500000000003
10 0.6578125 0.0 0.18062500000000004 0.313333
10 0.8556250000000001 0.36222249999999995 0.18499999999999994 0.348889
10 0.8821874999999999 0.817222 0.20937499999999998 0.3455560000000001
10 0.9659375 0.0 0.06687500000000002 0.285556
10 0.9862500000000001 0.5483335 0.022500000000000075 0.23666700000000004
