7 0.2211395 0.471 0.3040242232796486 0.5345400390625
7 0.3208395 0.6945 0.4568012496339678 0.74932177734375
7 0.24062999999999996 0.40349999999999997 0.2725116866764275 0.42360595703125
7 0.291604 0.487 0.3728860541727672 0.5615244140625001
7 0.32908550000000003 0.754 0.4313021764275256 0.798263671875
7 0.32083999999999996 0.8525 0.41032524890190336 0.9001674804687501
7 0.3095955 0.422 0.3818557122986823 0.48158789062499996
7 0.5007495 0.3955 0.6004658382137628 0.44961376953125
7 0.5487255 0.42400000000000004 0.6393765951683748 0.5295859375
7 0.5224885000000001 0.44 0.5809440095168374 0.5195703125
7 0.561469 0.348 0.6228659370424597 0.43466015625
7 0.6266865 0.6575 0.6902364502196194 0.68535791015625
7 0.7428785 0.714 0.8639793301610543 0.756302734375
7 0.8305849999999999 0.71 0.9792939165446558 0.781306640625
7 0.8673165 0.663 0.9972311368960468 0.7063525390625
