13 0.0 0.34943700000000005 0.009375 0.36346537920937044
13 0.0221875 0.481707 0.03122833251953125 0.5011707188872621
13 0.0303125 0.620544 0.043720397949218746 0.6341754436310395
13 0.04 0.45544049999999997 0.0555859375 0.4721281764275256
13 0.0528125 0.653846 0.06682342529296875 0.6763406852122986
13 0.0596875 0.6177294999999999 0.07306671142578125 0.6341795644216691
13 0.065 0.5759850000000001 0.0743115234375 0.5892126837481699
13 0.0671875 0.8606945000000003 0.07868438720703125 0.8777268323572476
13 0.0721875 0.1599435 0.08492950439453126 0.18456882210834555
13 0.0740625 0.8259850000000001 0.08617767333984375 0.8411926515373355
13 0.08156250000000001 0.19230799999999998 0.09367034912109375 0.2154784363103953
13 0.08156250000000001 0.5201685 0.09367034912109375 0.547080406295754
13 0.0840625 0.87758 0.09366790771484375 0.8983401098096634
13 0.0984375 0.16275799999999999 0.10802886962890625 0.18456470131771596
13 0.1028125 0.6214820000000001 0.11552459716796876 0.6416790702781845
13 0.1078125 0.5811445 0.12301971435546875 0.5995241295754027
13 0.1190625 0.436679 0.12863372802734374 0.4608986456808199
13 0.1259375 0.8719509999999999 0.13612701416015627 0.8927193513909224
13 0.1353125 0.7298310000000001 0.14736785888671874 0.7428334333821377
13 0.1353125 0.39727949999999995 0.14611785888671874 0.411238331625183
13 0.138125 0.11866799999999998 0.1473651123046875 0.13866325475841873
13 0.1415625 0.43198849999999994 0.15423675537109377 0.4458965131771596
13 0.1446875 0.5867729999999999 0.15798370361328123 0.6013918887262079
13 0.1496875 0.7518765 0.15922882080078124 0.7681301559297219
13 0.1528125 0.9165104999999999 0.16297576904296873 0.9292401105417277
13 0.1540625 0.8747655000000001 0.16172454833984373 0.8927152306002928
13 0.1584375 0.37757999999999997 0.16922027587890626 0.3971961742313323
13 0.1609375 0.8424015000000001 0.17046783447265626 0.8580536156661787
13 0.16375 0.531426 0.172965087890625 0.5489409238653
13 0.164375 0.609287 0.1729644775390625 0.6276259253294291
13 0.18406250000000002 0.9254224999999999 0.19732025146484375 0.9414220622254759
13 0.18656250000000002 0.7349904999999999 0.19606781005859375 0.7512688792093705
13 0.1953125 0.8897750000000001 0.20793426513671875 0.9105172547584189
13 0.2115625 0.566135 0.22666839599609373 0.5892271054172769
13 0.2221875 0.8522510000000001 0.23228302001953127 0.8721101947291361
13 0.2290625 0.6327389999999999 0.24227630615234375 0.6510435885797949
13 0.2371875 0.6590055 0.24726837158203124 0.6763331310395314
13 0.2425 0.563321 0.25351318359374997 0.581727225475842
13 0.26437499999999997 0.6510319999999999 0.2822418212890625 0.6707168052708639
13 0.2759375 0.698405 0.28598052978515626 0.7091084450951685
13 0.344375 0.8541275000000002 0.36528869628906246 0.8758604472913617
13 0.33781249999999996 0.5980300000000001 0.34717010498046874 0.6126324070278184
13 0.3409375 0.464822 0.35091705322265626 0.4843104407027818
13 0.3521875 0.706848 0.36153106689453124 0.7203530834553441
13 0.3584375 0.20590999999999998 0.3740249633789063 0.2267155212298682
13 0.35906249999999995 0.6261725 0.37027435302734374 0.6454242027818448
13 0.37406249999999996 0.1430585 0.38588470458984375 0.1686465439238653
13 0.37406249999999996 0.7218574999999999 0.3846347045898438 0.7372171076134699
13 0.37187499999999996 0.8100375000000002 0.3777618408203125 0.8262060007320644
13 0.3909375 0.716229 0.40336822509765624 0.7334733484626648
13 0.396875 0.7884614999999998 0.40711242675781245 0.8027855907759882
13 0.3975 0.8344280000000002 0.40461181640625005 0.8468082898975109
13 0.4065625 0.7682929999999999 0.41647796630859374 0.7774871200585651
13 0.40656250000000005 0.2321765 0.41522796630859377 0.25012906368960464
13 0.43156249999999996 0.568949 0.43957855224609377 0.5892229853587116
13 0.446875 0.22889299999999996 0.45706359863281254 0.2501338711566618
13 0.45281249999999995 0.46904300000000004 0.46643280029296874 0.5030652606149342
13 0.48468750000000005 0.3344275 0.49827667236328127 0.34941635505124446
13 0.4934375 0.8250469999999999 0.5045181274414062 0.8468220248901902
13 0.5409375 0.8700749999999999 0.5532217407226562 0.8889700980966324
13 0.5428125 0.8287994999999999 0.5544699096679688 0.8430645307467058
13 0.5775 0.241557 0.59193603515625 0.26137232942898975
13 0.600625 0.2734525 0.6150384521484374 0.2904066303074671
13 0.60375 0.1158535 0.618785400390625 0.1330383755490483
13 0.6053124999999999 0.31285199999999996 0.6162838745117187 0.3250579443631039
13 0.6221875 0.38508450000000005 0.6350173950195312 0.40375118667642756
13 0.6415625 0.38273950000000007 0.6506234741210938 0.39906462005856513
13 0.6575 0.7096625000000001 0.67623291015625 0.7372349626647144
13 0.6703125000000001 0.803002 0.6849703979492188 0.8262163016105418
13 0.6953125 0.153846 0.7043209838867187 0.17894874963396779
13 0.7075 0.933865 0.7261840820312501 0.9639237013177161
13 0.7265625 0.8452155000000001 0.7374154663085938 0.8580494956076136
13 0.7353125 0.8836769999999999 0.7505319213867188 0.9048971830161053
13 0.7575 0.5286119999999999 0.7723852539062499 0.5489450439238652
13 0.755 0.1796435 0.7655126953125 0.2014259787701318
13 0.754375 0.0 0.7605133056640625 0.051594999999999995
13 0.7678125 0.295028 0.7798751831054688 0.3166410409956076
13 0.7759375 0.023921500000000002 0.7848672485351562 0.04030297584187408
13 0.7828125 0.173077 0.7954855346679688 0.19017859297218154
13 0.78125 0.5023449999999999 0.784862060546875 0.5245925021961934
13 0.7996875 0.196529 0.8142190551757812 0.2135962562225476
13 0.8209375 0.5375235 0.8335733032226562 0.5648789963396779
13 0.8215625 0.7645404999999998 0.8348226928710937 0.7896876142020498
13 0.8215625 0.42120050000000003 0.8310726928710938 0.4496643081991216
13 0.8271875 0.44605999999999996 0.8385671997070312 0.4627619106881405
13 0.834375 0.727017 0.8491851806640625 0.7372095534407027
13 0.850625 0.8982175 0.8722943115234375 0.9217618938506589
13 0.8690625000000001 0.9793620000000001 0.8797763061523437 0.9976280878477306
13 0.886875 0.7270165000000001 0.8922589111328124 0.7428375541727673
13 0.935 0.9291745 0.9459619140625001 0.9507975688140555
