17 0.474537 0.4930554999999999 0.300926 0.26944499999999993
17 0.17638900000000002 0.11759300000000002 0.121296 0.10000000000000003
17 0.249537 0.21620349999999997 0.20833400000000002 0.16574099999999997
17 0.402778 0.191667 0.15185200000000001 0.127778
17 0.5523144999999999 0.25046300000000005 0.19166699999999995 0.16573999999999997
17 0.725463 0.4708334999999999 0.24166600000000002 0.25462899999999994
17 0.6842595 0.114815 0.13888900000000012 0.177778
17 0.75 0.1875 0.14814799999999995 0.163888
17 0.8347219999999999 0.7444445000000002 0.2768519999999999 0.3148150000000001
17 0.9004629999999999 0.31296300000000005 0.197222 0.12777800000000006
17 0.903704 0.21944449999999996 0.17962999999999996 0.09629699999999997
