0 0.48657400000000006 0.8125 0.6975144401041667 0.9804230572916666
0 0.711168 0.5550930000000001 0.15555499999999997 0.67890722265625
0 0.711168 0.3472225 0.35740700000000003 0.4393628873697917
0 0.2578705 0.715278 0.44225723111979165 0.8796246484374999
0 0.2569445 0.4962965 0.4042954368489584 0.6012057805989584
0 0.35555549999999997 0.115741 0.47546303710937504 0.17855329557291666
0 0.425 0.30833350000000004 0.5374096145833333 0.39774652408854166
0 0.5430555 0.09537049999999998 0.649292896484375 0.1609868196614583
0 0.563889 0.3907405 0.6668587695312499 0.45597222330729165
0 0.6597225 0.6560185000000001 0.7648819863281249 0.7908128092447918
0 0.7287035 0.26666700000000004 0.8305321673177081 0.35243077734375006
0 0.8662039999999999 0.400463 0.9877611302083332 0.4679975638020833
0 0.8888889999999999 0.540741 0.9979165924479166 0.7122589101562499
