13 0.64 0.833333 0.05875 0.9064955102941176
13 0.05875 0.9143125000000001 0.109317626953125 0.9581654227941176
13 0.120625 0.8036725 0.1642572021484375 0.8500421286764707
13 0.16125 0.9044255000000001 0.209217529296875 0.9638299625
13 0.1875 0.8220339999999998 0.20794189453125 0.8613151264705882
13 0.238125 0.884181 0.2703924560546875 0.9525607338235295
13 0.395625 0.19679849999999996 0.42023864746093753 0.22569959044117646
13 0.40312499999999996 0.065913 0.4277313232421875 0.11007206911764705
13 0.4290625 0.1431265 0.44583099365234374 0.1890555198529412
13 0.4475 0.08145 0.46268798828125 0.10440022058823528
