4 0.0 0.0 0.11375 0.19174799999999997
4 0.0 0.3106795 0.140625 0.3928112319848293
4 0.64 0.6788029999999998 0.26875 0.8486568419721869
4 0.119375 0.0 0.1723834228515625 0.09223300000000001
4 0.1271875 0.154935 0.15612579345703126 0.2522311276864728
4 0.1915625 0.971683 0.23731292724609374 0.9979625764854614
4 0.1903125 0.23139200000000004 0.23356414794921876 0.3484134690265487
4 0.231875 0.0 0.2847735595703125 0.118123
4 0.2859375 0.968851 0.38722076416015627 0.9979661567635904
4 0.32375 0.0 0.44593383789062496 0.263754
4 0.3684375 0.6003235 0.49651519775390623 0.7605680575221241
4 0.3196875 0.9288030000000002 0.3578128051757813 0.954327786346397
4 0.374375 0.0 0.4552593994140625 0.071197
4 0.3721875 0.830906 0.43901153564453127 0.8840625499367888
4 0.44875 0.901699 0.545186767578125 0.9980510518331225
4 0.48062499999999997 0.38956299999999994 0.5957806396484374 0.4647175056890013
4 0.46 0.0 0.52955078125 0.236246
4 0.5071875 0.6116505 0.6026296997070313 0.7710717376738306
4 0.575 0.5453075000000001 0.6875634765624999 0.6951036099873577
4 0.61625 0.1116505 0.685023193359375 0.22073284892541087
4 0.6596875 0.226942 0.7368557739257813 0.27236709481668775
4 0.69 0.90089 0.7830761718749999 0.9980520745891276
4 0.7478125 0.1330905 0.8217697143554688 0.22070574399494308
4 0.730625 0.0 0.7817864990234374 0.052589
4 0.791875 0.7010514999999999 0.8629766845703125 0.8033207149178256
4 0.80125 0.17192549999999998 0.864217529296875 0.2206566479140329
4 0.8875 0.4012945 0.99850830078125 0.5520816744627054
4 0.858125 0.0 0.9210369873046875 0.06310700000000001
4 0.891875 0.900081 0.9847540283203124 0.9721630973451327
4 0.8778125000000001 0.093851 0.9341427612304688 0.16088435145385588
4 0.9293750000000001 0.10760549999999999 0.9984674072265625 0.17947596270543614
4 0.9353125 0.7261325 0.9984616088867188 0.8291790069532238
