15 0.0 0.5458335 0.42375 0.45166700000000004
15 0.258125 0.7408334999999999 0.5087499999999999 0.32833299999999993
15 0.24812499999999998 0.26 0.21874999999999997 0.11333400000000005
15 0.361875 0.1608335 0.16125 0.081667
15 0.4125 0.2591665 0.21749999999999997 0.101667
15 0.645625 0.79 0.53375 0.4166659999999999
15 0.515 0.13749999999999998 0.17249999999999993 0.09166600000000001
15 0.608125 0.25083300000000003 0.21125000000000005 0.11499999999999995
15 0.668125 0.1208335 0.15625 0.088333
15 0.786875 0.43 0.3062499999999999 0.23666599999999993
15 0.8225 0.22999999999999998 0.2124999999999999 0.113334
15 0.78375 0.8533335000000001 0.04250000000000009 0.08666699999999998
15 0.850625 0.0983335 0.16625 0.103333
