16 0.0367185 0.17656300000000003 0.073437 0.30625
16 0.0515625 0.45625000000000004 0.103125 0.25312399999999996
16 0.057031500000000006 0.6593745 0.11406300000000001 0.28437500000000004
16 0.071875 0.086719 0.14375 0.173438
16 0.14921900000000002 0.883594 0.29843800000000004 0.2296879999999999
16 0.134375 0.290625 0.209376 0.24374999999999997
16 0.139844 0.0234375 0.16406199999999999 0.046875
16 0.1453125 0.682031 0.140625 0.229688
16 0.26171849999999997 0.10625 0.235937 0.2125
16 0.3968755 0.4921875 0.31562499999999993 0.28437500000000004
16 0.4859375 0.403125 0.09687500000000004 0.15625
16 0.622656 0.2625 0.267188 0.234374
16 0.5640625 0.651562 0.13437499999999997 0.19999999999999996
16 0.741406 0.426562 0.417188 0.34375
16 0.6265625 0.08125 0.18125100000000005 0.1625
16 0.8 0.7828124999999999 0.3968759999999999 0.43125099999999994
16 0.8203125 0.0984375 0.356251 0.196875
16 0.8539065 0.1945315 0.24843700000000002 0.16406300000000001
16 0.890625 0.4718745 0.20312599999999992 0.27812499999999996
16 0.8656250000000001 0.649219 0.14687400000000006 0.12343799999999994
16 0.940625 0.6335935 0.1156259999999999 0.18593700000000002
16 0.9640629999999999 0.3609375 0.06874999999999998 0.153125
