11 0.0 0.714193 0.192383 0.8363100611979166
11 0.0 0.287109 0.193359 0.42801116015625
11 0.081055 0.49804699999999996 0.14835884472656252 0.5761745013020833
11 0.0932615 0.9153644999999999 0.17080692431640623 0.9975061191406249
11 0.092285 0.0 0.1669018779296875 0.16276
11 0.20654300000000003 0.43815099999999996 0.31522829785156253 0.5762524908854166
11 0.21826199999999998 0.8626299999999999 0.325958853515625 0.9975747838541666
11 0.225586 0.0 0.302513701171875 0.161458
11 0.23144549999999997 0.1289065 0.3103209790039062 0.16649915299479168
11 0.2578125 0.34570300000000004 0.32396722998046873 0.4396538658854166
11 0.255859 0.7311200000000001 0.3181091376953125 0.8037360208333332
11 0.3027345 0.0 0.32197036083984376 0.026042
11 0.404785 0.0 0.4878857021484375 0.088542
11 0.42089849999999995 0.7167965000000001 0.5171669663085937 0.8480246712239583
11 0.42236300000000004 0.1914065 0.5122825361328125 0.30704277278645836
11 0.4277345 0.43554699999999996 0.5230202905273437 0.5541208815104166
11 0.40918 0.9270834999999998 0.45760841015625 0.9974908600260416
11 0.4497070000000001 0.34960949999999996 0.5210448330078126 0.414909779296875
11 0.544922 0.9088539999999999 0.6576708496093749 0.9975145963541666
11 0.5625 0.0 0.65081768359375 0.14974
11 0.5805665 0.27604200000000007 0.6732610405273437 0.38505757031250004
11 0.5791014999999999 0.46354200000000007 0.6547074711914063 0.5410634296875
11 0.6088865 0.6927084999999998 0.7044833842773437 0.8246190358072916
11 0.5917969999999999 0.827474 0.6673910732421874 0.8843395598958333
11 0.744629 0.07552049999999999 0.8254448232421874 0.13141166601562498
11 0.736328 0.0 0.8078749296875 0.03125
11 0.7744139999999999 0.24153649999999996 0.878149736328125 0.37338349934895826
11 0.800293 0.65625 0.9025384638671876 0.7973225078125
11 0.7695315 0.370443 0.8371395043945312 0.40186165234374993
11 0.768066 0.4563805 0.8332339355468751 0.5449787545572916
11 0.807129 0.8951825000000001 0.8986257880859374 0.9975323977864582
11 0.817383 0.0 0.8370927744140625 0.044271
11 0.89209 0.0 0.974714818359375 0.141927
11 0.9106445 0.46224 0.9981336987304688 0.5853361249999999
11 0.9121095 0.268229 0.9844612680664062 0.37985874348958326
11 0.9316405 0.7552085000000001 0.9981131948242188 0.8740166555989584
11 0.948242 0.8912760000000001 0.998096982421875 0.997537484375
