13 0.0 0.0 0.038125 0.03
13 0.1103125 0.1540625 0.14864227294921875 0.18547454833984375
13 0.1225 0.7971874999999999 0.15550537109375 0.8254714965820313
13 0.1584375 0.8571875 0.20172027587890626 0.9022879028320312
13 0.1984375 0.528125 0.21543121337890625 0.5419842529296874
13 0.21375 0.881875 0.246041259765625 0.9110137939453125
13 0.2225 0.575 0.24290771484375 0.6000634765624999
13 0.2609375 0.5393749999999999 0.29912017822265624 0.5744732666015625
13 0.3965625 0.0821875 0.43211273193359373 0.11366973876953125
13 0.4496875 0.5921875 0.4783108520507813 0.6206716918945312
13 0.660625 0.839375 0.6881048583984375 0.8666802978515625
13 0.8596874999999999 0.0 0.8810354614257813 0.036875
13 0.889375 0.4128125 0.9166314697265625 0.4395968627929688
13 0.9256249999999999 0.4896875 0.9528460693359375 0.5163967895507813
13 0.9415625000000001 0.3859375 0.9728305053710937 0.4196231079101562
