6 0.0 0.6879165 0.023125 0.767437275390625
6 0.0 0.8670835 0.099375 0.9980379850260417
6 0.0 0.4458335 0.19625 0.5419194876302084
6 0.0990625 0.9412500000000001 0.18177825927734376 0.9979414140625001
6 0.28281249999999997 0.726667 0.49034881591796875 0.9982208190104167
6 0.3871875 0.44166649999999996 0.4602468872070313 0.5277579134114583
6 0.438125 0.9841669999999999 0.5083221435546875 0.9978855325520835
6 0.6784375 0.58875 0.8955874633789063 0.8409003984375
6 0.5034375 0.855 0.5363833618164062 0.9322197187499999
6 0.7609375 0.8033335 0.9986318969726563 0.9981209928385417
