16 0.009375 0.9782605 0.01875 0.03726700000000004
16 0.0166665 0.1739135 0.033333 0.17391299999999998
16 0.028125 0.7158385 0.05625 0.2204970000000001
16 0.052083500000000005 0.4487575 0.10416700000000001 0.338509
16 0.4989585 0.498447 0.997917 0.996894
16 0.1354165 0.107143 0.220833 0.195652
16 0.171875 0.9487574999999998 0.23124999999999998 0.09627300000000014
16 0.18437499999999998 0.701863 0.24791599999999997 0.30434800000000006
16 0.1479165 0.4177015 0.166667 0.29503099999999993
16 0.2614585 0.25465849999999995 0.13958299999999998 0.26086899999999996
16 0.3302085 0.4440994999999999 0.197917 0.22360299999999997
16 0.3958335 0.0869565 0.25833300000000003 0.173913
16 0.42500000000000004 0.25931699999999996 0.29166600000000004 0.3633539999999999
16 0.42500000000000004 0.698758 0.25000000000000006 0.37888200000000005
16 0.414583 0.9254655 0.21250000000000002 0.14285699999999993
16 0.58125 0.43323 0.25000000000000006 0.30745399999999995
16 0.6656249999999999 0.0869565 0.285416 0.173913
16 0.675 0.9021735000000001 0.26666599999999996 0.18944100000000005
16 0.670833 0.220497 0.23750000000000004 0.242236
16 0.6854165000000001 0.6568325 0.208333 0.2515529999999999
16 0.8072915 0.40993749999999995 0.24791700000000005 0.31055900000000003
16 0.901042 0.931677 0.1937500000000001 0.130434
16 0.9 0.675466 0.17500000000000004 0.2763979999999999
16 0.90625 0.0791925 0.1833340000000001 0.158385
16 0.9270835 0.3090065 0.1416670000000001 0.313665
16 0.9458335 0.57764 0.10416700000000001 0.24223599999999992
