10 0.0 0.385246 0.1175 0.15052199999999993
10 0.0 0.795082 0.136875 0.3204180000000001
10 0.165 0.5640835000000001 0.16125 0.391953
10 0.1840625 0.2220565 0.169375 0.274217
10 0.1725 0.804024 0.10750000000000001 0.22801800000000016
10 0.213125 0.385991 0.15000000000000002 0.23547
10 0.26625 0.661699 0.0875 0.34873399999999993
10 0.2984375 0.9388975 0.13062500000000002 0.11922500000000007
10 0.3421875 0.4448585 0.18062499999999998 0.39791299999999985
10 0.3140625 0.8420265 0.12187500000000001 0.14605100000000007
10 0.3565625 0.742921 0.16812499999999997 0.22205599999999986
10 0.3378125 0.7213114999999999 0.11562499999999998 0.13710900000000006
10 0.3853125 0.147541 0.125625 0.271236
10 0.4153125 0.917288 0.14187500000000003 0.1624440000000001
10 0.4115625 0.7093890000000002 0.073125 0.13710799999999995
10 0.4865625 0.25260799999999994 0.15437499999999998 0.3800299999999999
10 0.495 0.6050670000000001 0.15999999999999998 0.3517139999999999
10 0.494375 0.8241430000000001 0.10000000000000003 0.14605000000000007
10 0.5696874999999999 0.966468 0.135625 0.0640840000000001
10 0.5946875 0.885246 0.16812499999999997 0.22652800000000006
10 0.5859375 0.5469445 0.12687500000000007 0.37555900000000003
10 0.6640625 0.3055145 0.16812500000000008 0.3755589999999999
10 0.6756249999999999 0.7615494999999999 0.14 0.22354699999999983
10 0.735625 0.5551415000000001 0.16500000000000004 0.28763099999999997
10 0.701875 0.9359164999999999 0.04625000000000001 0.1251870000000001
10 0.7793749999999999 0.9448584999999999 0.11625000000000008 0.1073030000000001
10 0.804375 0.8301040000000001 0.16625 0.28613999999999995
10 0.8621875 0.6311475 0.13312499999999994 0.2011929999999999
10 0.879375 0.9798810000000001 0.10624999999999996 0.03725799999999997
10 0.88 0.918778 0.10000000000000009 0.07302600000000009
10 0.8684375 0.900894 0.06937499999999996 0.0551420000000001
10 0.9337500000000001 0.7578239999999999 0.13124999999999998 0.320418
