13 0.15875 0.8708329999999999 0.187344970703125 0.8921991028645834
13 0.375625 0.7308335 0.4233831787109375 0.7807153938802083
13 0.365625 0.0 0.3971429443359375 0.086667
13 0.515625 0.34500000000000003 0.5569964599609375 0.40121778124999996
13 0.50875 0.7025 0.527003173828125 0.7374182864583334
13 0.538125 0.46916650000000004 0.5819744873046875 0.5293891061197917
13 0.5931249999999999 0.08166649999999999 0.6269207763671875 0.11989366341145834
13 0.630625 0.44916700000000004 0.6731341552734375 0.4960821471354167
13 0.73875 0.8825 0.754278564453125 0.9021839114583332
13 0.799375 0.8908335 0.8104693603515625 0.913840060546875
13 0.89625 0.87 0.909124755859375 0.8855341874999999
13 0.9256249999999999 0.965 0.9528460693359375 0.9820764895833333
13 0.98125 0.8991665000000001 0.997791748046875 0.9221622102864583
13 0.983125 0.9033335 0.9940399169921875 0.9188237845052084
