2 0.0 0.101875 0.15018800000000002 0.380625
2 0.0 0.00125 0.179599 0.185625
2 0.0 0.595625 0.299124 0.968125
2 0.0012519999999999999 0.28125 0.34355399999999997 0.595625
2 0.145181 0.106875 0.276596 0.28125
2 0.153942 0.0 0.416771 0.124375
2 0.19148900000000002 0.865625 0.396746 0.999375
2 0.24280300000000002 0.62625 0.364205 0.7275
2 0.297247 0.62125 0.635795 0.995625
2 0.43742200000000003 0.00125 0.6157699999999999 0.15
2 0.560701 0.7375 0.8222780000000001 0.99875
2 0.560701 0.110625 0.882353 0.394375
2 0.584481 0.0 0.832916 0.091875
2 0.682103 0.426875 0.961201 0.768125
2 0.8222780000000001 0.0 0.999374 0.2475
2 0.827284 0.8825 0.9505629999999999 0.990625
2 0.8979969999999999 0.250625 0.999374 0.446875
2 0.9199 0.773125 0.996871 0.975
2 0.94368 0.56 0.999374 0.805625
