2 0.381616 0.9583330000000001 0.440111 0.9958329999999999
2 0.426184 0.9583330000000001 0.479109 0.9958329999999999
2 0.47075200000000006 0.829167 0.548747 0.925
2 0.473538 0.745833 0.543175 0.845833
2 0.48189399999999993 0.95 0.5236770000000001 0.9958329999999999
2 0.51532 0.620833 0.590529 0.695833
2 0.520891 0.7 0.573816 0.779167
2 0.5236770000000001 0.908333 0.5961 0.9958329999999999
2 0.557103 0.775 0.6406689999999999 0.883333
2 0.573816 0.404167 0.632312 0.4875
2 0.5988859999999999 0.666667 0.662953 0.75
2 0.5988859999999999 0.845833 0.671309 0.9375
2 0.6072420000000001 0.929167 0.668524 0.9958329999999999
2 0.623955 0.516667 0.674095 0.6
2 0.632312 0.229167 0.690808 0.3375
2 0.6406689999999999 0.7708330000000001 0.699164 0.8958330000000001
2 0.6518109999999999 0.354167 0.721448 0.445833
2 0.668524 0.304167 0.724234 0.345833
2 0.671309 0.14166700000000002 0.724234 0.2375
2 0.674095 0.470833 0.749304 0.541667
2 0.679666 0.525 0.7660170000000001 0.625
2 0.688022 0.875 0.746518 0.970833
2 0.699164 0.9375 0.763231 0.9958329999999999
2 0.70195 0.6 0.774373 0.6875
2 0.710306 0.366667 0.777159 0.45416700000000004
2 0.738162 0.11666700000000002 0.788301 0.158333
2 0.740947 0.1625 0.793872 0.23333299999999998
2 0.740947 0.670833 0.810585 0.758333
2 0.743733 0.266667 0.810585 0.341667
2 0.749304 0.208333 0.810585 0.295833
2 0.7660170000000001 0.329167 0.8133699999999999 0.39166700000000004
2 0.7660170000000001 0.533333 0.827298 0.6375
2 0.774373 0.966667 0.8189420000000001 0.9958329999999999
2 0.777159 0.44166700000000003 0.83844 0.516667
2 0.78273 0.07083300000000001 0.8440110000000001 0.129167
2 0.78273 0.37916700000000003 0.849582 0.445833
2 0.796657 0.129167 0.86351 0.17916700000000002
2 0.8077989999999999 0.908333 0.8356549999999999 0.966667
2 0.8077989999999999 0.683333 0.8857940000000001 0.795833
2 0.816156 0.48333299999999996 0.869081 0.558333
2 0.816156 0.229167 0.8774370000000001 0.2875
2 0.827298 0.029167000000000002 0.8857940000000001 0.091667
2 0.827298 0.283333 0.8857940000000001 0.333333
2 0.830084 0.545833 0.9136489999999999 0.6875
2 0.8356549999999999 0.31666700000000003 0.8969360000000001 0.39166700000000004
2 0.8440110000000001 0.06666699999999999 0.9108639999999999 0.154167
2 0.849582 0.3875 0.916435 0.4625
2 0.871866 0.17916700000000002 0.935933 0.258333
2 0.8774370000000001 0.12083300000000001 0.9275770000000001 0.166667
2 0.8774370000000001 0.4375 0.9387190000000001 0.533333
2 0.8857940000000001 0.0 0.9415040000000001 0.033333
2 0.905292 0.016666999999999998 0.955432 0.1125
2 0.9108639999999999 0.275 0.9805010000000001 0.37083299999999997
2 0.935933 0.129167 0.986072 0.225
2 0.958217 0.029167000000000002 0.9972139999999999 0.11666700000000002
