13 0.0980395 0.6756535 0.13552525830078124 0.7133921821289063
13 0.097222 0.977124 0.12735605664062502 0.99741177734375
13 0.285948 0.5751634999999999 0.38370775390624995 0.6628373168945312
13 0.235294 0.9844769999999999 0.261208220703125 0.9974045966796875
13 0.43709149999999997 0.5988564999999999 0.5159131528320312 0.6824221791992187
13 0.41911750000000003 0.878268 0.4456687055664062 0.90437131640625
13 0.43709149999999997 0.993464 0.4570891528320312 0.9973958203125
13 0.4436275 0.9346405 0.47015477001953127 0.9631392651367188
13 0.4632355 0.96732 0.4913776215820313 0.9778133515625
13 0.5735295 0.6617645 0.6546689125976562 0.7248437456054687
13 0.7933005 0.6552285 0.8325582924804688 0.7101441284179687
13 0.8611115 0.6650324999999999 0.9125580708007812 0.7248405541992187
13 0.885621 0.9346405 0.9354101357421875 0.9909172651367186
13 0.9566995 0.9223855000000001 0.9974317231445312 0.9794912329101563
