18 0.0 0.426778 0.174375 0.6887030000000001
18 0.033125 0.233473 0.15875 0.426778
18 0.080625 0.049372000000000006 0.23375 0.23681999999999997
18 0.085625 0.312971 0.22875 0.45439300000000005
18 0.093125 0.486192 0.309375 0.837657
18 0.139375 0.746444 0.353125 0.999163
18 0.1525 0.41924700000000004 0.23875 0.562343
18 0.15375 0.169874 0.311875 0.38661100000000004
18 0.220625 0.312971 0.384375 0.557322
18 0.2875 0.517155 0.51375 0.803347
18 0.29125 0.00251 0.405 0.12803299999999998
18 0.311875 0.727197 0.5225 0.999163
18 0.37 0.054393 0.519375 0.233473
18 0.384375 0.166527 0.520625 0.3849369999999999
18 0.389375 0.0 0.476875 0.051046
18 0.428125 0.015063 0.483125 0.07196699999999999
18 0.45625 0.334728 0.68375 0.616736
18 0.465 0.694561 0.64125 0.909623
18 0.473125 0.0 0.614375 0.137238
18 0.499375 0.8736400000000001 0.73375 0.999163
18 0.5 0.589958 0.6375 0.7205020000000002
18 0.534375 0.257741 0.715 0.47113
18 0.54875 0.11799200000000001 0.735625 0.321339
18 0.568125 0.6861919999999999 0.613125 0.761506
18 0.624375 0.72887 0.8275 0.999163
18 0.691875 0.341423 0.824375 0.560669
18 0.701875 0.158159 0.81125 0.38158999999999993
18 0.750625 0.486192 0.964375 0.723849
18 0.794375 0.291213 0.985 0.500418
18 0.853125 0.661925 0.995 0.9029290000000001
18 0.933125 0.48117200000000004 0.999375 0.702929
18 0.968125 0.360669 0.999375 0.511297
