13 0.17697600000000002 0.8512500000000001 0.25754211158798285 0.9485437011718749
13 0.15051549999999997 0.17812499999999998 0.20121350268240343 0.2267010498046875
13 0.1213055 0.06468750000000001 0.1407628438841202 0.11243682861328125
13 0.137457 0.595 0.16892451394849786 0.6344189453125
13 0.1597935 0.45218749999999996 0.21219954774678113 0.49268341064453125
13 0.1319585 0.379375 0.14693741362660942 0.4140045166015625
13 0.176976 0.5053125 0.22936311158798284 0.5595065307617189
13 0.21271500000000002 0.078125 0.2856827650214593 0.1392987060546875
13 0.2247425 0.6034375 0.2760478599785408 0.6362857055664062
13 0.224742 0.395 0.26505086051502147 0.4314892578125
13 0.29896900000000004 0.17875 0.37768621781115885 0.23482543945312498
13 0.25876299999999997 0.4703125 0.2876953572961373 0.5032907104492188
13 0.36941549999999995 0.8553125 0.4848266314377682 0.9622897338867188
13 0.3281785 0.599375 0.3810908771459227 0.6244146728515625
13 0.31580749999999996 0.39 0.35498715075107296 0.426494140625
13 0.3714775 0.493125 0.4621444189914163 0.5745184326171875
13 0.379725 0.0875 0.45045156974248923 0.15491455078125
13 0.458419 0.9646874999999999 0.5500231341201716 0.9840579223632813
13 0.471821 0.180625 0.5500087542918455 0.2366986083984375
13 0.45773199999999997 0.6053124999999999 0.5053508712446352 0.6362838745117188
13 0.513402 0.5309375 0.5692081394849785 0.5901065063476562
13 0.5195875 0.8887499999999999 0.5726385026824036 0.962257080078125
13 0.5168385 0.42562500000000003 0.5499604522532189 0.4670843505859375
13 0.5573885000000001 0.09 0.625518943669528 0.164912109375
13 0.554639 0.476875 0.597342893776824 0.5064093017578125
13 0.5687285 0.61125 0.6124477762875536 0.6362780761718749
13 0.6735395000000001 0.8690625000000001 0.7882803181330473 0.9772763061523437
13 0.6426115 0.1871875 0.7209595026824034 0.24169219970703126
13 0.6312714999999999 0.54 0.6756116700643777 0.59322265625
13 0.6333335000000001 0.453125 0.6570524576180257 0.4758074951171875
13 0.664261 0.6053124999999999 0.7078782736051501 0.6312838745117187
13 0.6728525 0.3890625 0.7099310552575107 0.4246200561523437
13 0.7237115 0.09875 0.8054094855150213 0.180528564453125
13 0.7206185 0.48375 0.7600518041845493 0.537027587890625
13 0.7865975000000001 0.6121875 0.8507020112660943 0.6500271606445313
13 0.8024055000000001 0.208125 0.876115049892704 0.2835467529296875
13 0.7639174999999999 0.879375 0.7881833460300429 0.9572662353515625
13 0.8223370000000001 0.9596875 0.8994616641630903 0.9896878051757813
13 0.8027489999999999 0.401875 0.8506846813304721 0.4452325439453125
13 0.8295530000000001 0.523125 0.8822709216738198 0.5744891357421874
13 0.8446735000000002 0.854375 0.8953136979613736 0.9279156494140625
13 0.8532645 0.0978125 0.8939294801502147 0.17052947998046875
13 0.862543 0.4546875 0.9007925246781116 0.48768096923828125
13 0.8738830000000001 0.3984375 0.8952823572961376 0.42648590087890625
13 0.8810994999999999 0.595625 0.9007726142703862 0.6206683349609374
