1 0.018125 0.403377 0.13 0.634146
1 0.125625 0.183865 0.169375 0.268293
1 0.13875 0.48592899999999994 0.395 0.8499059999999999
1 0.263125 0.413696 0.310625 0.464353
1 0.526875 0.42682899999999996 0.56 0.547842
1 0.529375 0.341463 0.55375 0.38367699999999993
1 0.56 0.287993 0.585625 0.35928699999999997
1 0.59125 0.266417 0.6125 0.361163
1 0.630625 0.33958699999999997 0.65375 0.43621000000000004
1 0.69375 0.381801 0.720625 0.44559099999999996
1 0.75 0.268293 0.834375 0.410882
1 0.876875 0.418386 0.940625 0.513133
