17 0.46218750000000003 0.5621470000000001 0.13437500000000002 0.152542
17 0.3984375 0.472222 0.08437499999999998 0.108286
17 0.423125 0.39500949999999996 0.11625000000000002 0.14595100000000003
17 0.5046875 0.29331450000000003 0.09187500000000004 0.11393500000000004
17 0.5384375 0.39783450000000004 0.11437499999999995 0.13653500000000002
17 0.5853125 0.683145 0.08937499999999998 0.19491599999999995
17 0.6065625 0.299435 0.08812500000000001 0.13747600000000007
17 0.6584375 0.425612 0.06687500000000002 0.161958
17 0.675 0.556968 0.08999999999999997 0.100754
17 0.7012499999999999 0.27259900000000004 0.09875 0.13276799999999997
