11 0.105625 0.7655365 0.10375000000000001 0.1619589999999999
11 0.08499999999999999 0.564972 0.03499999999999999 0.05461400000000008
11 0.14656249999999998 0.6605460000000001 0.09062499999999998 0.14030200000000004
11 0.1928125 0.27730699999999997 0.03437499999999999 0.04990599999999992
11 0.2603125 0.25988700000000003 0.073125 0.10734400000000001
11 0.39375 0.1779665 0.10375000000000001 0.14124299999999998
11 0.4303125 0.0 0.08687499999999998 0.122411
11 0.494375 0.47316349999999996 0.13874999999999998 0.19491500000000006
11 0.47406249999999994 0.7019775 0.07687499999999997 0.134651
11 0.5340625 0.0880415 0.05687500000000001 0.13465100000000002
11 0.6453125 0.6257060000000001 0.07687499999999992 0.12900199999999992
11 0.9043749999999999 0.44774 0.04625000000000001 0.11393600000000013
11 0.94875 0.21186449999999998 0.10125000000000006 0.15065900000000002
