12 0.526875 0.0 0.06499999999999995 0.090056
12 0.5453125 0.8841465 0.08687500000000004 0.22983100000000012
12 0.5453125000000001 0.42776700000000006 0.07437499999999997 0.24015000000000006
12 0.58375 0.0 0.10749999999999993 0.19230799999999998
12 0.595 0.914165 0.10375000000000001 0.1697940000000001
12 0.5946875 0.510319 0.10187500000000005 0.258912
12 0.6446875000000001 0.435272 0.073125 0.22138799999999995
12 0.6478125 0.8644465000000001 0.06687500000000002 0.20544099999999996
12 0.6453125 0.0 0.05687500000000001 0.106004
12 0.7209375 0.0 0.05687500000000001 0.11726099999999998
12 0.7324999999999999 0.8316135000000001 0.06625000000000003 0.20168900000000006
12 0.73875 0.4366795 0.06374999999999997 0.20356499999999997
12 0.764375 0.0 0.08999999999999997 0.194184
12 0.7696875000000001 0.8850845 0.09187500000000004 0.22795500000000016
12 0.8184374999999999 0.431989 0.06187500000000001 0.194184
12 0.8175 0.8133204999999999 0.05499999999999994 0.16510299999999986
12 0.816875 0.0 0.05125000000000002 0.136961
12 0.8812500000000001 0.0 0.05874999999999997 0.140713
12 0.8812500000000001 0.785647 0.05625000000000002 0.19418399999999986
12 0.88625 0.41932450000000004 0.05125000000000002 0.21200700000000003
12 0.9159375000000001 0.8325515 0.07437499999999997 0.203565
12 0.915 0.12054399999999998 0.0675 0.201688
12 0.9203125 0.48686700000000005 0.06812499999999999 0.2195119999999999
12 0.9475 0.0 0.05624999999999991 0.14821800000000002
12 0.954375 0.771107 0.05125000000000002 0.16134999999999988
12 0.9540625 0.41932450000000004 0.04312499999999997 0.18011300000000005
