0 0.1315625 0.23724699999999999 0.078125 0.10850200000000002
0 0.1309375 0.8149794999999999 0.07312500000000001 0.09959500000000024
0 0.1315625 0.5364375 0.07437500000000001 0.09959500000000009
0 0.37593750000000004 0.8157895000000001 0.07437500000000002 0.09797500000000006
0 0.3771875 0.23603199999999996 0.075625 0.10283399999999995
0 0.3784375 0.5311745000000001 0.07437500000000002 0.10526300000000001
0 0.62375 0.238462 0.07625000000000004 0.10283399999999998
0 0.62375 0.8149794999999999 0.07625000000000004 0.10607299999999996
0 0.62375 0.530769 0.06999999999999995 0.09635599999999994
0 0.8653125 0.8157895000000001 0.078125 0.10445299999999992
0 0.8653124999999999 0.240486 0.07562499999999994 0.10688199999999998
0 0.868125 0.5319834999999999 0.07250000000000001 0.10526299999999994
