3 0.0 0.4875 0.020312 0.708333
3 0.0 0.08125 0.026563 0.30625
3 0.042187999999999996 0.275 0.145313 0.5375
3 0.046875 0.6687499999999998 0.145313 0.947917
3 0.06875 0.0 0.15625 0.13958299999999998
3 0.176563 0.470833 0.271875 0.7375000000000002
3 0.18125 0.06875 0.28281300000000004 0.3375000000000001
3 0.303125 0.6875 0.4125 0.947917
3 0.307813 0.266667 0.409375 0.541667
3 0.32656199999999996 0.0 0.410937 0.13125
3 0.442187 0.06666699999999999 0.55 0.33125
3 0.445312 0.4749999999999999 0.548437 0.74375
3 0.576563 0.275 0.68125 0.533333
3 0.578125 0.677083 0.68125 0.9416670000000001
3 0.59375 0.0 0.68125 0.12291700000000001
3 0.714063 0.06666699999999999 0.815625 0.33125
3 0.714063 0.466667 0.820312 0.733333
3 0.8453120000000001 0.266667 0.9578120000000001 0.529167
3 0.853125 0.679167 0.9515629999999999 0.945833
3 0.85625 0.0 0.945312 0.12291700000000001
