17 0.774375 0.5443509999999999 0.10124999999999995 0.156862
17 0.345 0.24976650000000003 0.04999999999999999 0.04388500000000009
17 0.40875 0.27404300000000004 0.09999999999999998 0.127918
17 0.4315625 0.2338935 0.08937499999999998 0.11297899999999997
17 0.4615625 0.363212 0.08062499999999995 0.10270800000000002
17 0.48687499999999995 0.231559 0.05124999999999996 0.076564
17 0.52125 0.3076565 0.07374999999999998 0.12231500000000001
17 0.5371874999999999 0.4467790000000001 0.083125 0.12044799999999996
17 0.5303125 0.207283 0.03562500000000002 0.048552000000000005
17 0.5890625 0.1937445 0.08687499999999992 0.10550899999999996
17 0.6018749999999999 0.2698415 0.10750000000000004 0.156863
17 0.6012500000000001 0.4607845 0.04500000000000004 0.053220999999999935
17 0.6575 0.369281 0.09875 0.12231600000000009
17 0.676875 0.4561155000000001 0.11375000000000002 0.11671300000000005
17 0.6615625 0.1381885 0.06312499999999999 0.05975700000000001
17 0.68125 0.5882354999999999 0.09250000000000003 0.151261
17 0.6803125 0.1834735 0.08687500000000004 0.103641
17 0.6821875 0.27077499999999993 0.0681250000000001 0.08590200000000005
17 0.755 0.35947749999999995 0.11624999999999996 0.13071899999999992
17 0.75125 0.2310925 0.08625000000000005 0.12231500000000001
17 0.7818750000000001 0.41316500000000006 0.10875000000000001 0.14099000000000012
17 0.78375 0.6811389999999999 0.10249999999999992 0.13351999999999986
17 0.8031250000000001 0.2689075 0.07999999999999996 0.07469699999999994
17 0.8584375 0.7329595000000001 0.130625 0.16806700000000002
17 0.8396874999999999 0.295985 0.083125 0.08403400000000004
17 0.8653124999999999 0.6045754999999999 0.114375 0.13725500000000002
17 0.860625 0.497199 0.10250000000000004 0.12231599999999997
17 0.8703125 0.3996265 0.09062500000000007 0.12324899999999997
17 0.90625 0.3193275 0.05750000000000011 0.061624999999999985
17 0.941875 0.48506050000000006 0.10125000000000006 0.131653
17 0.9299999999999999 0.38795500000000005 0.0737500000000001 0.114846
17 0.948125 0.8650795 0.10250000000000004 0.1764709999999999
17 0.958125 0.6493929999999999 0.08250000000000002 0.16339800000000004
17 0.9684375000000001 0.370215 0.06187500000000001 0.10177400000000004
17 0.978125 0.51634 0.04249999999999998 0.13445400000000005
17 0.9884375000000001 0.7875820000000001 0.021874999999999978 0.101774
