17 0.7309375 0.5516665 0.10062499999999996 0.14333300000000002
17 0.0 0.7604165000000002 0.076875 0.0908330000000001
17 0.0990625 0.25125 0.05687500000000001 0.08249999999999998
17 0.1803125 0.27375 0.06687499999999999 0.09583399999999997
17 0.2025 0.7945834999999999 0.033749999999999974 0.13916700000000004
17 0.285625 0.2816665 0.06875000000000003 0.098333
17 0.336875 0.8704165 0.0675 0.115833
17 0.514375 0.18666649999999999 0.05499999999999999 0.143333
17 0.535625 0.8300000000000001 0.08749999999999997 0.12666600000000003
17 0.5700000000000001 0.1729165 0.08625000000000005 0.174167
17 0.7190624999999999 0.6816665000000001 0.09312500000000001 0.1483329999999999
17 0.78125 0.207917 0.08250000000000002 0.12749999999999997
17 0.8049999999999999 0.6525 0.1050000000000001 0.14166599999999985
17 0.8503125 0.30624999999999997 0.104375 0.13750000000000004
