0 0.0 0.7983335 0.20375 0.9531275032552083
0 0.1578125 0.38916649999999997 0.25797088623046877 0.5144932727864583
0 0.15968749999999998 0.0 0.2510940551757812 0.224167
0 0.2515625 0.6875 0.34162933349609376 0.8207718177083333
0 0.3421875 0.0945835 0.41029083251953125 0.16654384440104167
0 0.34125 0.24708299999999997 0.376541748046875 0.33551127734375
0 0.39156250000000004 0.349167 0.46274261474609374 0.42621235546874997
0 0.42718749999999994 0.7933335 0.5170828247070313 0.898134013671875
0 0.420625 0.45833299999999993 0.48083923339843754 0.5352362122395834
0 0.47375 0.969167 0.583287353515625 0.9979050638020834
0 0.43625 0.12124999999999998 0.48894897460937503 0.20317512239583332
0 0.4853125 0.0 0.5482760620117187 0.085833
0 0.46968750000000004 0.6383335 0.5132913208007813 0.7516688365885416
0 0.5071875 0.3554165 0.5595046997070313 0.43703721809895835
0 0.5093749999999999 0.22458349999999996 0.5638775634765625 0.29387457356770835
0 0.5253125 0.09916649999999999 0.5844869995117187 0.154870876953125
0 0.49562500000000004 0.0920835 0.5232659912109375 0.127380099609375
0 0.5440625 0.62 0.5894686889648437 0.7450257083333333
0 0.5671875 0.8562499999999998 0.6188211059570312 0.9655520911458333
0 0.6187499999999999 0.44791700000000007 0.714395751953125 0.5335837747395834
0 0.6209374999999999 0.36083350000000003 0.6668936157226563 0.4145301647135416
0 0.6428125 0.1695835 0.6974972534179688 0.2514461881510417
0 0.705625 0.6095835000000001 0.8168109130859375 0.7192062714843751
0 0.7184375000000001 0.9258335000000001 0.7942984008789062 0.9979614876302084
0 0.6856249999999999 0.29291649999999997 0.7199554443359375 0.35461859830729164
0 0.7603125 0.47083349999999996 0.8330075073242187 0.5485539355468749
0 0.743125 0.3158335 0.7855242919921875 0.39875575846354167
0 0.750625 0.0 0.7917669677734375 0.079167
0 0.7771874999999999 0.197083 0.8292410278320312 0.3230763815104167
0 0.8275 0.40375 0.92106689453125 0.49364128385416667
0 0.83125 0.729583 0.906688232421875 0.8273830221354167
0 0.8015625 0.1066665 0.8304672241210938 0.14069411132812498
0 0.8825 0.2366665 0.9391381835937499 0.29552484049479166
0 0.8984375 0.6970835000000001 0.9441226196289062 0.7657593391927083
0 0.9315625000000001 0.9129170000000001 0.9984652709960937 0.9979783059895834
0 0.9296875 0.408333 0.9634671020507812 0.48530131640625
0 0.9650000000000001 0.5962500000000001 0.9984326171875 0.6575566328125
0 0.9653125 0.26166649999999997 0.9971823120117188 0.31965928841145835
0 0.9690624999999999 0.72625 0.9984286499023438 0.8240543619791665
0 0.9703125 0.4770835 0.9984274291992188 0.5418787975260416
