0 0.5175 0.73375 0.594326171875 0.7730334472656251
0 0.315833 0.573125 0.3679217591145833 0.6456903076171875
0 0.31749999999999995 0.44437499999999996 0.36958658854166665 0.4770660400390625
0 0.3933335 0.5918749999999999 0.4211548470052084 0.6306719970703125
0 0.42666699999999996 0.490625 0.46111144401041665 0.5082708740234375
0 0.4416665 0.380625 0.4877579134114584 0.4058782958984375
0 0.46166650000000004 0.6131249999999999 0.4993988717447917 0.6569012451171875
0 0.5275 0.63625 0.5809801510416668 0.6893786621093749
0 0.5499999999999999 0.306875 0.6242838541666667 0.33720031738281253
0 0.7083335000000001 0.559375 0.8540776907552083 0.7344537353515624
