13 0.169375 0.6079165 0.2904595947265625 0.7542084420572918
13 0.3196875 0.7787499999999999 0.42406280517578127 0.9198190026041667
13 0.40125 0.0 0.503358154296875 0.301667
13 0.8165625 0.316667 0.8442025756835937 0.3462546731770833
13 0.8646875 0.27875 0.8916555786132813 0.32213704427083334
13 0.9234374999999999 0.3220835 0.9534732055664062 0.3587476204427083
13 0.9546875 0.17708350000000003 0.9771926879882813 0.21726942252604164
13 0.9671875000000001 0.3366665 0.9984304809570312 0.38289463216145836
13 0.96 0.0766665 0.9809375 0.10573317382812498
13 0.9740625 0.0 0.9965487670898439 0.049166999999999995
13 0.9906250000000001 0.0825 0.9984075927734375 0.115725578125
