2 0.336875 0.29 0.428125 0.398889
2 0.0 0.5711109999999999 0.08625 0.7988890000000001
2 0.008125 0.7622220000000001 0.170625 0.9988889999999999
2 0.085 0.53 0.24625 0.823333
2 0.163125 0.782222 0.309375 0.9988889999999999
2 0.24 0.556667 0.40125 0.803333
2 0.323125 0.7988890000000001 0.463125 0.9988889999999999
2 0.39375 0.566667 0.520625 0.818889
2 0.466875 0.7844439999999999 0.615625 0.9988889999999999
2 0.53125 0.562222 0.681875 0.802222
2 0.623125 0.748889 0.75 0.9988889999999999
2 0.681875 0.536667 0.789375 0.768889
2 0.738125 0.7622220000000001 0.87 0.9944440000000001
2 0.789375 0.543333 0.930625 0.782222
2 0.881875 0.743333 0.984375 0.996667
2 0.930625 0.545556 0.999375 0.775556
