17 0.12031249999999999 0.34372050000000004 0.15363250732421874 0.41970103761061944
17 0.18312499999999998 0.7511805 0.2379461669921875 0.844973064159292
17 0.21625 0.6010385 0.259788818359375 0.6978855125368731
17 0.2834375 0.38715749999999993 0.32597320556640624 0.46779497123893804
17 0.41562499999999997 0.45278549999999995 0.5014691162109375 0.670720174778761
17 0.6481250000000001 0.8050050000000001 0.6706170654296875 0.8467826769911504
17 0.668125 0.6043435 0.6887225341796874 0.6450006379056047
17 0.6896875 0.4169025 0.7193264770507812 0.4734170995575221
17 0.7415625 0.9523134999999999 0.7586508178710938 0.9778214078171094
17 0.756875 0.796034 0.7755108642578125 0.8307429085545723
17 0.769375 0.6506135 0.7898736572265626 0.6902583930678465
17 0.7846875 0.39376799999999995 0.8204837036132813 0.458343221238938
17 0.7684375000000001 0.9277619999999999 0.7779995727539063 0.9504726194690264
17 0.78375 0.5708215 0.8086096191406249 0.6110560803834807
17 0.8103125 0.7847025000000001 0.8292086791992187 0.813762621681416
17 0.8390625 0.335694 0.8679306030273438 0.3847738761061947
17 0.84625 0.4877245 0.8704235839843749 0.5469676423303835
17 0.874375 0.3895185 0.9047711181640625 0.4498504889380531
17 0.8690625 0.548631 0.8866513061523437 0.5704848097345133
17 0.9890625 0.285175 0.9984091186523437 0.3206373879056047
