4 0.4553125 0.778143 0.5226803588867187 0.8647146983894585
4 0.26249999999999996 0.4136965 0.31349365234375 0.5059612950219619
4 0.31437499999999996 0.681051 0.4146929931640625 0.9520988535871157
4 0.294375 0.3076925 0.3378375244140625 0.37759849853587113
4 0.4578125 0.370544 0.48642791748046876 0.44692447584187406
4 0.4803125 0.24249550000000003 0.5220309448242187 0.2932659553440703
4 0.7178125 0.0 0.8511740112304688 0.29925
4 0.7353125 0.8367729999999999 0.8692819213867188 0.9556228565153733
4 0.8275 0.5272045 0.8666918945312501 0.6155511046852122
4 0.8640625 0.270638 0.9216561889648437 0.3701477510980966
4 0.8953125 0.6904315 0.9416256713867187 0.7785391193265007
