13 0.606132 0.6684375 0.6651453166421207 0.6955972290039063
13 0.2948115 0.6146875 0.3448488151693667 0.6293997192382813
13 0.2962265 0.653125 0.3476767312223859 0.6756121826171875
13 0.367453 0.614375 0.3937988321060383 0.6394000244140625
13 0.369811 0.6590625 0.39096435935198814 0.6824813842773437
13 0.42783000000000004 0.6128125 0.4635209116347571 0.6444015502929688
13 0.44716999999999996 0.6690625 0.49934142857142855 0.6955966186523438
13 0.46132100000000004 0.576875 0.48422658762886606 0.5900616455078125
13 0.5051884999999999 0.5896874999999999 0.5379349815905744 0.6106741333007812
13 0.537736 0.6153124999999999 0.5793970471281297 0.6362741088867188
13 0.5117925 0.669375 0.5228312555228277 0.6874713134765625
13 0.6443395000000001 0.6203125 0.6952770463917526 0.6462692260742188
