16 0.0 0.39437500000000003 0.01625 0.4308648681640625
16 0.0 0.2515625 0.03 0.3041293334960938
16 0.0 0.10375 0.035 0.169273681640625
16 0.0 0.8034375 0.31375 0.9904653930664062
16 0.1871875 0.1771875 0.35106719970703126 0.34170196533203123
16 0.1965625 0.474375 0.35605804443359373 0.6251617431640625
16 0.46562499999999996 0.8221875 0.6207952880859374 0.9904470825195312
16 0.5090625 0.0 0.6801278686523438 0.321875
16 0.515 0.471875 0.6801220703125 0.6370391845703125
16 0.816875 0.8159375 0.9985772705078125 0.9985781860351562
16 0.8343750000000001 0.0 0.9923101806640625 0.30125
16 0.8400000000000001 0.48375 0.9985546875 0.655777587890625
