0 0.0 0.5479165 0.3 0.7426195670572917
0 0.0 0.26875 0.320625 0.45715006510416667
0 0.2971875 0.7695835000000001 0.48095977783203125 0.9981649381510418
0 0.33625 0.16 0.462796630859375 0.3047916666666667
0 0.523125 0.34874999999999995 0.7194891357421874 0.5328788984375
0 0.54625 0.0 0.636966552734375 0.214167
0 0.6453125 0.7633335 0.8112448120117187 0.998173076171875
0 0.7878125 0.1891665 0.9504806518554688 0.37058668945312495
0 0.8325 0.7029165 0.99856201171875 0.947417744140625
0 0.8459375 0.3591665 0.9929238891601563 0.5120323352864583
