0 0.08 0.3844295 0.10750000000000001 0.06673099999999998
0 0.0990625 0.30319149999999995 0.07687500000000001 0.107351
0 0.2134375 0.41634449999999995 0.09187500000000001 0.09574499999999998
0 0.23093750000000002 0.3152805 0.07812500000000003 0.08704100000000004
0 0.2384375 0.6619924999999999 0.03437499999999999 0.06286300000000004
0 0.265625 0.6610250000000001 0.04874999999999999 0.06866599999999998
0 0.2640625 0.7166345 0.03937499999999999 0.05802699999999995
0 0.276875 0.6097680000000001 0.05249999999999999 0.053192000000000066
0 0.306875 0.6571565 0.03875000000000001 0.0531910000000001
0 0.3425 0.4250479999999999 0.10249999999999998 0.07253399999999995
0 0.3646875 0.31189550000000005 0.07437499999999997 0.10928500000000002
0 0.396875 0.7480655 0.05375000000000002 0.08413900000000009
0 0.4034375 0.6919725 0.02937500000000004 0.03191500000000015
0 0.4184375 0.775145 0.023125000000000007 0.026112000000000055
0 0.43937499999999996 0.7021275 0.05499999999999999 0.07350099999999994
0 0.450625 0.762089 0.04874999999999996 0.05609200000000008
0 0.4715625 0.74323 0.034375000000000044 0.04158600000000005
0 0.523125 0.42214700000000005 0.10249999999999998 0.09961399999999995
0 0.5209375 0.31189550000000005 0.07937500000000003 0.10928500000000002
0 0.655625 0.403288 0.10749999999999993 0.06189599999999997
0 0.6503125 0.3230175 0.07687500000000003 0.10251500000000002
0 0.7759375 0.33220500000000003 0.07437499999999997 0.12475799999999997
0 0.8 0.4042555 0.10249999999999992 0.05609299999999996
0 0.8365625 0.16102550000000002 0.02937499999999993 0.03384899999999998
0 0.8590625 0.1750485 0.02562500000000001 0.009671000000000004
0 0.8646875 0.1581235 0.03187499999999999 0.035782999999999995
0 0.8871875 0.17021250000000002 0.018124999999999947 0.02321100000000001
0 0.9284375 0.33800800000000003 0.08187500000000003 0.13636399999999999
