17 0.1946875 0.672446 0.186875 0.338332
17 0.30625 0.8481725 0.2 0.301781
17 0.37593750000000004 0.3486415 0.17812500000000003 0.29428299999999996
17 0.3853125 0.629803 0.19187500000000002 0.33364599999999994
17 0.46687500000000004 0.11246500000000001 0.15500000000000003 0.22493000000000002
17 0.5125 0.8603559999999999 0.21250000000000002 0.27741399999999994
17 0.5140625 0.4990625 0.179375 0.28022500000000006
17 0.5840624999999999 0.6752575000000001 0.166875 0.182755
17 0.599375 0.327554 0.1875 0.255858
17 0.67 0.17525749999999998 0.16625 0.24742299999999998
17 0.675625 0.5374885 0.15749999999999997 0.253983
17 0.7518750000000001 0.3561385 0.13374999999999992 0.18556700000000007
17 0.7328125000000001 0.0834115 0.06437499999999996 0.13683299999999998
17 0.8421875 0.1316775 0.16062500000000002 0.263355
