12 0.230406 0.5078125 0.3981491681415929 0.6226290893554688
12 0.2341835 0.5096875 0.40003259660766965 0.6245022583007812
12 0.39660049999999997 0.31656249999999997 0.5650430435103245 0.43844085693359375
12 0.39896099999999995 0.313125 0.5622065619469027 0.4365692138671875
12 0.4532575 0.8 0.6423904786135693 0.93671875
12 0.4532575 0.7990625 0.6423904786135693 0.9298446655273438
12 0.5722379999999999 0.0 0.7149259911504424 0.13625
12 0.575071 0.0 0.7149218126843658 0.139375
12 0.7403215000000001 0.474375 0.9186440803834809 0.6001617431640625
12 0.7426820000000001 0.4725 0.9186405988200592 0.59516357421875
12 0.782814 0.2675 0.9440764070796458 0.37661376953125003
12 0.7842304999999999 0.26687500000000003 0.9469073178466075 0.3734893798828125
12 0.9022665000000001 0.6453125 0.9977252234513274 0.7624948120117188
12 0.903683 0.6453125 0.9977231342182891 0.7643698120117187
