10 0.15009350000000002 0.90625 0.210131 0.17250000000000001
10 0.33395850000000005 0.7862499999999999 0.14258900000000002 0.20249999999999982
10 0.434334 0.83625 0.061914000000000025 0.07249999999999994
10 0.5281425 0.37625000000000003 0.18198899999999996 0.20749999999999993
10 0.534709 0.76125 0.15384599999999998 0.1975000000000001
10 0.6585365000000001 0.8574999999999999 0.127579 0.19499999999999984
10 0.705441 0.69875 0.12758000000000003 0.1774999999999999
10 0.8827395 0.36874999999999997 0.09943700000000011 0.11750000000000001
10 0.9052534999999999 0.64125 0.14446500000000018 0.14250000000000007
10 0.9521575 0.49499999999999994 0.09193300000000004 0.17999999999999994
