11 0.08 0.11111100000000002 0.16 0.170426
11 0.0715625 0.310777 0.135625 0.21219800000000003
11 0.268125 0.040518 0.27874999999999994 0.081036
11 0.228125 0.8333335 0.16499999999999998 0.29657500000000003
11 0.2734375 0.5275690000000001 0.198125 0.301588
11 0.27718750000000003 0.24895550000000002 0.164375 0.287385
11 0.455 0.8274855000000001 0.23250000000000004 0.324979
11 0.479375 0.525898 0.19874999999999998 0.249792
11 0.4884375 0.27443599999999996 0.18562500000000004 0.24645
11 0.6940625 0.5162909999999999 0.22562499999999996 0.340852
11 0.670625 0.236842 0.16125 0.256474
11 0.7015625 0.8370930000000001 0.22312500000000002 0.2890560000000001
