6 0.058124999999999996 0.8553299999999999 0.08744323730468749 0.9218821056803171
6 0.1553125 0.8946704999999999 0.18734832763671874 0.9844361367239103
6 0.19125 0.593909 0.214188232421875 0.6328874438573315
6 0.215625 0.37605750000000004 0.2360394287109375 0.40051822655217967
6 0.275625 0.1679355 0.2997308349609375 0.2121301565389696
6 0.35062499999999996 0.7021995000000001 0.4084075927734375 0.766415391677675
6 0.3703125 0.0774115 0.39026336669921874 0.0997287391017173
6 0.420625 0.71912 0.43583923339843755 0.748627039630119
6 0.46125 0.1260575 0.486424560546875 0.18680447754293264
6 0.5037499999999999 0.38113350000000007 0.522633056640625 0.4284305211360635
6 0.5609375 0.8608290000000001 0.5982022094726562 0.9083378414795245
6 0.5565625000000001 0.1556685 0.5669564819335937 0.17661336129458388
6 0.5678125 0.9750424999999999 0.5813204956054688 0.9978659649933951
6 0.6478125 0.6510155 0.6824923706054687 0.6768050059445179
6 0.6425000000000001 0.104484 0.66437255859375 0.15383797622192866
6 0.643125 0.3354485 0.6656219482421875 0.3844978712021136
6 0.6715625000000001 0.9733505 0.6824691772460937 0.9978682001321004
6 0.69125 0.1489 0.7168249511718751 0.21976930250990753
6 0.6990625 0.5232654999999999 0.7155673217773438 0.5492237642007926
6 0.7628125 0.42047399999999996 0.7948800659179688 0.4571435521796565
6 0.7934375 0.076988 0.8048501586914063 0.10480529854689563
6 0.83875 0.09348549999999999 0.862930908203125 0.15300650528401583
6 0.8428125 0.9031305 0.8641769409179687 0.9548139610303831
