16 0.018125 0.29083299999999995 0.03625 0.055000000000000014
16 0.0740625 0.665417 0.148125 0.1875
16 0.0246875 0.58625 0.026875 0.03250000000000005
16 0.033125 0.5091665 0.02875 0.051666999999999984
16 0.05125 0.5925 0.04375 0.04166600000000006
16 0.0475 0.5466665 0.03375 0.04333299999999992
16 0.175625 0.286667 0.15750000000000003 0.15000000000000005
16 0.2215625 0.0720835 0.213125 0.095833
16 0.14375 0.5408335000000001 0.0325 0.05166700000000005
16 0.246875 0.20875 0.12125 0.13250000000000003
16 0.22875 0.6129169999999999 0.04000000000000001 0.04749999999999995
16 0.24437499999999998 0.53875 0.013749999999999984 0.03083399999999988
16 0.27531249999999996 0.5725 0.050624999999999976 0.040000000000000036
16 0.265 0.5329165 0.025000000000000022 0.015832999999999913
16 0.28875 0.6075 0.04125000000000001 0.05166599999999999
16 0.346875 0.28375 0.14125 0.14083400000000004
16 0.35562499999999997 0.5554165000000001 0.07624999999999998 0.08416699999999995
16 0.3878125 0.04708300000000001 0.09312500000000001 0.0425
16 0.41093749999999996 0.56375 0.02437499999999998 0.022499999999999964
16 0.4140625 0.6095835 0.028124999999999956 0.024166999999999977
16 0.42781250000000004 0.47750000000000004 0.014374999999999971 0.03999999999999996
16 0.4425 0.58625 0.028749999999999998 0.03250000000000005
16 0.4403125 0.609583 0.020625000000000004 0.027500000000000007
16 0.5078125 0.28375 0.14187499999999997 0.13749999999999996
16 0.4740625 0.5445835 0.016874999999999973 0.025832999999999995
16 0.4934375 0.557083 0.016874999999999973 0.022499999999999964
16 0.499375 0.5716665000000001 0.028750000000000053 0.031667000000000035
16 0.5184375 0.5554165 0.016874999999999973 0.03583300000000008
16 0.5253125000000001 0.5725 0.028125000000000067 0.033333999999999975
16 0.54125 0.7162499999999999 0.040000000000000036 0.047499999999999876
16 0.579375 0.7324999999999999 0.043749999999999956 0.05666600000000003
16 0.600625 0.695 0.040000000000000036 0.04999999999999997
16 0.6187499999999999 0.7429165000000001 0.04500000000000004 0.06416700000000002
16 0.6178125 0.9254164999999999 0.026874999999999982 0.025832999999999995
16 0.6428125 0.9195835 0.02562500000000001 0.024166999999999977
16 0.6615625 0.138333 0.020625000000000004 0.040000000000000015
16 0.67625 0.15833350000000002 0.02749999999999997 0.04166699999999999
16 0.6834374999999999 0.115417 0.018125000000000058 0.022500000000000003
16 0.6925 0.399583 0.02750000000000008 0.027500000000000007
16 0.6924999999999999 0.1795835 0.026249999999999996 0.029167000000000016
16 0.6984375 0.1391665 0.016875000000000084 0.038333000000000006
16 0.696875 0.12375000000000001 0.011249999999999982 0.014166000000000012
16 0.7112499999999999 0.8116665 0.03375000000000006 0.04666699999999994
16 0.7196875 0.40625 0.02937500000000004 0.030834000000000028
16 0.7437499999999999 0.82125 0.036250000000000004 0.03750000000000009
16 0.7518750000000001 0.20458350000000003 0.026249999999999996 0.030833
16 0.7603125 0.23374999999999999 0.02937500000000004 0.03416599999999995
16 0.770625 0.2545835 0.03499999999999992 0.04083300000000001
16 0.771875 0.165 0.03249999999999997 0.045000000000000005
16 0.79375 0.20750000000000002 0.03500000000000003 0.04333400000000002
16 0.8040625 0.25166700000000003 0.02937499999999993 0.04999999999999997
16 0.8284374999999999 0.188333 0.01937500000000003 0.04
16 0.8409375 0.2054165 0.03312500000000007 0.035833000000000004
16 0.8634375 0.1566665 0.024375000000000036 0.04166700000000001
16 0.870625 0.254583 0.03125 0.03749999999999998
16 0.87125 0.1658335 0.030000000000000027 0.046667000000000014
16 0.8943749999999999 0.19833350000000002 0.03749999999999998 0.053333
16 0.89125 0.18041700000000002 0.028750000000000053 0.03750000000000001
16 0.8953125 0.13249999999999998 0.030625000000000013 0.04833400000000001
16 0.905 0.256667 0.03500000000000003 0.05499999999999997
16 0.9478125 0.4433335 0.10312500000000002 0.06333299999999993
16 0.9228125 0.2158335 0.016874999999999973 0.043332999999999955
16 0.9450000000000001 0.21333349999999998 0.025000000000000022 0.031667
16 0.950625 0.23166700000000004 0.03375000000000006 0.050000000000000044
16 0.963125 0.18833350000000001 0.03499999999999992 0.04666699999999998
16 0.9715625 0.22958350000000002 0.023125000000000062 0.04583300000000001
16 0.9796875 0.15374999999999997 0.024374999999999925 0.04249999999999996
16 0.99 0.1529165 0.018750000000000044 0.04083299999999999
16 0.9918750000000001 0.20125 0.015000000000000013 0.04750000000000002
