10 0.14656249999999998 0.428371 0.03437500000000002 0.0327719999999999
10 0.1453125 0.3993445 0.021875000000000006 0.03651699999999997
10 0.1703125 0.5126405 0.020625000000000004 0.04026299999999993
10 0.1753125 0.372191 0.023125000000000007 0.04026200000000005
10 0.1796875 0.7897939999999999 0.016874999999999973 0.02340800000000002
10 0.1846875 0.756086 0.019375000000000003 0.03277199999999998
10 0.194375 0.310393 0.03125 0.03838999999999995
10 0.1953125 0.662453 0.021874999999999978 0.029026000000000027
10 0.219375 0.6296815 0.018750000000000017 0.044007000000000115
10 0.2234375 0.5173224999999999 0.02687500000000001 0.030899000000000048
10 0.22843750000000002 0.47425100000000003 0.03437500000000002 0.044008
10 0.2296875 0.4433519999999999 0.024375000000000008 0.029025999999999944
10 0.2409375 0.6718164999999999 0.029374999999999984 0.02902700000000008
10 0.2478125 0.3188205 0.026874999999999982 0.025280999999999998
10 0.2603125 0.507959 0.03187499999999999 0.034644000000000036
10 0.2890625 0.708333 0.03312499999999996 0.051498000000000065
10 0.29093749999999996 0.541667 0.02437499999999998 0.040261999999999964
10 0.2990625 0.4911045 0.03187499999999999 0.04775299999999999
10 0.295 0.6764979999999999 0.02124999999999999 0.034644000000000036
10 0.32781249999999995 0.529494 0.02812500000000001 0.029026000000000027
10 0.33218749999999997 0.684457 0.026875000000000038 0.06179800000000001
10 0.3359375 0.472378 0.026874999999999982 0.04026200000000005
10 0.3684375 0.4133895 0.030624999999999958 0.049625000000000044
10 0.37375 0.6399809999999999 0.03624999999999995 0.04587999999999997
10 0.37625 0.5557119999999999 0.014999999999999958 0.03464400000000012
10 0.39749999999999996 0.42556150000000004 0.027500000000000024 0.030899000000000048
10 0.40656250000000005 0.437734 0.03937499999999999 0.029026000000000027
10 0.4 0.5678839999999999 0.011250000000000038 0.04026200000000005
10 0.42 0.541667 0.010000000000000009 0.029026000000000027
10 0.4409375 0.67088 0.029374999999999984 0.057115999999999986
10 0.4871875 0.695225 0.014375000000000027 0.040261999999999964
10 0.5046875 0.669944 0.018125000000000058 0.032772000000000065
10 0.5240625 0.6577715 0.026874999999999982 0.045880999999999936
10 0.5359375 0.69382 0.026874999999999982 0.022472000000000034
10 0.5506249999999999 0.6558985 0.026249999999999996 0.0421349999999999
10 0.5603125 0.5922285 0.02187500000000009 0.030898999999999965
10 0.5603125 0.6179775000000001 0.014375000000000027 0.020599000000000096
10 0.6046875 0.637172 0.028125000000000067 0.04588000000000005
