10 0.0409375 0.735171 0.081875 0.34920599999999996
10 0.0640625 0.40977449999999993 0.128125 0.35004099999999994
10 0.0871875 0.1407685 0.174375 0.266499
10 0.15375 0.632832 0.16499999999999998 0.309942
10 0.180625 0.33751050000000005 0.12874999999999998 0.22890500000000003
10 0.3025 0.7715120000000001 0.3075 0.41520399999999996
10 0.3103125 0.393484 0.28437500000000004 0.340852
10 0.50875 0.519632 0.32375000000000004 0.4043440000000001
10 0.514375 0.25731000000000004 0.20124999999999998 0.130326
10 0.5190625 0.751462 0.12187499999999996 0.08270600000000002
10 0.7334375 0.7581454999999999 0.31937499999999996 0.41687499999999994
10 0.7234375 0.3993315 0.270625 0.3425230000000001
10 0.8981250000000001 0.6349205 0.2025 0.3358390000000001
