13 0.05625 0.6114585 0.109320068359375 0.655453830078125
13 0.035937 0.305208 0.06402690527343749 0.35793559375
13 0.049218500000000005 0.5052085000000001 0.08432693505859376 0.5660091764322918
13 0.06562499999999999 0.1604165 0.10462291308593749 0.21437412434895833
13 0.098438 0.26875 0.14209186914062502 0.32881706510416664
13 0.108594 0.4270835 0.145206951171875 0.4911109016927084
13 0.1023435 0.7270835 0.12490005517578125 0.7844702766927084
13 0.132031 0.560417 0.1826830634765625 0.6221872903645834
13 0.1335935 0.853125 0.18268153759765626 0.9301391601562501
13 0.164844 0.178125 0.22171401953125 0.25810106640625
13 0.163281 0.3677079999999999 0.21702754589843748 0.4266042135416666
13 0.1859375 0.501042 0.24669342041015627 0.5785146015625
13 0.1976565 0.7156250000000001 0.24980697607421876 0.7990681966145834
13 0.208594 0.2666665 0.256046294921875 0.3017357779947916
13 0.2218755 0.109375 0.2669713247070313 0.16652458463541667
13 0.24375050000000004 0.5541665 0.2981999624023438 0.6305284290364582
13 0.236719 0.90625 0.28258182910156254 0.9550699869791668
13 0.26953099999999997 0.813542 0.3325487861328125 0.9031077005208333
13 0.25390650000000003 0.3854165 0.2966270444335937 0.4369981555989583
13 0.2734375 0.21562500000000004 0.31535797119140624 0.27888623828125003
13 0.3179685 0.677083 0.37156448388671875 0.7574513815104167
13 0.296875 0.0 0.3231480830078125 0.14375
13 0.34218699999999996 0.32812499999999994 0.38872783300781244 0.4120727539062499
13 0.33281249999999996 0.48125 0.36529998779296874 0.5306233723958333
13 0.359375 0.9249999999999999 0.4183990478515625 0.9904625729166666
13 0.3757815 0.11562500000000002 0.43244602587890624 0.21651644661458336
13 0.37890650000000003 0.09166700000000001 0.42931797412109374 0.17279764192708336
13 0.42500000000000004 0.5249999999999999 0.4933349609375 0.60556640625
13 0.3984375 0.28125 0.43711090087890625 0.3517167890625
13 0.41718750000000004 0.634375 0.47302959033203124 0.6741739908854169
13 0.44218749999999996 0.759375 0.48706817626953125 0.8531782304687501
13 0.486719 0.1479165 0.5432746884765625 0.226890400390625
13 0.48828150000000003 0.913542 0.5463981625976563 0.9967274921875
13 0.4882815 0.2864585 0.5432731625976562 0.37254400716145836
13 0.53125 0.0 0.582293201171875 0.079167
13 0.5320315 0.6020835 0.5838554379882812 0.684633037109375
13 0.535156 0.0395835 0.5791643867187499 0.060365458984375
13 0.603125 0.728125 0.6806610107421875 0.8303019205729169
13 0.597656 0.5041665000000001 0.6603533515625 0.593093533203125
13 0.638281 0.27499999999999997 0.7040636787109374 0.35172492708333336
13 0.6507815 0.0 0.7134274711914063 0.0625
13 0.671875 0.8718750000000001 0.7462188720703125 0.96761474609375
13 0.7039059999999999 0.1260415 0.769624591796875 0.22483588346354166
13 0.715625 0.6 0.7821131474609374 0.6929687499999999
13 0.7335935 0.4135415 0.8024086000976562 0.5140445345052084
13 0.7773435000000001 0.6572915 0.8633028754882813 0.7637271516927083
13 0.8359375 0.7979164999999999 0.9273086547851562 0.9010440462239582
13 0.825 0.9499999999999998 0.8991943359375 0.9966800208333333
13 0.8374999999999999 0.2333335 0.91949512890625 0.34344618033854163
13 0.8539064999999999 0.5239585 0.9163541069335936 0.6305677623697916
13 0.921875 0.0 0.9865997314453125 0.14375
13 0.9421879999999999 0.47083349999999996 0.99751789453125 0.5993869355468749
13 0.9453125 0.7083335000000001 0.9975148432617187 0.8053276907552084
13 0.9500004999999999 0.2583335 0.9975102651367187 0.3621636282552083
13 0.9500004999999999 0.896875 0.9975102651367187 0.9884151940104166
