9 0.0 0.516886 0.026875 0.677298
9 0.0025 0.140713 0.080625 0.338649
9 0.083125 0.388368 0.2575 0.663227
9 0.2675 0.317073 0.36875 0.523452
9 0.38375 0.22326500000000002 0.540625 0.41744799999999993
9 0.393125 0.8424020000000001 0.52375 0.9990620000000001
9 0.42 0.10975599999999999 0.5275 0.333021
9 0.493125 0.573171 0.5675 0.712008
9 0.515 0.888368 0.596875 0.9990620000000001
9 0.52625 0.201689 0.5875 0.41557200000000005
9 0.565 0.261726 0.665625 0.446529
9 0.61625 0.340525 0.716875 0.5093810000000001
9 0.805625 0.54409 0.920625 0.802064
9 0.93625 0.738274 0.999375 0.8864920000000001
