10 0.1721875 0.5112570000000001 0.20187500000000003 0.28517800000000004
10 0.45843749999999994 0.259381 0.13937499999999997 0.2767359999999999
10 0.451875 0.9193245 0.11874999999999997 0.15009299999999978
10 0.5146875 0.347092 0.041874999999999996 0.15196999999999997
10 0.5275 0.6482175 0.062499999999999944 0.16135100000000002
10 0.5571875 0.9465290000000001 0.06562499999999993 0.1050660000000002
10 0.5665625 0.31238299999999997 0.038124999999999964 0.17073199999999997
10 0.6178125 0.3442775 0.07937499999999997 0.180113
10 0.6699999999999999 0.424015 0.10124999999999995 0.17823599999999995
10 0.86375 0.6566605 0.09499999999999997 0.22514100000000006
10 0.96875 0.8114444999999999 0.06125000000000003 0.1425889999999999
