11 0.0 0.2971875 0.025 0.31158477783203126
11 0.0 0.3234375 0.04375 0.34343414306640624
11 0.0 0.08031250000000001 0.1975 0.14429656982421876
11 0.0 0.7315625 0.618125 0.9986605834960938
11 0.031875 0.34687500000000004 0.0455938720703125 0.3559112548828125
11 0.1275 0.43562500000000004 0.23675048828125 0.5076995849609376
11 0.0421875 0.3096875 0.05433380126953125 0.32469757080078127
11 0.2753125 0.1415625 0.39535614013671877 0.20048675537109376
11 0.25593750000000004 0.0 0.34787506103515625 0.051875
11 0.3240625 0.49124999999999996 0.4434335327148437 0.567645263671875
11 0.41718750000000004 0.0 0.5183425903320313 0.106875
11 0.516875 0.2715625 0.6563702392578125 0.41910980224609373
11 0.4559375 0.8518749999999999 0.4901797485351562 0.8866680908203125
11 0.553125 0.5396875 0.6757098388671875 0.6200979614257812
11 0.639375 0.08625000000000001 0.7556256103515625 0.144290771484375
11 0.6921875 0.398125 0.7968240356445312 0.4583612060546875
11 0.7359375 0.9109375 0.8717813110351563 0.9984854125976562
11 0.8315625 0.6284375 0.9829379272460937 0.7518862915039062
11 0.7846875 0.29375 0.8736087036132812 0.34221313476562504
11 0.8356250000000001 0.2046875 0.9191839599609375 0.24480010986328124
11 0.8984375 0.4003125 0.9984976196289063 0.5358590698242187
