13 0.11 0.0 0.255625 0.21743200000000001
13 0.11 0.0 0.26125 0.204311
13 0.2775 0.45360799999999996 0.5375 0.8706649999999999
13 0.286875 0.451734 0.545625 0.863168
13 0.388125 0.046860000000000006 0.48125 0.215558
13 0.389375 0.043112 0.48125 0.211809
13 0.41625 0.20805999999999997 0.5175 0.356139
13 0.4175 0.20805999999999997 0.5175 0.346767
13 0.56625 0.092784 0.651875 0.24273699999999998
13 0.56875 0.09840700000000001 0.655625 0.23523899999999998
13 0.57625 0.367385 0.700625 0.49390799999999996
13 0.58625 0.387067 0.698125 0.49765699999999996
13 0.895 0.411434 0.968125 0.522962
