16 0.1028125 0.10210899999999999 0.10312500000000002 0.10876799999999999
16 0.0 0.16814649999999998 0.035 0.07658099999999997
16 0.51125 0.8312985 0.08624999999999994 0.09766899999999988
16 0.5225 0.30466150000000003 0.10625000000000007 0.07658099999999991
16 0.56375 0.8867925000000001 0.08875 0.08657100000000016
16 0.6290625000000001 0.3340735 0.08062500000000006 0.059933000000000014
16 0.7040625 0.17036649999999998 0.09437499999999999 0.096559
16 0.7071875 0.1054385 0.08812500000000001 0.08879100000000001
16 0.7475 0.0 0.09500000000000008 0.056604
16 0.9225000000000001 0.7197555 0.08875 0.07880100000000004
16 0.9734375 0.72697 0.051875000000000004 0.08879000000000001
