2 0.324375 0.617261 0.425625 0.780488
2 0.0 0.6575979999999999 0.054375 0.732645
2 0.0 0.8939959999999999 0.120625 0.9990620000000001
2 0.64 0.697936 0.03625 0.7786119999999999
2 0.035 0.6754220000000001 0.09375 0.732645
2 0.074375 0.630394 0.120625 0.692308
2 0.111875 0.74015 0.24375 0.8939959999999999
2 0.119375 0.873358 0.2 0.9990620000000001
2 0.1475 0.8714820000000001 0.315625 0.9990620000000001
2 0.209375 0.567542 0.255 0.6463409999999999
2 0.215625 0.602251 0.309375 0.699812
2 0.223125 0.663227 0.335 0.7870540000000001
2 0.2475 0.7579739999999999 0.361875 0.888368
2 0.28875 0.576923 0.34375 0.6482180000000001
2 0.2925 0.8424020000000001 0.38875 0.965291
2 0.34 0.8714820000000001 0.480625 0.9990620000000001
2 0.381875 0.774859 0.466875 0.8330209999999999
2 0.415625 0.8151970000000002 0.534375 0.919325
2 0.423125 0.6810510000000001 0.515625 0.813321
2 0.484375 0.9024389999999999 0.60875 0.9990620000000001
2 0.516875 0.6425890000000001 0.619375 0.7926830000000001
2 0.5425 0.769231 0.6475 0.8939959999999999
2 0.580625 0.602251 0.635625 0.67167
2 0.6125 0.602251 0.6975 0.7101310000000001
2 0.624375 0.665103 0.734375 0.8208260000000002
2 0.678125 0.567542 0.724375 0.6519699999999999
2 0.688125 0.934334 0.805 0.9990620000000001
2 0.70125 0.7926830000000001 0.770625 0.884615
2 0.7075 0.6463409999999999 0.8 0.7579739999999999
2 0.730625 0.734522 0.81875 0.825516
2 0.741875 0.8189489999999998 0.86625 0.986867
2 0.776875 0.6135079999999999 0.855 0.727017
2 0.81125 0.712008 0.90375 0.8386490000000001
2 0.835625 0.5966229999999999 0.893125 0.6829270000000001
2 0.8475 0.796435 0.95 0.9634149999999999
2 0.86875 0.636961 0.945625 0.7504689999999998
2 0.874375 0.9409010000000001 0.980625 0.9990620000000001
2 0.905 0.705441 0.999375 0.8592870000000001
2 0.95375 0.8386490000000001 0.999375 0.9634149999999999
