6 0.361875 0.773283 0.545625 0.9896520000000001
6 0.081875 0.349012 0.2225 0.6246470000000001
6 0.16375 0.0037630000000000003 0.281875 0.18908699999999995
6 0.26625 0.01317 0.401875 0.19661299999999998
6 0.298125 0.190969 0.445625 0.4666040000000001
6 0.45875 0.42803399999999997 0.5775 0.65381
6 0.486875 0.235183 0.5775 0.418627
6 0.57125 0.262465 0.6625 0.43744099999999997
6 0.5775 0.43556000000000006 0.696875 0.639699
6 0.78625 0.143932 0.958125 0.273754
6 0.859375 0.626529 0.9825 0.788335
6 0.86875 0.8711190000000002 0.999375 0.999059
