11 0.1796875 0.40056300000000006 0.31794952392578124 0.609169524158126
11 0.26156250000000003 0.248124 0.3747445678710937 0.4527327144948755
11 0.4496875 0.3311445 0.5864358520507813 0.49294816178623724
11 0.4565625 0.5187620000000001 0.5745541381835937 0.5620924655929722
11 0.489375 0.47889299999999996 0.6157720947265625 0.5311938389458272
11 0.57125 0.0 0.6963171386718751 0.258912
11 0.6621874999999999 0.577861 0.7487283325195313 0.6980279370424598
11 0.72875 0.20309600000000003 0.8511633300781251 0.2679956412884334
11 0.7465625 0.5637899999999999 0.8061459350585938 0.6502065387994143
11 0.7953125000000001 0.0 0.9035983276367188 0.249531
