0 0.3925 0.74625 0.46024169921875 0.8481953203125
0 0.1196875 0.53125 0.15050811767578126 0.6268082682291666
0 0.21625 0.5879165000000001 0.294163818359375 0.6867344837239583
0 0.1715625 0.41375 0.19858245849609377 0.4769612630208333
0 0.1946875 0.32375 0.24230987548828126 0.3654114505208333
0 0.2096875 0.44249999999999995 0.24354522705078124 0.497756828125
0 0.26 0.19791650000000002 0.32474609375 0.27974229622395835
0 0.49375 0.8729169999999998 0.5857678222656251 0.9880303893229166
0 0.6009375 0.14458300000000002 0.6537881469726563 0.20564474088541665
0 0.68 0.8925000000000001 0.7730859375000001 0.967170890625
0 0.7328125 0.6549999999999999 0.7599093627929687 0.7883141354166666
0 0.83375 0.57125 0.927935791015625 0.6592561848958333
