16 0.2515625 0.4558335 0.010625000000000023 0.011666999999999947
16 0.2796875 0.2770835 0.05437500000000001 0.02083299999999999
16 0.259375 0.36958350000000006 0.007500000000000007 0.02083300000000003
16 0.26625 0.3704165 0.00874999999999998 0.019167000000000007
16 0.269375 0.45249999999999996 0.0050000000000000044 0.008333999999999989
16 0.2728125 0.3704165 0.00687500000000002 0.015832999999999986
16 0.27937500000000004 0.36874999999999997 0.00874999999999998 0.019165999999999943
16 0.280625 0.46958300000000003 0.006249999999999978 0.01250000000000003
16 0.2915625 0.46708350000000004 0.005624999999999991 0.014166999999999966
16 0.321875 0.48500000000000004 0.06375000000000003 0.021665999999999963
16 0.2975 0.4575 0.00874999999999998 0.008333999999999989
16 0.354375 0.2683335 0.08374999999999999 0.038332999999999985
16 0.3315625 0.38875 0.008124999999999993 0.014165999999999901
16 0.3721875 0.39125000000000004 0.06312499999999999 0.025834000000000062
16 0.365 0.52125 0.007500000000000007 0.01250000000000003
16 0.4140625 0.5454165 0.06437499999999996 0.024166999999999977
16 0.3921875 0.27958350000000004 0.008124999999999993 0.019167000000000007
16 0.39875 0.27916650000000004 0.015000000000000013 0.00833299999999996
16 0.41031249999999997 0.27499999999999997 0.008124999999999993 0.016665999999999997
16 0.423125 0.5195835 0.03375 0.02083300000000003
16 0.420625 0.27916650000000004 0.009999999999999953 0.00833299999999996
16 0.460625 0.2654165 0.0675 0.035833000000000004
16 0.469375 0.41250000000000003 0.07875000000000004 0.0483340000000001
16 0.481875 0.5945835 0.010000000000000009 0.019167000000000083
16 0.4878125 0.6054165 0.014374999999999971 0.025832999999999995
16 0.5215625 0.257083 0.049375 0.03249999999999997
16 0.5084375 0.5741664999999999 0.0068749999999999645 0.018333000000000006
16 0.5134375 0.5829165000000001 0.014375000000000027 0.019167000000000007
16 0.5159374999999999 0.60875 0.014374999999999916 0.025833999999999985
16 0.536875 0.58625 0.013749999999999929 0.019165999999999943
16 0.5393749999999999 0.5741670000000001 0.01375000000000004 0.01500000000000005
16 0.59375 0.454167 0.1087499999999999 0.03999999999999996
16 0.549375 0.2720835 0.008749999999999925 0.024166999999999977
16 0.5534375 0.6070829999999999 0.016874999999999973 0.022500000000000037
16 0.5603125 0.2625 0.015625 0.021665999999999963
16 0.5609375 0.27375 0.016874999999999973 0.030834000000000028
16 0.558125 0.58625 0.010000000000000009 0.015833999999999977
16 0.5684374999999999 0.5970829999999999 0.013124999999999942 0.017499999999999922
16 0.575625 0.2554165 0.009999999999999898 0.019167000000000007
16 0.5771875 0.2704165 0.013124999999999942 0.024166999999999977
16 0.5940624999999999 0.27541649999999995 0.018125000000000058 0.02416700000000001
16 0.6090625000000001 0.270417 0.018125000000000058 0.02749999999999993
16 0.610625 0.256667 0.015000000000000013 0.009999999999999972
16 0.669375 0.46833349999999996 0.11249999999999993 0.05333299999999993
16 0.6737500000000001 0.25416700000000003 0.10625000000000007 0.05000000000000001
16 0.6396875 0.6695829999999999 0.011874999999999969 0.017499999999999998
16 0.651875 0.677083 0.026249999999999996 0.012499999999999881
16 0.6499999999999999 0.64125 0.01375000000000004 0.022499999999999964
16 0.6640625 0.6575000000000001 0.009374999999999911 0.014999999999999977
16 0.6712499999999999 0.6366665 0.015000000000000013 0.016666999999999987
16 0.68625 0.6549999999999999 0.011249999999999982 0.006665999999999987
16 0.7021875 0.6750000000000002 0.015625 0.011666000000000102
16 0.746875 0.7329165 0.022500000000000075 0.024166999999999977
16 0.7503124999999999 0.7487499999999999 0.020625000000000004 0.034166000000000064
16 0.7553125 0.267917 0.020625000000000004 0.02749999999999997
16 0.8146875 0.48249999999999993 0.10562500000000008 0.04833400000000002
16 0.7759375 0.24749999999999997 0.025624999999999898 0.023334000000000004
16 0.7765625 0.2679165 0.024374999999999925 0.02416700000000005
16 0.7803125 0.7312499999999998 0.021874999999999978 0.027500000000000007
16 0.7809375 0.7145829999999999 0.015625 0.027500000000000007
16 0.7903125 0.22958350000000002 0.015625 0.019167000000000007
16 0.7940624999999999 0.7666665 0.020625000000000004 0.036667000000000005
16 0.7953125000000001 0.252083 0.020625000000000004 0.03250000000000001
16 0.7940625 0.2708335 0.01187500000000008 0.018333000000000044
16 0.8009375000000001 0.23291649999999997 0.01937500000000003 0.02916699999999998
16 0.805625 0.7320834999999999 0.01749999999999996 0.025832999999999995
16 0.8128124999999999 0.7154164999999999 0.01937500000000003 0.025832999999999995
16 0.8146875 0.24916649999999999 0.020625000000000004 0.013332999999999965
16 0.8146875 0.2679165 0.018124999999999947 0.02416700000000005
16 0.8159375 0.224167 0.013125000000000053 0.014999999999999977
16 0.825 0.2379165 0.02124999999999999 0.025832999999999957
16 0.8284374999999999 0.7695829999999999 0.021874999999999978 0.027500000000000007
16 0.8275 0.25875 0.010000000000000009 0.009165999999999933
16 0.8359375 0.2679165 0.02187500000000009 0.03083299999999996
16 0.8378125000000001 0.24583299999999997 0.020625000000000004 0.01999999999999998
16 0.8390625 0.23125000000000004 0.020625000000000004 0.022500000000000003
16 0.8384375 0.71875 0.016875000000000084 0.022499999999999964
16 0.8521875 0.2320835 0.008124999999999938 0.02083300000000003
16 0.8578125000000001 0.26708350000000003 0.01937500000000003 0.02916699999999998
16 0.8553124999999999 0.24749999999999997 0.011874999999999969 0.020000000000000018
16 0.8603125 0.7487499999999999 0.016874999999999973 0.030834000000000028
16 0.8668750000000001 0.24666700000000005 0.011250000000000093 0.015000000000000013
16 0.8703125 0.26708350000000003 0.018125000000000058 0.025832999999999995
16 0.88125 0.26625000000000004 0.011249999999999982 0.024165999999999983
