0 0.22265600000000002 0.7177985 0.26228256250000004 0.7881760505124452
0 0.0 0.0 0.084375 0.11006999999999999
0 0.1703125 0.0 0.23889667919921875 0.091335
0 0.3328125 0.42388750000000003 0.42467498779296875 0.5169433740849195
0 0.390625 0.5655735 0.4996185302734375 0.6619349275256222
0 0.4539065 0.12177999999999999 0.5058067319335937 0.21527869838945826
0 0.5070315000000001 0.11475449999999998 0.5916928520507813 0.18718598462664712
0 0.503125 0.0 0.5401336669921876 0.044496
0 0.5367190000000001 0.6627635 0.5807258603515626 0.7554696288433382
0 0.6429685 0.0 0.6915591010742187 0.187354
0 0.6843745 0.381733 0.7571436655273438 0.500612093704246
0 0.73125 0.8231850000000001 0.836785888671875 0.9308787510980967
0 0.801563 0.9309135 0.8882802236328124 0.9962950226939972
0 0.8953129999999999 0.0 0.9319386708984374 0.056206
0 0.946875 0.394614 0.9975133173828125 0.509961234260615
0 0.9578129999999999 0.758782 0.9975026357421874 0.8536900453879941
