13 0.0 0.7306965 0.140625 0.8426164463235294
13 0.24875000000000003 0.7867235 0.32975708007812504 0.9084480536764705
13 0.338125 0.6332395 0.4146697998046875 0.7523647654411764
13 0.4390625 0.6322975 0.49519622802734375 0.7438911507352941
13 0.48062499999999997 0.8695860000000001 0.5320306396484374 0.9695311970588235
13 0.6196875 0.9623355 0.6318948364257811 0.9750448007352941
13 0.6915625000000001 0.7829564999999999 0.7061996459960938 0.8076995933823531
13 0.7465625 0.6633709999999999 0.7598959350585938 0.6826404544117647
13 0.7478125 0.6972695000000001 0.7548947143554687 0.7174306036764706
13 0.8009375000000001 0.567326 0.8098428344726563 0.5839116970588235
13 0.8453125 0.6417140000000001 0.8560494995117188 0.6534823029411766
13 0.855 0.6129939999999999 0.8635400390625 0.6243335382352941
13 0.8753124999999999 0.5183615 0.8853952026367188 0.5265447036764705
13 0.8734375 0.598399 0.8791470336914062 0.6074060014705883
13 0.8831249999999999 0.5503765 0.8866375732421875 0.5613376227941177
