16 0.538125 0.8412474999999999 0.1725 0.1927370000000001
16 0.035 0.3752325 0.07 0.15828700000000004
16 0.035 0.775605 0.07 0.171322
16 0.036875 0.5986965000000001 0.07375 0.2327750000000001
16 0.040625 0.1540965 0.08125 0.13500900000000002
16 0.0625 0.2658285 0.125 0.129423
16 0.049375 0.08519550000000001 0.095 0.17039100000000001
16 0.0878125 0.051676 0.110625 0.103352
16 0.124375 0.16946 0.10874999999999999 0.15828600000000004
16 0.1846875 0.38966449999999997 0.18312499999999998 0.18715099999999996
16 0.2109375 0.197393 0.176875 0.24394800000000003
16 0.2 0.07122900000000001 0.08125000000000002 0.06797
16 0.235 0.6485105 0.14875000000000002 0.22253300000000012
16 0.25187499999999996 0.7905029999999998 0.13874999999999998 0.14897599999999994
16 0.2146875 0.020484 0.06187500000000001 0.040968
16 0.2696875 0.060521500000000006 0.079375 0.12104300000000001
16 0.299375 0.48696449999999997 0.11750000000000002 0.22905099999999995
16 0.3646875 0.8421789999999999 0.19437499999999996 0.20204799999999995
16 0.298125 0.168529 0.04375000000000001 0.07635000000000002
16 0.328125 0.053537999999999995 0.08125000000000004 0.10707599999999999
16 0.3978125 0.39199249999999997 0.176875 0.31657299999999994
16 0.405 0.13873349999999998 0.175 0.238361
16 0.5365625 0.530261 0.17937499999999995 0.27281199999999994
16 0.57875 0.27793300000000004 0.20999999999999996 0.276536
16 0.526875 0.030726500000000004 0.04749999999999999 0.06145300000000001
16 0.561875 0.1028865 0.11499999999999999 0.108939
16 0.6025 0.070298 0.09875 0.11638799999999998
16 0.665625 0.6219735 0.16625 0.23463700000000012
16 0.711875 0.3919925 0.18499999999999994 0.29795099999999997
16 0.7093750000000001 0.16852899999999998 0.13875000000000004 0.16387399999999996
16 0.6728125 0.029795000000000002 0.041874999999999996 0.059590000000000004
16 0.6978125 0.042365 0.06437499999999996 0.08473
16 0.7609375 0.7928305 0.18062499999999992 0.259777
16 0.7771875 0.070298 0.08937499999999998 0.10521399999999999
16 0.8284374999999999 0.321229 0.186875 0.24022399999999994
16 0.8065625000000001 0.5758845 0.13312500000000005 0.18156499999999995
16 0.7821875 0.012570000000000001 0.07437499999999997 0.025140000000000003
16 0.8087500000000001 0.146648 0.10875000000000001 0.10521399999999999
16 0.8584375 0.0451585 0.078125 0.090317
16 0.8668750000000001 0.6503725 0.06625000000000003 0.17039099999999996
16 0.8803125 0.172253 0.0368750000000001 0.080074
16 0.9340625 0.21508399999999997 0.11937500000000001 0.173184
16 0.9346875 0.09311000000000001 0.11312499999999992 0.111732
16 0.955625 0.020484 0.08750000000000002 0.040968
16 0.961875 0.6275605 0.07500000000000007 0.15456300000000006
16 0.9875 0.7430165 0.02375000000000005 0.14525100000000002
16 0.988125 0.655959 0.022499999999999964 0.1163879999999999
16 0.9953125 0.3105215 0.008125000000000049 0.097765
