16 0.08374999999999999 0.4959375 0.140834 0.104375
16 0.0 0.8225 0.12 0.1725
16 0.0 0.159375 0.161667 0.11999999999999998
16 0.19249999999999998 0.8103125 0.148334 0.18437499999999996
16 0.2383335 0.46062499999999995 0.15333300000000002 0.13499999999999995
16 0.24958350000000004 0.1584375 0.165833 0.114375
16 0.37166699999999997 0.8418749999999999 0.21000000000000005 0.16249999999999998
16 0.3966665 0.4653125 0.16833299999999998 0.184375
16 0.4158335 0.14906250000000001 0.15666699999999997 0.133125
16 0.5499999999999999 0.825625 0.161666 0.18499999999999994
16 0.5629164999999999 0.145625 0.15916699999999992 0.12
16 0.572917 0.46781249999999996 0.15749999999999997 0.16187499999999994
16 0.7225000000000001 0.16125 0.20000000000000004 0.13
16 0.7370835000000001 0.8384375 0.21583300000000002 0.19937499999999997
16 0.7645835 0.46687500000000004 0.170833 0.16750000000000004
16 0.89875 0.16125 0.13416599999999987 0.11624999999999999
16 0.9245835000000001 0.8518749999999999 0.14916700000000013 0.18624999999999992
16 0.929167 0.4515625 0.14000000000000012 0.18437499999999996
