2 0.105625 0.21059899999999998 0.135625 0.267034
2 0.105625 0.095664 0.14 0.133517
2 0.180625 0.24982800000000002 0.22375 0.302822
2 0.231875 0.087405 0.269375 0.12181700000000001
2 0.2425 0.313145 0.278125 0.36476300000000006
2 0.26125 0.111493 0.308125 0.14865799999999998
2 0.264375 0.061940999999999996 0.301875 0.108052
2 0.275 0.306263 0.321875 0.353063
2 0.289375 0.046111 0.33625 0.087405
2 0.315625 0.0034409999999999996 0.354375 0.039229
2 0.460625 0.18307 0.5275 0.231246
2 0.47125 0.5843079999999999 0.50875 0.6407430000000001
2 0.494375 0.547832 0.54125 0.6008260000000001
2 0.581875 0.7123189999999999 0.614375 0.7742600000000001
2 0.64375 0.851342 0.675 0.881624
2 0.6625 0.44528599999999996 0.7075 0.493462
2 0.675 0.40949800000000003 0.721875 0.450103
2 0.709375 0.280798 0.755625 0.33379200000000003
2 0.81625 0.881624 0.8525 0.933242
2 0.9225 0.924983 0.96875 0.971094
2 0.92375 0.780454 0.9625 0.8300069999999999
