0 0.65768 0.32189500000000004 0.773867734375 0.44249564941406255
0 0.153595 0.5767975 0.2759940048828125 0.7216587211914063
0 0.19035950000000001 0.33496699999999996 0.32007510205078127 0.44411688378906244
0 0.21486899999999998 0.793301 0.34292716699218745 0.9338662919921874
0 0.27777799999999997 0.147876 0.396787732421875 0.26782958984375
0 0.3382355 0.48611099999999996 0.43757869189453125 0.6041002822265624
0 0.419118 0.6968955 0.5486107050781249 0.8424564379882813
0 0.4321895 0.30147050000000003 0.5404279399414063 0.4065685952148438
0 0.526144 0.885621 0.6514471875 0.9713571357421874
0 0.5612745 0.5089870000000001 0.6791908803710938 0.6220519423828125
0 0.5563725 0.2001635 0.6187376674804689 0.2873865278320313
0 0.7189544999999999 0.629902 0.8800168959960938 0.741214861328125
0 0.7916669999999999 0.851307 0.9322338876953125 0.9779266455078125
0 0.8153595 0.243464 0.9175047504882813 0.3461672421875
0 0.8153595 0.45261450000000003 0.8929947504882813 0.5224339936523438
0 0.874183 0.651144 0.9664663056640626 0.7689721171874999
0 0.9305555000000001 0.40441150000000003 0.9631432543945313 0.48816706689453127
