0 0.3666665 0.44843750000000004 0.5603555696614583 0.5908120727539063
0 0.0 0.2696875 0.126667 0.3634866333007813
0 0.17375 0.0 0.29560676302083333 0.049375
0 0.48208350000000005 0.1840625 0.6293722871093751 0.28482025146484374
0 0.5970835 0.53625 0.7908895475260417 0.785101318359375
0 0.619167 0.0 0.7208607929687502 0.129375
0 0.6841664999999999 0.26187499999999997 0.8074421582031249 0.3566192626953125
0 0.8675 0.159375 0.9688704427083334 0.2367193603515625
0 0.92625 0.84625 0.9979609453125001 0.987923583984375
0 0.9595835 0.213125 0.9979175423177084 0.28791687011718753
0 0.9650000000000002 0.431875 0.9979104895833334 0.4945782470703125
