13 0.32433350000000005 0.38199999999999995 0.33168326806640624 0.40944070278184475
13 0.3666665 0.49700000000000005 0.38564192724609375 0.5202723279648609
13 0.462333 0.525 0.4728815029296875 0.5472313323572475
13 0.483333 0.44150000000000006 0.49686099511718745 0.4553535871156662
13 0.4923335 0.5655 0.5035192055664063 0.5881720351390922
13 0.4986665 0.48850000000000005 0.5148460209960938 0.5132847730600293
13 0.4986665 0.334 0.5108460209960938 0.359510980966325
13 0.506333 0.5435 0.5188385341796875 0.5592042459736457
13 0.518 0.281 0.538161140625 0.30558857979502196
13 0.532 0.35000000000000003 0.5468134687499999 0.37048755490483165
13 0.6013335 0.2115 0.6240797602539062 0.24169033674963397
13 0.7233335 0.78 0.7339606196289062 0.8088579795021963
13 0.750667 0.8005 0.7659339267578125 0.8358279648609076
13 0.7656665 0.4770000000000001 0.7725852788085938 0.5033016105417277
13 0.8093335 0.468 0.8278766352539063 0.4913147877013177
13 0.8186665 0.5525 0.8405335209960938 0.5791910688140556
13 0.8626670000000001 0.558 0.8738245517578125 0.5821830161054172
13 0.9216664999999999 0.526 0.9344329350585937 0.5552298682284041
13 0.9363334999999999 0.35000000000000003 0.9510856118164062 0.3804875549048316
