3 0.7223959999999999 0.148828 0.057292000000000044 0.041406
3 0.8109375 0.0703125 0.155209 0.104687
3 0.828125 0.170312 0.18958399999999997 0.15000000000000002
3 0.8406249999999998 0.2792965 0.12291599999999987 0.07578100000000002
3 0.8953125000000001 0.3621095 0.12395900000000015 0.110157
3 0.9015624999999999 0.13320300000000002 0.08437499999999994 0.078906
3 0.9406249999999999 0.232031 0.11666600000000009 0.125
3 0.955208 0.364453 0.08750000000000006 0.12890600000000008
3 0.9723955000000001 0.444531 0.05312499999999994 0.10625000000000007
3 0.9760415 0.1402345 0.04583300000000001 0.064843
