13 0.0 0.0670735 0.086875 0.12841979575402634
13 0.0 0.410413 0.095625 0.506904102489019
13 0.0 0.07317050000000001 0.101875 0.12090586896046852
13 0.0 0.2199815 0.10625 0.31299891874084923
13 0.0 0.21529099999999998 0.138125 0.30174878623718887
13 0.0 0.6772984999999999 0.151875 0.8320293477306001
13 0.0 0.6848029999999999 0.16125 0.8489033601756953
13 0.0484375 0.41651049999999995 0.09057769775390624 0.5068951749633968
13 0.1853125 0.8611635000000001 0.32481903076171875 0.99780114568082
13 0.18093749999999997 0.860225 0.3135733032226562 0.9978025197657395
13 0.16625 0.4713885 0.24171264648437502 0.5668518265007321
13 0.195 0.0 0.2991845703125 0.146341
13 0.19625 0.073171 0.301683349609375 0.14060586822840412
13 0.1846875 0.4606004999999999 0.2748196411132813 0.549044621522694
13 0.2334375 0.24061900000000003 0.37227203369140627 0.4152197027818449
13 0.2346875 0.24061949999999996 0.36727081298828124 0.40959170204978035
13 0.326875 0.5605065 0.47843078613281254 0.7684103462664715
13 0.330625 0.5586304999999999 0.4859271240234375 0.7627840929721815
13 0.41531250000000003 0.0 0.5283444213867188 0.133208
13 0.42562500000000003 0.07035649999999999 0.5439593505859376 0.13873398901903364
13 0.43281250000000004 0.7106 0.5552023315429688 0.8835745900439239
13 0.43406249999999996 0.7068479999999999 0.5489511108398437 0.8817040834553439
13 0.4796875 0.760788 0.6207815551757813 0.9416631083455343
13 0.3878125 0.313321 0.42212127685546874 0.3532002576866764
13 0.44875 0.2040335 0.540186767578125 0.26142726866764276
13 0.4390625 0.20497200000000002 0.5089462280273438 0.27080689458272333
13 0.4890625 0.747186 0.6088973999023437 0.9219830234260614
13 0.4140625 0.20497200000000002 0.4564706420898437 0.2595498945827233
13 0.5415625000000001 0.37195100000000003 0.6794711303710937 0.5472974158125915
13 0.55125 0.36444649999999995 0.6794616699218751 0.5435564033674963
13 0.6215625 0.90197 0.7625180053710938 0.9817933997071742
13 0.6246875 0.8986865 0.7662649536132812 0.9977462071742313
13 0.52625 0.8771105 0.560111083984375 0.9217927972181552
13 0.6584375 0.0 0.7937319946289063 0.144465
13 0.655625 0.0 0.7856097412109375 0.144465
13 0.6312500000000001 0.589587 0.733133544921875 0.6876917686676428
13 0.658125 0.295028 0.7831072998046874 0.42827304099560765
13 0.6575 0.5933395 0.7356079101562499 0.6876862745241581
13 0.8225 0.782833 0.9966967773437501 0.951011831625183
13 0.8021875 0.312852 0.9198416137695313 0.5192419443631039
13 0.8121875000000001 0.5722325 0.8717068481445313 0.6014131778916545
13 0.8887499999999999 0.0 0.989132080078125 0.19230799999999998
13 0.890625 0.0 0.9903802490234375 0.197936
13 0.906875 0.49812399999999996 0.9903643798828125 0.6071506822840409
13 0.9121874999999999 0.49437149999999996 0.9984841918945313 0.5940231764275257
13 0.913125 0.858349 0.9697332763671874 0.9978052664714496
13 0.9271875 0.7978425000000001 0.9940945434570313 0.997893855783309
13 0.9371875000000001 0.802533 0.9984597778320312 0.9978869882869693
13 0.9525 0.29080649999999997 0.99844482421875 0.40576522181551977
13 0.9550000000000001 0.299719 0.9984423828125 0.3973101727672035
