16 0.5531045 0.42238549999999997 0.19444500000000003 0.210785
16 0.0808825 0.5874185000000001 0.08006500000000001 0.06372500000000003
16 0.151144 0.6952615 0.220588 0.135621
16 0.1633985 0.3047385 0.13071899999999997 0.09640500000000002
16 0.2295755 0.38398699999999997 0.14215699999999998 0.078432
16 0.2557185 0.4076795 0.13235299999999997 0.125817
16 0.3521245 0.406863 0.11601300000000003 0.212418
16 0.4044115 0.3055555 0.08006499999999994 0.10457499999999997
16 0.4240195 0.4771245 0.05718899999999999 0.1274510000000001
16 0.4468955 0.2197715 0.10294099999999995 0.07352899999999998
16 0.4869285 0.3178105 0.11111100000000002 0.11274499999999998
16 0.556373 0.881536 0.25000000000000006 0.14869200000000005
16 0.627451 0.246732 0.2189540000000001 0.16993399999999995
16 0.6821895 0.39133949999999995 0.14869299999999996 0.12908499999999995
