13 0.2784375 0.2908335 0.28597808837890626 0.31212131054687503
13 0.3303125 0.25375 0.33530242919921877 0.2688365963541667
13 0.3365625 0.3425 0.34029632568359375 0.3570540364583334
13 0.3771875 0.23374999999999999 0.3865066528320313 0.24469563802083336
13 0.4 0.26708350000000003 0.405859375 0.2796522350260417
13 0.4246875 0.2591665 0.43208526611328124 0.2796625436197917
13 0.44375 0.3654165 0.45894165039062496 0.377024197265625
13 0.4465625 0.15916700000000003 0.4564389038085937 0.17645975130208336
13 0.4509375 0.3495835 0.46018463134765625 0.36204481315104164
13 0.4665625 0.4054165 0.4720443725585937 0.4253051139322917
13 0.4871875 0.1675 0.49389923095703125 0.1881149010416667
13 0.5203125 0.46875 0.5301168823242187 0.4818896484375
13 0.518125 0.0779165 0.5244940185546875 0.09323154622395834
13 0.5434375 0.17208299999999999 0.5494692993164063 0.18810893359375003
13 0.5543750000000001 0.43791699999999995 0.5594586181640625 0.44609679557291665
13 0.556875 0.23291649999999997 0.5644561767578125 0.24802972330729167
13 0.5584374999999999 0.30124999999999996 0.5675796508789063 0.3154407473958333
13 0.5603125 0.46125 0.5675778198242187 0.4752324140625
13 0.5728125 0.3475 0.5838156127929687 0.3670475260416666
13 0.5734375 0.19083350000000002 0.5825650024414063 0.20891851888020838
13 0.57375 0.12208350000000001 0.578814697265625 0.139841037109375
13 0.5884375 0.239167 0.6031753540039062 0.25885558463541664
13 0.5956250000000001 0.0575 0.5981683349609375 0.07325813020833334
13 0.6034375000000001 0.0945835 0.6075357055664062 0.10404384440104168
13 0.630625 0.22958350000000002 0.6450091552734375 0.24470106315104168
13 0.6325000000000001 0.32875 0.63813232421875 0.3462389401041666
13 0.6331249999999999 0.2995835 0.6381317138671876 0.3071099173177083
13 0.6378125 0.6508335 0.6450021362304688 0.673319560546875
13 0.6503125 0.32875 0.6574899291992187 0.3462389401041666
13 0.653125 0.0979165 0.6599871826171875 0.11570550455729167
13 0.655625 0.29624999999999996 0.6562347412109375 0.3054472578125
13 0.6803125000000001 0.22374999999999998 0.6949606323242188 0.23470865885416667
13 0.6871875000000001 0.1745835 0.6924539184570312 0.19143967773437498
13 0.715625 0.30624999999999997 0.7193011474609374 0.31710123697916665
13 0.7221875 0.6725 0.7311697387695313 0.6924573489583333
13 0.7490625 0.625 0.7580184936523438 0.6475191979166667
13 0.74875 0.7862499999999999 0.7530187988281251 0.7956432369791666
13 0.7765625 0.69375 0.7873666381835938 0.7065966796875
13 0.77125 0.26958350000000003 0.776121826171875 0.2846489798177083
13 0.7746875 0.30375 0.7817434692382812 0.31210449218749997
13 0.7815624999999999 0.510417 0.7879867553710938 0.52850239453125
13 0.7853125 0.755833 0.7929830932617187 0.7748488424479166
13 0.8300000000000001 0.060833000000000005 0.835439453125 0.08325379036458334
13 0.8396874999999999 0.26958350000000003 0.8435549926757813 0.27964897981770837
13 0.8440625 0.130417 0.8510507202148438 0.1414971861979167
13 0.8496874999999999 0.22958350000000002 0.8591702270507813 0.24970106315104168
13 0.849375 0.31125 0.8547955322265625 0.3270947265625
13 0.8571875 0.15375 0.8616629028320313 0.16229980468750002
13 0.86875 0.61875 0.8822766113281251 0.6300273359375
13 0.8628125 0.44875 0.8691574096679687 0.4619156901041667
13 0.8709375 0.3158335 0.8772744750976563 0.33125575846354166
13 0.8728125 0.07708350000000001 0.8785226440429688 0.08989963085937501
13 0.8728125 0.5029165 0.8785226440429688 0.5168451608072916
13 0.8771875 0.2320835 0.8860183715820312 0.24469780794270835
13 0.8840625 0.4404165 0.8922616577148437 0.45442654101562496
13 0.888125 0.35125 0.8935076904296876 0.36370964322916666
13 0.8903125000000001 0.5454165 0.8966305541992187 0.557622822265625
13 0.8953125 0.24874999999999994 0.9041256713867187 0.2638431067708333
13 0.90125 0.6 0.915994873046875 0.60921875
13 0.90375 0.3595835 0.9091174316406251 0.37203179231770833
13 0.9025000000000001 0.30041650000000003 0.90536865234375 0.32044183268229165
13 0.9075 0.5679165 0.9128637695312499 0.580093525390625
13 0.9196875 0.2970835 0.9247268676757813 0.31211317252604165
13 0.9228125 0.36833350000000004 0.9309738159179688 0.3845203990885417
13 0.925 0.5354165 0.9309716796875 0.5476358430989583
13 0.9271875 0.37458349999999996 0.9353445434570313 0.38951226106770837
13 0.9328125 0.58625 0.9390890502929687 0.5959036536458334
13 0.9396875 0.4245835 0.9465823364257813 0.4394471569010417
13 0.9403125 0.6208334999999999 0.9465817260742188 0.640858623046875
13 0.9484375 0.494583 0.9546987915039062 0.5076890117187501
13 0.9740625 0.2383335 0.9790487670898438 0.253856669921875
13 0.985 0.238333 0.9902880859375 0.24802267057291663
13 0.985 0.37875 0.9890380859375 0.39450683593749997
