6 0.49687499999999996 0.5066670000000001 0.8657647705078124 0.97100727734375
6 0.34875 0.0 0.365909423828125 0.023333000000000003
6 0.35750000000000004 0.0491665 0.37090087890625 0.06826898111979167
6 0.41875 0.0 0.439591064453125 0.023333000000000003
6 0.464375 0.09000000000000001 0.4857965087890625 0.10488281249999999
6 0.51625 0.0 0.546995849609375 0.058333
6 0.583125 0.9766665 0.6106805419921875 0.997061298828125
6 0.6031249999999999 0.0 0.6256610107421875 0.025000000000000005
6 0.6825 0.9500000000000001 0.71433349609375 0.9970960208333333
6 0.69125 0.08166649999999999 0.7155749511718751 0.10822666341145833
6 0.6975 0.0391665 0.71181884765625 0.058282001953125
6 0.72875 0.0425 0.745538330078125 0.058277661458333345
6 0.8525 0.1833335 0.86541748046875 0.20476128450520834
