8 0.698125 0.6913699999999999 0.76875 0.8086300000000001
8 0.1375 0.952158 0.176875 0.9990620000000001
8 0.158125 0.256098 0.19875 0.318949
8 0.23875 0.560037 0.28375 0.6191369999999999
8 0.29875 0.434334 0.33625 0.5
8 0.3925 0.136961 0.43875 0.197936
8 0.479375 0.47279499999999997 0.523125 0.5422140000000001
8 0.4975 0.0 0.545 0.042214
8 0.515625 0.349906 0.5425 0.395872
8 0.528125 0.30394 0.55375 0.365854
8 0.5525 0.29080700000000004 0.59625 0.361163
8 0.6575 0.327392 0.7 0.399625
8 0.679375 0.294559 0.723125 0.346154
8 0.7475 0.43996199999999996 0.791875 0.516886
8 0.8125 0.203565 0.881875 0.29268299999999997
8 0.820625 0.661351 0.86375 0.728893
8 0.881875 0.155722 0.945625 0.21763600000000002
8 0.929375 0.48686700000000005 0.97125 0.534709
