16 0.6165625 0.585835 0.109375 0.13226999999999994
16 0.0 0.46576 0.148125 0.278612
16 0.0 0.654315 0.235625 0.20168799999999992
16 0.0625 0.9704505 0.08499999999999999 0.05722300000000015
16 0.2075 0.436679 0.26875 0.26360199999999995
16 0.146875 0.9620075 0.09999999999999999 0.07410900000000016
16 0.21562499999999998 0.2443715 0.20625 0.13602299999999998
16 0.5809375 0.5136025 0.836875 0.636961
16 0.245 0.9493435000000001 0.11375000000000002 0.09943700000000004
16 0.321875 0.09474699999999998 0.15499999999999997 0.155722
16 0.36531250000000004 0.9376175 0.075625 0.12288900000000014
16 0.42125 0.1683865 0.14875 0.09287099999999998
16 0.440625 0.9601315 0.11499999999999999 0.07786100000000006
16 0.4565625 0.9455910000000001 0.12437500000000007 0.06941800000000005
16 0.47250000000000003 0.0 0.14625000000000005 0.154784
16 0.5137499999999999 0.9831145000000001 0.10249999999999992 0.0318950000000001
16 0.703125 0.0 0.42250000000000004 0.258912
16 0.5375000000000001 0.9624765000000001 0.057499999999999996 0.07129499999999998
16 0.6984375 0.9793620000000001 0.07562499999999994 0.039400000000000046
16 0.74 0.9132269999999999 0.10375000000000001 0.126642
16 0.7915625 0.9455910000000001 0.13812499999999994 0.10694200000000015
16 0.849375 0.964353 0.10250000000000004 0.0675420000000001
16 0.9256249999999999 0.901501 0.14249999999999996 0.13133199999999998
16 0.9325 0.9601315 0.13375000000000004 0.07786100000000006
16 0.958125 0.0 0.08250000000000002 0.141651
