12 0.0 0.377604 0.098633 0.47086232812499995
12 0.1220705 0.22591149999999996 0.19031079052734373 0.33954984440104163
12 0.379883 0.316406 0.4605670205078125 0.4227650130208334
12 0.384277 0.5970050000000001 0.45177272949218744 0.7049516497395835
12 0.5878905000000001 0.45572949999999995 0.6644648881835938 0.5540946022135416
12 0.64209 0.6445314999999999 0.716169958984375 0.7621817662760416
12 0.7387695000000001 0.48502599999999996 0.8147085454101562 0.5800974557291667
12 0.770996 0.7897135000000001 0.84299707421875 0.9000137272135418
12 0.8408205 0.298177 0.8985928862304687 0.3785177486979167
12 0.909668 0.8404945000000001 0.9649316523437501 0.9233846061197918
