0 0.2933965 0.7301135 0.31858147998046876 0.7801763036764706
0 0.4245285 0.5042615 0.4580764213867187 0.5589174389705883
0 0.42358450000000003 0.4161930000000001 0.4505293432617188 0.46529695147058825
0 0.471698 0.56108 0.501426357421875 0.6071298823529412
0 0.4726415 0.38636349999999997 0.49953843603515624 0.43409081838235297
0 0.487736 0.46448900000000004 0.5165046953125 0.5135219279411765
0 0.5301885 0.383523 0.5598592377929688 0.43977699558823524
0 0.5349055 0.5511365 0.5598546313476562 0.6014625051470588
0 0.560377 0.477273 0.5956787568359375 0.5362301279411764
0 0.7113205 0.759943 0.7521353510742187 0.8113824367647059
0 0.74434 0.661932 0.79361310546875 0.7262995705882354
