9 0.8631249999999999 0.5028125 0.9266571044921875 0.5532589721679687
9 0.1403125 0.56125 0.19986297607421877 0.623826904296875
9 0.329375 0.6759375000000001 0.3896783447265625 0.7418399047851563
9 0.334375 0.6021875 0.3877984619140625 0.6425369262695312
9 0.3571875 0.5375 0.41152618408203123 0.58822509765625
9 0.45718749999999997 0.7278125 0.5258035278320312 0.7980392456054687
9 0.44781249999999995 0.59125 0.5020626831054686 0.646297607421875
9 0.633125 0.475 0.6843817138671876 0.5351611328125
9 0.693125 0.7834375 0.7599481201171875 0.8511099243164063
9 0.658125 0.416875 0.6781072998046874 0.4445928955078125
9 0.73 0.4128125 0.780537109375 0.46897186279296876
9 0.7324999999999999 0.5271875 0.78553466796875 0.5882351684570313
9 0.7553125 0.35125 0.7786373901367188 0.369656982421875
9 0.78 0.4778125 0.80048828125 0.4995333862304687
9 0.82375 0.379375 0.882945556640625 0.4483795166015625
9 0.8825000000000001 0.411875 0.91476318359375 0.45647277832031247
