10 0.474375 0.7265625 0.15250000000000002 0.11187499999999995
10 0.14125000000000001 0.5621875 0.11750000000000001 0.128125
10 0.3309375 0.674375 0.11812500000000004 0.13
10 0.33625 0.5990625 0.09750000000000003 0.08187500000000003
10 0.3565625 0.5403125 0.10812500000000003 0.08687499999999998
10 0.44718749999999996 0.5821875 0.10062500000000002 0.109375
10 0.6325000000000001 0.48031250000000003 0.10249999999999992 0.11812500000000004
10 0.6896875 0.7878125 0.10812500000000003 0.13812500000000005
10 0.673125 0.42562500000000003 0.05125000000000002 0.07375000000000004
10 0.7309375 0.5196875 0.12812500000000004 0.11812499999999998
10 0.7340625000000001 0.4128125 0.083125 0.10562500000000002
10 0.7581249999999999 0.3471875 0.05625000000000002 0.03562500000000002
10 0.825625 0.3803125 0.11249999999999993 0.13312500000000005
10 0.8459375 0.5 0.12312499999999993 0.13624999999999998
10 0.8928125 0.4128125 0.04937499999999995 0.09562500000000002
