5 0.0 0.304375 0.093333 0.05249999999999999
5 0.1691665 0.0821875 0.198333 0.053125
5 0.29791700000000004 0.7675000000000001 0.2775000000000001 0.29874999999999996
5 0.2966665 0.44781249999999995 0.256667 0.28562499999999996
5 0.43124999999999997 0.17875 0.320834 0.16375
5 0.45083350000000005 0.8184374999999999 0.16833299999999998 0.17937499999999995
5 0.7999999999999999 0.579375 0.39833400000000013 0.17624999999999996
5 0.7833335 0.2575 0.32833300000000004 0.20125000000000004
5 0.8391665 0.7971875 0.11166700000000003 0.318125
5 0.9445834999999999 0.7493749999999999 0.10916700000000008 0.14
