13 0.7465625 0.23733599999999996 0.7998959350585938 0.3223545095168375
13 0.2021875 0.263602 0.24605255126953124 0.33075805270863834
13 0.19124999999999998 0.1941835 0.222938232421875 0.24174169033674964
13 0.2265625 0.337711 0.2822787475585937 0.4263345475841874
13 0.26625 0.198874 0.293489990234375 0.23047782284041
13 0.3046875 0.2335835 0.3397024536132813 0.2820220036603221
13 0.3365625 0.3222325 0.39592132568359373 0.405719210102489
13 0.3725 0.43058199999999996 0.43963623046875 0.5068745724743776
13 0.37312500000000004 0.224203 0.3996356201171875 0.26702673792093706
13 0.45749999999999996 0.31425899999999996 0.50705322265625 0.3972888843338213
13 0.528125 0.209662 0.5813592529296875 0.296128027818448
13 0.5634375 0.3536585 0.6150747680664063 0.4338161983894583
13 0.63 0.22044999999999995 0.681259765625 0.30549323279648605
13 0.67375 0.4066605 0.7299670410156249 0.4900235966325036
13 0.7909375000000001 0.4202625 0.8567276000976562 0.5143936815519767
13 0.82875 0.3231705 0.852940673828125 0.369132836749634
