9 0.0 0.1726565 0.064062 0.07656300000000002
9 0.0 0.2664065 0.12031199999999999 0.13906300000000002
9 0.0 0.086719 0.145313 0.120312
9 0.144531 0.158594 0.16093800000000003 0.16406199999999999
9 0.4929685 0.421094 0.579687 0.457812
9 0.383594 0.17499949999999997 0.20156199999999996 0.084375
9 0.4234375 0.7757814999999999 0.25312500000000004 0.245313
9 0.3914065 0.0 0.16718699999999997 0.16406199999999999
9 0.5609375000000001 0.1078125 0.16562500000000002 0.212499
9 0.7289065 0.665625 0.16406300000000007 0.23124999999999996
9 0.8242185000000001 0.0 0.20468700000000006 0.221875
9 0.9593754999999999 0.1820315 0.078125 0.17031300000000005
9 0.9632814999999999 0.0 0.07031299999999996 0.1125
