16 0.8659375 0.235 0.25187499999999996 0.3549999999999999
16 0.1178125 0.41291649999999996 0.235625 0.384167
16 0.26375 0.8770835 0.3025 0.24416700000000002
16 0.321875 0.6062500000000001 0.34375 0.394166
16 0.3103125 0.26375 0.180625 0.3325
16 0.5253125 0.30624999999999997 0.360625 0.594166
16 0.526875 0.8308335000000001 0.2675 0.3366670000000001
16 0.593125 0.5783335 0.19874999999999998 0.3016670000000001
16 0.7709375 0.7145829999999999 0.34187500000000004 0.5324999999999999
16 0.691875 0.317083 0.11250000000000004 0.2775
16 0.7949999999999999 0.49500000000000005 0.22749999999999992 0.196666
16 0.8509375 0.8695835000000001 0.21562499999999996 0.25916700000000015
