0 0.55125 0.5330884999999999 0.598211669921875 0.6141251671449066
0 0.556875 0.4067095 0.6019561767578125 0.48471048565279773
0 0.5896875 0.6769299999999999 0.6431741333007813 0.7720067948350072
0 0.6471875 0.3529415 0.6837429809570312 0.4351556276901004
0 0.670625 0.48575349999999995 0.7174700927734375 0.5691560796269727
0 0.6881250000000001 0.625 0.7374530029296875 0.702228299856528
0 0.714375 0.759191 0.7643023681640625 0.8435797733142038
0 0.76125 0.407629 0.809256591796875 0.4745991664275466
0 0.77875 0.5519299999999999 0.823614501953125 0.6333991348637015
0 0.8740625 0.4898894999999999 0.9191464233398438 0.5617971456241033
0 0.9168750000000001 0.6112129999999999 0.9653546142578125 0.6893800803443328
