2 0.025 0.594544 0.238125 0.8626530000000001
2 0.11375 0.8795860000000002 0.244375 0.999059
2 0.148125 0.0 0.340625 0.232361
2 0.184375 0.25493899999999997 0.27875 0.388523
2 0.284375 0.42333000000000004 0.445625 0.675447
2 0.298125 0.629351 0.494375 0.9200379999999999
2 0.32125 0.177799 0.4825 0.41486399999999996
2 0.344375 0.010348 0.491875 0.183443
2 0.394375 0.857008 0.590625 0.999059
2 0.47125 0.0 0.61875 0.155221
2 0.494375 0.270931 0.63 0.39793000000000006
2 0.54 0.349953 0.7525 0.625588
2 0.603125 0.827846 0.810625 0.999059
2 0.63 0.062088000000000004 0.74125 0.241769
2 0.68 0.571025 0.818125 0.793039
2 0.725 0.0 0.868125 0.11665100000000002
2 0.751875 0.32455300000000004 0.859375 0.49576699999999996
2 0.82125 0.745061 0.999375 0.9435560000000001
2 0.83625 0.914393 0.999375 0.999059
2 0.916875 0.0 0.963125 0.10442100000000001
2 0.970625 0.076199 0.999375 0.287865
