6 0.0528125 0.5419025 0.09182342529296875 0.6338550845588236
6 0.16781249999999998 0.8893595 0.20358612060546874 0.953494118382353
6 0.20406249999999998 0.653484 0.21980072021484376 0.683595994117647
6 0.235 0.9180789999999999 0.25602050781249996 0.9572188838235294
6 0.24156249999999999 0.5880415 0.25351409912109374 0.6215462330882353
6 0.3115625 0.788136 0.3478207397460938 0.8613649764705882
6 0.4046875 0.6967985 0.4383547973632812 0.7598042963235293
6 0.4096875 0.43314499999999995 0.4277249145507812 0.4720560220588235
6 0.415625 0.0 0.4395941162109375 0.09887
6 0.423125 0.21327700000000002 0.45333679199218746 0.28499735735294124
6 0.446875 0.3549905 0.4664385986328125 0.3874249551470589
6 0.4675 0.714689 0.48766845703125 0.7437699867647058
6 0.49874999999999997 0.0 0.517637939453125 0.051789
6 0.5109375 0.47269300000000003 0.5407510375976563 0.547327863235294
6 0.5278125 0.2113935 0.5676095581054688 0.2737001272058823
6 0.555625 0.46421850000000003 0.5738323974609375 0.4899013257352941
6 0.604375 0.506591 0.6250347900390625 0.5727010132352941
6 0.7171875 0.2914315 0.7761746215820312 0.4336584242647059
6 0.688125 0.579096 0.7118280029296875 0.6300333882352941
6 0.73 0.5955745000000001 0.744287109375 0.634717155147059
6 0.8765625 0.36393600000000004 0.8935189819335938 0.4090698
6 0.9375 0.44774 0.98970947265625 0.5417145588235295
6 0.968125 0.0 0.9984295654296875 0.12146900000000001
