8 0.0 0.5159475 0.019375 0.5527155863836019
8 0.071875 0.628987 0.10742980957031249 0.7664340819912152
8 0.060312500000000005 0.4901500000000001 0.07806610107421875 0.5799573572474378
8 0.120625 0.5300185 0.1448822021484375 0.5798989846266472
8 0.151875 0.6261729999999999 0.17922668457031252 0.7551812020497802
8 0.17625000000000002 0.530488 0.205452880859375 0.5855272972181553
8 0.26 0.6271105 0.28787109375000003 0.7495508294289895
8 0.353125 0.6200749999999999 0.37903015136718754 0.7645701303074669
8 0.4309375 0.6135084999999999 0.4527041625976562 0.7495707445095167
8 0.57125 0.3517825 0.5963171386718751 0.38972894509516837
8 0.6234375000000001 0.542683 0.6593911743164063 0.7477984421669107
8 0.813125 0.623358 0.9985809326171875 0.9803253235724741
8 0.6725 0.540338 0.70809326171875 0.7374828755490482
8 0.6665625 0.430113 0.6730990600585937 0.4946802591508053
8 0.69875 0.41463449999999996 0.718692626953125 0.5059599216691069
