11 0.130719 0.5661765 0.23680034472656253 0.6938910932617187
11 0.125817 0.36356199999999994 0.22536713183593748 0.46696495898437496
11 0.038399 0.8790849999999999 0.0489825009765625 0.9109065185546874
11 0.0653595 0.7753269999999999 0.09960917236328125 0.8668898447265625
11 0.2263075 0.9044114999999999 0.39030199658203124 0.9729727856445312
11 0.412582 0.272876 0.667898087890625 0.52097551953125
11 0.24754900000000002 0.5792485 0.2644642529296875 0.6219833276367188
11 0.42728750000000004 0.7875815 0.5845497270507812 0.9469428774414064
11 0.44035949999999996 0.9526144999999999 0.4963019614257812 0.9696577124023437
11 0.616013 0.9387255 0.7265224248046875 0.9729392758789062
11 0.7516339999999999 0.628268 0.9698539824218749 0.9470984570312501
11 0.6004905 0.037582000000000004 0.6595445834960938 0.058787298828125
11 0.659314 0.0767975 0.685631138671875 0.10940200244140626
11 0.781863 0.0800655 0.9044654619140625 0.13717681103515625
11 0.9370915000000001 0.0498365 0.9680388715820314 0.07511433154296875
