4 0.11874950000000001 0.490909 0.22957103369140625 0.7290730698051948
4 0.11953100000000001 0.0 0.23113327050781252 0.12987
4 0.090625 0.881818 0.1561614990234375 0.9881784772727272
4 0.23906300000000003 0.19480499999999998 0.36070454003906255 0.3763067581168831
4 0.248438 0.761039 0.366945384765625 0.9494135470779221
4 0.3984375 0.43116899999999997 0.5277359008789062 0.6122870503246752
4 0.460156 0.8103895 0.56361262890625 0.9882944326298699
4 0.510156 0.18051949999999997 0.62450180078125 0.34775894886363634
4 0.5367190000000001 0.5922075 0.5916638603515626 0.6925446241883118
4 0.5867184999999999 0.37012999999999996 0.6416140327148437 0.5006981396103894
4 0.674219 0.7948055 0.7899665830078125 0.9779307313311686
4 0.705469 0.12337649999999999 0.7946240654296876 0.24135771347402593
4 0.705469 0.6675325 0.7914990654296875 0.7651503433441558
4 0.7156255 0.36493499999999995 0.7946141469726563 0.521485573051948
4 0.842187 0.6 0.9257395517578126 0.7444809740259739
4 0.8671875 0.3207795 0.9585281372070312 0.4488302540584415
4 0.8953120000000001 0.12207799999999999 0.9881876718750001 0.23356782142857144
4 0.9624999999999999 0.423377 0.99593505859375 0.5577546996753246
