7 0.047386000000000005 0.045752 0.22222199999999998 0.24836599999999998
7 0.053922000000000005 0.575163 0.326797 0.985294
7 0.05719 0.642157 0.137255 0.740196
7 0.104575 0.848039 0.191176 0.955882
7 0.109477 0.578431 0.184641 0.665033
7 0.179739 0.795752 0.261438 0.8872549999999999
7 0.184641 0.637255 0.287582 0.7320260000000001
7 0.199346 0.870915 0.292484 0.985294
7 0.240196 0.7385619999999999 0.330065 0.833333
7 0.37254899999999996 0.882353 0.457516 0.9722219999999999
7 0.42483699999999996 0.8398690000000001 0.48529399999999995 0.94281
7 0.447712 0.8267969999999999 0.544118 0.9509799999999999
7 0.637255 0.751634 0.7026140000000001 0.831699
7 0.7156859999999999 0.41993500000000006 0.978758 0.699346
