0 0.174375 0.5084195 0.2779547119140625 0.6334957817518247
0 0.21437499999999998 0.7319925 0.3335406494140625 0.836162397810219
0 0.27531249999999996 0.5313375 0.39098114013671875 0.6446873248175182
0 0.2815625 0.3246025 0.39847503662109374 0.4691241277372262
0 0.42718749999999994 0.251637 0.5433328247070313 0.36726564671532846
0 0.4090625 0.811974 0.49085052490234377 0.9305266364963506
0 0.45562499999999995 0.4597755 0.5789300537109374 0.614857794890511
0 0.474375 0.676333 0.5664117431640625 0.8035026525547445
0 0.5665625 0.433115 0.6556967163085937 0.5400597153284672
0 0.6390625000000001 0.8129095 0.7943759155273438 0.9978782708029196
0 0.625625 0.14312450000000002 0.7343890380859375 0.2308480591240876
0 0.728125 0.36950400000000005 0.8786639404296875 0.5279915781021899
0 0.7440625000000001 0.546305 0.8798983764648437 0.7354044744525547
