0 0.22343800000000003 0.665625 0.29821979882812505 0.7337249755859375
0 0.361719 0.733594 0.4496467587890625 0.8180335996093749
0 0.382031 0.5648434999999999 0.4371269228515625 0.6416353950195312
0 0.467187 0.603906 0.5698557626953126 0.690035248046875
0 0.40234400000000003 0.47265650000000003 0.4386700859375 0.5261014213867188
0 0.48828099999999997 0.4875005 0.5635851630859374 0.5448369252929688
0 0.53125 0.739844 0.633856201171875 0.84146549609375
0 0.583594 0.49687499999999996 0.6541180839843751 0.5948267705078124
0 0.630469 0.6414059999999999 0.7025093076171876 0.730623626953125
0 0.7023440000000001 0.7617185 0.7602521171875 0.8195681342773438
0 0.7046875 0.19375 0.7524368286132813 0.245122791015625
0 0.742969 0.6374995 0.8227124443359374 0.7040644418945312
0 0.7671874999999999 0.210156 0.7930007934570312 0.24979476953125
0 0.8203125 0.24375 0.8585739135742188 0.296636962890625
0 0.930469 0.239844 0.9787793388671874 0.28726577734375
0 0.9757815 0.2507815 0.9974850883789061 0.30913009619140625
