6 0.25625 0.6953050000000001 0.35974975585937496 0.9980414912023463
6 0.4853125 0.4267605 0.5682760620117188 0.6754302514662757
6 0.6584375 0.24553950000000002 0.6724819946289062 0.2719399714076246
6 0.693125 0.8413145000000001 0.7399481201171875 0.9978274010263932
6 0.6653125 0.6154930000000001 0.6793502807617188 0.6404125175953078
6 0.6690625 0.148357 0.6812216186523438 0.1781864677419355
6 0.6996875 0.23615000000000003 0.7105667114257813 0.2531747390029325
6 0.7096875 0.29061 0.7174319458007813 0.30473788563049853
6 0.9540625 0.8605634999999998 0.9678182983398438 0.8841841766862168
6 0.9759375 0.9497654999999999 0.9846719360351562 0.9704383819648092
6 0.9924999999999999 0.9647885 0.9984057617187501 0.9863783541055718
