1 0.2025 0.17833800000000002 0.266875 0.276377
1 0.2025 0.457516 0.278125 0.7161529999999999
1 0.29125 0.314659 0.395 0.504202
1 0.3 0.247432 0.4875 0.5023340000000001
1 0.32625 0.294118 0.331875 0.30719
1 0.3275 0.26704 0.336875 0.28011199999999997
1 0.371875 0.49393100000000006 0.415625 0.605042
1 0.379375 0.23809499999999997 0.481875 0.435107
1 0.433125 0.36041100000000004 0.615625 0.630252
1 0.44125 0.462185 0.485625 0.626517
1 0.581875 0.708683 0.671875 0.874883
1 0.630625 0.36227800000000004 0.685625 0.48272600000000004
1 0.770625 0.507937 0.784375 0.561158
1 0.824375 0.329599 0.84625 0.41176499999999994
1 0.888125 0.353875 0.9175 0.4183010000000001
1 0.905 0.38095200000000007 0.95375 0.43323999999999996
1 0.91 0.515406 0.928125 0.555556
1 0.9775 0.392157 0.996875 0.437909
