4 0.480625 0.4679165 0.5545306396484375 0.5702237337239584
4 0.1196875 0.6862499999999999 0.18675811767578127 0.7741064453125001
4 0.1365625 0.3091665 0.19736663818359376 0.387097439453125
4 0.2153125 0.135417 0.28228973388671874 0.22399067578125
4 0.21531250000000002 0.58625 0.2797897338867188 0.6675696536458333
4 0.2496875 0.39875 0.31475616455078126 0.4836477942708333
4 0.2740625 0.7345835 0.33535736083984374 0.8240435110677082
4 0.308125 0.22125000000000003 0.3671990966796875 0.31471191406250004
4 0.33375 0.5341665 0.411549072265625 0.636804470703125
4 0.35250000000000004 0.9025000000000002 0.42840576171875 0.9979918697916667
4 0.37875000000000003 0.370417 0.439630126953125 0.43868468619791673
4 0.4 0.2366665 0.474609375 0.33552484049479164
4 0.40125 0.7154165 0.474608154296875 0.8224014680989584
4 0.45687500000000003 0.141667 0.5158038330078125 0.22148253776041663
4 0.503125 0.8379165000000001 0.5620086669921875 0.927241962890625
4 0.515625 0.2891665 0.5713714599609375 0.37462348111979166
4 0.5278125 0.64125 0.5944845581054687 0.7274980390625
4 0.593125 0.142083 0.6619207763671875 0.23064799609374997
4 0.6190625000000001 0.402917 0.6912704467773437 0.4986423684895834
4 0.6234375 0.7762500000000001 0.6925161743164062 0.8648222578125
4 0.6375 0.931667 0.69500244140625 0.9979538919270835
4 0.6621874999999999 0.5904170000000001 0.7274783325195313 0.6808982278645833
4 0.7384375000000001 0.2479165 0.8011538696289062 0.33717719205729174
4 0.7565625 0.715417 0.8267611694335938 0.8082354674479166
