6 0.1359375 0.33416699999999994 0.14611724853515623 0.34373188671875
6 0.323125 0.7258334999999999 0.4590594482421875 0.9332219042968749
6 0.290625 0.21666700000000003 0.38909118652343755 0.31388488151041666
6 0.4709375 0.60375 0.5032901000976563 0.6642138671875001
6 0.5278125 0.529583 0.5344845581054688 0.5376434388020833
6 0.5434375 0.5379165 0.5500942993164063 0.550132587890625
6 0.558125 0.5195835 0.5663299560546875 0.529323458984375
6 0.6128125 0.5054164999999999 0.6387765502929688 0.5426749055989583
6 0.6312500000000001 0.1591665 0.653758544921875 0.203125751953125
6 0.671875 0.62 0.7255938720703125 0.7200257083333333
