0 0.0 0.785 0.0375 0.8173108645833334
0 0.0 0.730833 0.04375 0.7523813945312501
0 0.06125 0.9620835 0.099940185546875 0.9979142871093751
0 0.0784375 0.7775 0.10742340087890624 0.8039876302083333
0 0.0840625 0.7091664999999999 0.11366790771484375 0.7399096061197916
0 0.1390625 0.7558335 0.18111419677734375 0.783182841796875
0 0.1540625 0.9491670000000001 0.20047454833984374 0.9979311054687501
0 0.1428125 0.7195835 0.17423553466796876 0.7382300423177083
0 0.231875 0.93125 0.2641485595703125 0.9879544348958333
0 0.28531249999999997 0.8908330000000001 0.3090963745117188 0.9496730611979166
0 0.31375 0.8562499999999998 0.32844360351562496 0.8980520911458333
0 0.328125 0.8383335000000001 0.3428045654296875 0.881408419921875
0 0.33187500000000003 0.814167 0.34405090332031246 0.84810688671875
