4 0.2353125 0.4854855 0.35289520263671875 0.6518932417840375
4 0.2278125 0.23623600000000003 0.31977752685546873 0.3509813035993741
4 0.3634375 0.6796795000000001 0.5390200805664063 0.9568943388106417
4 0.3778125 0.2897895 0.44400604248046877 0.40795449530516437
4 0.52125 0.22021999999999997 0.608865966796875 0.3470023677621283
4 0.55 0.856857 0.634462890625 0.9976580657276996
4 0.6078125000000001 0.36686699999999994 0.7012814331054688 0.5069338732394365
4 0.6012500000000001 0.7832835 0.6731628417968749 0.9186942042253521
4 0.6084375 0.5610609999999999 0.6681558227539062 0.6627859702660407
4 0.6231249999999999 0.23223200000000002 0.6818914794921875 0.2849215696400626
