6 0.0 0.0 0.084375 0.65
6 0.16375 0.4145835 0.241090087890625 0.571960177734375
6 0.2909375 0.2908335 0.3215908813476563 0.313788310546875
6 0.443125 0.5516665 0.6139422607421875 0.7092816842447917
6 0.303125 0.7174999999999999 0.3197039794921875 0.7398987552083334
6 0.7071875000000001 0.54125 0.7168093872070312 0.5701282473958335
6 0.755625 0.5383335 0.7736370849609375 0.5867990449218751
6 0.81 0.600417 0.8310839843750001 0.6458852070312501
6 0.8512500000000001 0.6083335000000001 0.856668701171875 0.6292078990885417
6 0.889375 0.5533335 0.9047564697265625 0.5809465136718751
