16 0.3928125 0.511111 0.22812499999999997 0.182906
16 0.1015625 0.5568375000000001 0.19437500000000002 0.20085499999999987
16 0.0728125 0.35427349999999996 0.109375 0.15811899999999998
16 0.18875 0.8004275000000002 0.21749999999999997 0.3307690000000001
16 0.17124999999999999 0.2833335 0.10124999999999999 0.15982900000000003
16 0.21500000000000002 0.42991450000000003 0.09875000000000003 0.126495
16 0.2978125 0.19145299999999998 0.11812500000000001 0.11624
16 0.2796875 0.3491455 0.071875 0.08119700000000003
16 0.489375 0.9307690000000002 0.16250000000000003 0.1367520000000001
16 0.5128125 0.2615385 0.18687499999999996 0.140171
16 0.521875 0.405983 0.11249999999999999 0.11794799999999993
16 0.6799999999999999 0.37606850000000003 0.15000000000000002 0.19829100000000005
16 0.6853125 0.236752 0.11687500000000006 0.07350399999999996
16 0.7703125 0.6769229999999999 0.13312500000000005 0.2273499999999999
16 0.891875 0.8730770000000001 0.21499999999999997 0.252136
16 0.8471875 0.17051300000000003 0.12312499999999993 0.058974
16 0.88 0.3213675 0.11874999999999991 0.12649500000000002
16 0.9259375 0.2192305 0.11937500000000001 0.11538499999999997
16 0.9299999999999999 0.480342 0.1137499999999999 0.2
16 0.9625 0.326496 0.07374999999999998 0.19316200000000003
