12 0.74271 0.642494 0.999142 0.8447839999999999
12 0.878592 0.478372 0.140652 0.6743
12 0.026587 0.235369 0.071184 0.28117
12 0.10463099999999999 0.239186 0.126072 0.264631
12 0.131218 0.223919 0.168954 0.284987
12 0.161235 0.4249359999999999 0.301887 0.594148
12 0.18867899999999999 0.227735 0.23584899999999998 0.279898
12 0.229846 0.239186 0.267581 0.276081
12 0.241852 0.19338399999999997 0.294168 0.264631
12 0.303602 0.36386799999999997 0.433962 0.5572520000000001
12 0.616638 0.360051 0.999142 0.8282440000000001
