13 0.085547 0.5636115 0.1553854580078125 0.6638795615384616
13 0.173047 0.5629275000000001 0.2037370087890625 0.6296807307692308
13 0.1828125 0.5745555000000001 0.20372747216796874 0.629660853846154
13 0.208594 0.6354305 0.25135929492187503 0.704795794017094
13 0.31875 0.5745555000000001 0.36218872070312497 0.6570208538461539
13 0.33632799999999996 0.46511650000000004 0.3777965546875 0.501256929059829
13 0.334375 0.6217509999999999 0.3582674619140625 0.6569401777777778
13 0.36875 0.5930235 0.39729589257812503 0.6734052846153846
13 0.39101549999999996 0.5 0.40586814892578127 0.5217172991452992
13 0.4453125 0.41860450000000005 0.49487812451171875 0.48765643675213677
13 0.465234 0.5656635000000001 0.5323576699218749 0.6802920538461538
13 0.5105470000000001 0.47332450000000004 0.5416894189453125 0.5244988982905984
13 0.558594 0.6108070000000001 0.6072674980468751 0.6911578854700855
13 0.6023434999999999 0.5588235 0.6556617739257813 0.6666237461538462
13 0.625 0.4117645 0.6884516484375 0.508188129059829
13 0.7027345 0.5348835000000001 0.7446267358398437 0.6051046692307693
13 0.6882815 0.6354305 0.7102658500976562 0.6993237940170941
13 0.7757814999999999 0.621067 0.8351804008789062 0.697980347008547
13 0.7578125 0.5239400000000001 0.7836349487304688 0.5490363760683761
13 0.8203125 0.5813955000000001 0.8312299135742187 0.6597451615384616
13 0.8765625000000001 0.581395 0.9358629819335939 0.6871041623931624
