16 0.0 0.6356185 0.2825 0.360655
16 0.0 0.7470195 0.48875 0.5044709999999999
16 0.0 0.5007449999999999 0.999375 0.9970199999999999
16 0.114375 0.2213115 0.21875 0.335321
16 0.1940625 0.3308495 0.32687499999999997 0.393443
16 0.306875 0.0905365 0.35124999999999995 0.17660300000000004
16 0.3459375 0.42213150000000005 0.339375 0.40014900000000003
16 0.4365625 0.17809199999999997 0.290625 0.23844999999999997
16 0.6799999999999999 0.7812965 0.63875 0.43591699999999983
16 0.5203125 0.639955 0.241875 0.16617
16 0.6071875 0.5499255000000001 0.28062500000000007 0.394933
16 0.8403125 0.418405 0.318125 0.413562
