0 0.4621875 0.4958335 0.48892364501953123 0.5418543834635416
0 0.496875 0.41833349999999997 0.5338897705078125 0.44862229492187494
0 0.515 0.6716669999999999 0.5582470703125 0.77079243359375
0 0.5259375 0.50625 0.5776113891601562 0.5660078203125
0 0.558125 0.78875 0.6138299560546875 0.8598059817708332
0 0.53625 0.3825 0.568851318359375 0.435334953125
0 0.55125 0.30125 0.593211669921875 0.3421077473958334
0 0.5803125 0.69125 0.6050582885742187 0.7357669348958334
0 0.5774999999999999 0.37875 0.59568603515625 0.4228398359375
0 0.6221875 0.544167 0.6743923950195313 0.59845844921875
0 0.6015625 0.42958349999999995 0.6306625366210937 0.481940646484375
0 0.6434375 0.79875 0.6993716430664062 0.8547929609374999
0 0.6409374999999999 0.6587500000000001 0.6924990844726563 0.7208092526041666
0 0.631875 0.46333350000000006 0.6693829345703125 0.5210637011718751
0 0.6375 0.7258334999999999 0.67687744140625 0.758221904296875
