10 0.118125 0.5975725 0.1475 0.24463099999999996
10 0.165625 0.15639550000000002 0.135 0.20074700000000004
10 0.23281249999999998 0.7152194999999999 0.16187499999999996 0.220355
10 0.24375000000000002 0.919701 0.17250000000000001 0.15873
10 0.4778125 0.814192 0.179375 0.229692
10 0.6159375 0.9169 0.171875 0.16433200000000012
10 0.6581250000000001 0.5504199999999999 0.15875000000000006 0.22128800000000004
10 0.63375 0.1610645 0.09250000000000003 0.18767500000000006
10 0.6915625000000001 0.338002 0.145625 0.22408999999999998
10 0.9056249999999999 0.6111110000000001 0.16125 0.21755399999999986
