4 0.0 0.482083 0.180625 0.5952052877604167
4 0.09718750000000001 0.222083 0.17803009033203127 0.3305438294270833
4 0.2396875 0.7516665000000001 0.36476593017578124 0.934021267578125
4 0.3265625 0.0 0.4140560913085937 0.14666700000000002
4 0.374375 0.32708299999999996 0.4708843994140625 0.4579071106770833
4 0.5434375 0.5375 0.6513442993164062 0.6643001302083333
4 0.575625 0.862917 0.6863128662109376 0.99804341015625
4 0.55875 0.0 0.6319543457031249 0.148333
4 0.9 0.8300000000000001 0.99849609375 0.9922522708333333
4 0.9471875000000001 0.40375 0.9984500122070312 0.5353072838541667
