0 0.366406 0.760937 0.435579181640625 0.8164438974609375
0 0.1546875 0.48046900000000003 0.21547393798828127 0.5292187919921876
0 0.16249999999999998 0.396094 0.22640330859375 0.455863189453125
0 0.169531 0.5851565 0.2279594423828125 0.6478665581054687
0 0.2148435 0.34843749999999996 0.24822719189453124 0.37778472900390625
0 0.24140650000000002 0.2820315 0.2903892514648438 0.32784957861328123
0 0.5140629999999999 0.449219 0.8229359853515624 0.7401863095703125
0 0.267187 0.696875 0.3169260751953125 0.7383814580078125
0 0.30937499999999996 0.2796875 0.3418848759765625 0.3309768676757812
0 0.37890599999999997 0.22187449999999997 0.435566974609375 0.24822032568359373
0 0.4007815 0.1796875 0.4308586118164063 0.19669952392578124
0 0.47187500000000004 0.159375 0.5089141845703126 0.1873443603515625
0 0.510938 0.7929685 0.572939037109375 0.8617256166992188
0 0.5335935 0.16718699999999997 0.5822909125976562 0.20139873144531248
0 0.5968745 0.17578100000000002 0.6291041147460937 0.2138903388671875
0 0.6328125 0.809375 0.6884440190429687 0.8492095947265624
0 0.6953125 0.20703100000000002 0.7461959838867187 0.26229782128906254
0 0.739844 0.7796875 0.7992774960937501 0.8179885864257812
0 0.7492190000000001 0.2648435 0.7914563408203125 0.32005336376953125
0 0.8054685 0.34140650000000006 0.8601504096679689 0.4074795952148438
0 0.7976565 0.71875 0.8382840385742186 0.768048095703125
0 0.8570310000000001 0.6265625 0.9444750556640625 0.6759501225585938
0 0.8648435 0.4375 0.9147804262695313 0.48863475390625
0 0.8757815 0.35781300000000005 0.9007077446289061 0.3855885732421875
0 0.8945314999999999 0.5531250000000001 0.9335014340820312 0.6025848388671875
0 0.9109375 0.471875 0.9428604125976562 0.5057891845703125
