0 0.39156250000000004 0.3339605 0.46461761474609375 0.4275428816176471
0 0.0 0.6453435 0.1375 0.7281199654411764
0 0.0 0.470367 0.14375 0.5496372838235294
0 0.0 0.2916275 0.168125 0.3702201360294117
0 0.64 0.896049 0.13312500000000002 0.9977412808823531
0 0.1040625 0.0 0.17802337646484376 0.18908699999999995
0 0.2059375 0.9280335 0.28604888916015625 0.9976942448529413
0 0.23031249999999998 0.0 0.2897750854492187 0.146754
0 0.3315625 0.5164625 0.4115512084960937 0.6088354963235295
0 0.375 0.0 0.4521337890625 0.148636
0 0.4553125 0.6571025 0.5214303588867187 0.7977166727941178
0 0.5059374999999999 0.4661335 0.6007559204101562 0.5515255095588235
0 0.526875 0.0 0.5969854736328125 0.164628
0 0.7025 0.0 0.77618896484375 0.199436
0 0.8075 0.177328 0.91421142578125 0.2781962235294118
0 0.8075 0.35841999999999996 0.8923364257812499 0.4284479117647058
0 0.8378125000000001 0.4990595 0.9260568237304687 0.6107430889705883
