2 0.244141 0.279948 0.316406 0.36979200000000007
2 0.308594 0.35416700000000007 0.34179699999999996 0.419271
2 0.337891 0.31901 0.37988299999999997 0.38020799999999993
2 0.40429699999999996 0.308594 0.44043000000000004 0.377604
2 0.42285200000000006 0.414062 0.455078 0.460938
2 0.47949200000000003 0.403646 0.513672 0.440104
2 0.604492 0.592448 0.6679689999999999 0.645833
2 0.68457 0.151042 0.7382810000000001 0.227865
2 0.798828 0.098958 0.8369139999999999 0.177083
2 0.813477 0.177083 0.8662110000000001 0.248698
2 0.842773 0.260417 0.8974610000000001 0.317708
2 0.9199219999999999 0.298177 0.983398 0.356771
2 0.9238280000000001 0.654948 0.9755860000000001 0.717448
2 0.948242 0.50651 0.999023 0.592448
2 0.972656 0.238281 0.999023 0.308594
