16 0.8053125 0.2012195 0.14187499999999997 0.244841
16 0.4925 0.488743 0.09999999999999998 0.150094
16 0.5846875 0.20028150000000003 0.135625 0.158537
16 0.5853125 0.9277675000000001 0.11937500000000001 0.14258900000000016
16 0.6003125 0.5098500000000001 0.11562499999999998 0.10787999999999996
16 0.6746875 0.5323640000000001 0.07187499999999991 0.19418399999999994
16 0.7053125 0.9287055000000002 0.12062499999999998 0.14071300000000003
16 0.7290625 0.6106940000000001 0.13687499999999997 0.2176360000000001
16 0.878125 0.6013135 0.15125 0.2476550000000001
16 0.8853125 0.9362100000000001 0.09312500000000001 0.12570400000000012
16 0.9353125 0.5337715 0.06812499999999999 0.206379
