6 0.66375 0.660833 0.926875 0.990833
6 0.0 0.25 0.05125 0.3625
6 0.0 0.022500000000000003 0.066875 0.135
6 0.0 0.338333 0.09125 0.5825
6 0.0 0.751667 0.118125 0.999167
6 0.0 0.09000000000000001 0.159375 0.305
6 0.01125 0.0 0.146875 0.055833
6 0.025 0.484167 0.223125 0.7925
6 0.044375 0.014166999999999999 0.189375 0.148333
6 0.070625 0.164167 0.28375 0.453333
6 0.08875 0.9216669999999999 0.2025 0.999167
6 0.10125 0.9425 0.260625 0.999167
6 0.156875 0.0 0.309375 0.135
6 0.194375 0.29 0.393125 0.5725
6 0.20875 0.548333 0.308125 0.77
6 0.235625 0.078333 0.393125 0.295
6 0.285 0.5275 0.548125 0.8649999999999999
6 0.345625 0.19000000000000003 0.515 0.41583299999999995
6 0.375 0.0 0.5525 0.08833300000000001
6 0.391875 0.022500000000000003 0.583125 0.2075
6 0.456875 0.8925 0.686875 0.999167
6 0.469375 0.3625 0.715 0.698333
6 0.505625 0.110833 0.685 0.3499999999999999
6 0.52625 0.675833 0.63375 0.8475
6 0.655625 0.0 0.775625 0.13333299999999998
6 0.6725 0.15 0.9025 0.44
6 0.690625 0.475833 0.8725 0.689167
6 0.776875 0.0 0.919375 0.09000000000000001
6 0.79625 0.055833 0.999375 0.280833
6 0.854375 0.6533329999999999 0.888125 0.7275
6 0.87125 0.530833 0.999375 0.8475
6 0.91 0.0 0.999375 0.131667
