17 0.171875 0.319583 0.23750000000000002 0.28750000000000003
17 0.1978125 0.6774999999999999 0.28312499999999996 0.36666599999999994
17 0.2540625 0.15125 0.151875 0.17916600000000002
17 0.395625 0.3554165 0.22125 0.30083299999999996
17 0.3575 0.06583299999999999 0.08250000000000002 0.10499999999999998
17 0.526875 0.8458335 0.23500000000000004 0.306667
17 0.5434375 0.0825 0.18562499999999998 0.158334
17 0.6215625 0.23750000000000002 0.16937500000000005 0.21999999999999997
17 0.6184375 0.36250000000000004 0.10812500000000003 0.14333400000000004
17 0.691875 0.5466665 0.20124999999999993 0.288333
17 0.8165625 0.39000000000000007 0.22312500000000002 0.28833400000000003
