13 0.28375 0.292778 0.428472900390625 0.5472697048611112
13 0.0 0.7744445 0.173125 0.9975444782986111
13 0.3359375 0.767778 0.48154693603515625 0.9975560520833332
13 0.3828125 0.0 0.46150115966796873 0.187778
13 0.575625 0.3283335 0.7344378662109375 0.5660969765625
13 0.645 0.76 0.7762451171875 0.9886805555555556
13 0.6965625 0.198889 0.7799447631835937 0.38076570659722225
13 0.8215625 0.9249999999999999 0.9691976928710937 0.9972830972222222
13 0.8887499999999999 0.3144445 0.998507080078125 0.5016760894097223
13 0.890625 0.6855555 0.9985052490234375 0.9065877994791668
