17 0.4440625 0.8508334999999999 0.11062500000000003 0.11333300000000006
17 0.21937500000000001 0.5416664999999999 0.14750000000000002 0.16666700000000004
17 0.22312500000000002 0.2666665 0.11375000000000002 0.14833300000000002
17 0.2340625 0.39375 0.12062500000000001 0.12916599999999998
17 0.316875 0.3133335 0.11499999999999999 0.138333
17 0.32125000000000004 0.45875000000000005 0.11874999999999997 0.1425
17 0.303125 0.14375000000000002 0.07749999999999996 0.11250000000000004
17 0.3715625 0.739583 0.13187500000000002 0.1875
17 0.3728125 0.5991665 0.12437500000000001 0.15833299999999997
17 0.44156249999999997 0.47875000000000006 0.13687500000000002 0.1625
17 0.5046875 0.6070835 0.12937499999999996 0.13916700000000004
17 0.5421875 0.7420835 0.13187500000000002 0.1758329999999999
17 0.5440625 0.8583335 0.11437499999999995 0.12166699999999997
17 0.6259375 0.5595835 0.13937500000000003 0.185833
17 0.6546875 0.834167 0.12937500000000002 0.13999999999999999
17 0.6925 0.7066665 0.14625 0.15333299999999994
17 0.6871875000000001 0.285417 0.09437499999999999 0.12750000000000003
17 0.7390625 0.22125000000000003 0.08437499999999998 0.074166
17 0.8209375000000001 0.668333 0.13437500000000002 0.20000000000000004
17 0.8578125000000001 0.3216665 0.104375 0.106667
