10 0.4165625 0.8203565000000002 0.06562500000000004 0.10600299999999996
10 0.48968750000000005 0.45403399999999994 0.080625 0.08818000000000002
10 0.5584374999999999 0.6571295 0.013124999999999942 0.029080999999999923
10 0.6018749999999999 0.026735500000000002 0.053750000000000075 0.038461
10 0.6025 0.4038465 0.05500000000000005 0.05722299999999998
10 0.5871875 0.6702625 0.016874999999999973 0.025329000000000185
10 0.6256250000000001 0.6364915 0.016249999999999987 0.034709000000000025
10 0.6409374999999999 0.6758915 0.024374999999999925 0.03283300000000008
10 0.67625 0.7162289999999999 0.015000000000000013 0.04408999999999993
10 0.6903125 0.6871485 0.023125000000000062 0.03658499999999998
10 0.721875 0.227955 0.04749999999999999 0.07504600000000004
10 0.7915625 0.2204505 0.02312499999999995 0.06003699999999999
10 0.8653124999999999 0.086304 0.073125 0.06941800000000001
10 0.8596874999999999 0.57364 0.05437499999999995 0.049717999999999866
