4 0.0 0.2360405 0.07 0.32855933253968256
4 0.0 0.49746199999999996 0.1575 0.6235763777777777
4 0.090625 0.1005075 0.1430364990234375 0.19679446428571426
4 0.15375 0.5959389999999999 0.232974853515625 0.7249420650793651
4 0.2021875 0.14670049999999998 0.26105255126953125 0.24951314206349204
4 0.22781250000000003 0.41776650000000004 0.29540252685546875 0.5211638785714285
4 0.3040625 0.6177665 0.37720306396484377 0.7645014182539682
4 0.314375 0.45583749999999995 0.3828179931640625 0.5343014484126984
4 0.31375 0.1796955 0.370943603515625 0.29311576904761905
4 0.375 0.24314749999999996 0.4477587890625 0.34885305158730157
4 0.4059375 0.4086295 0.48647857666015626 0.5384373817460316
4 0.4475 0.8319794999999999 0.52706298828125 0.9641613976190476
4 0.46125000000000005 0.6116750000000001 0.5439245605468751 0.7269480873015873
4 0.5340625 0.5416245 0.6344784545898438 0.6915262785714286
4 0.56875 0.2055835 0.675694580078125 0.36515567698412704
4 0.5659375 0.815736 0.6244473266601562 0.920532180952381
4 0.6840625 0.6862945 0.7655819702148438 0.8039866436507936
4 0.6737500000000001 0.4593904999999999 0.7399670410156249 0.5647528087301587
4 0.806875 0.628934 0.8854620361328125 0.776666692063492
4 0.849375 0.4634520000000001 0.9316705322265625 0.5708383619047619
