5 0.185156 0.7025 0.255469 0.80375
5 0.465625 0.1375 0.51875 0.23000000000000004
5 0.5585939999999999 0.80375 0.610156 0.9025000000000001
5 0.5742189999999999 0.7025 0.6375 0.7975
5 0.686719 0.2625 0.753125 0.37625
5 0.6914060000000001 0.9037500000000002 0.758594 0.99875
5 0.7625 0.8074999999999999 0.817969 0.92875
5 0.7625 0.21125 0.8367190000000001 0.3475
5 0.782812 0.83375 0.85625 0.92125
5 0.814062 0.4525 0.8820309999999999 0.5675
5 0.817969 0.25 0.877344 0.36
5 0.8484370000000001 0.88375 0.8914059999999999 0.9975000000000002
5 0.8664059999999999 0.8612499999999998 0.935156 0.96
