2 0.3075 0.20524800000000004 0.63 0.47516400000000003
2 0.0 0.42174300000000003 0.086875 0.490159
2 0.0 0.319588 0.115 0.463918
2 0.0 0.12183699999999999 0.151875 0.400187
2 0.0 0.46766599999999997 0.165 0.56701
2 0.0 0.809747 0.180625 0.9990629999999999
2 0.0 0.561387 0.31875 0.716963
2 0.015 0.052484 0.1675 0.13308299999999998
2 0.0175 0.04873500000000001 0.149375 0.158388
2 0.084375 0.716963 0.351875 0.809747
2 0.090625 0.0 0.2175 0.046860000000000006
2 0.125 0.046860000000000006 0.236875 0.253983
2 0.129375 0.8481719999999999 0.295625 0.9765700000000002
2 0.144375 0.348641 0.3675 0.676664
2 0.198125 0.767573 0.47625 0.844424
2 0.21375 0.0 0.334375 0.058107000000000006
2 0.2225 0.029053 0.32125 0.26523
2 0.238125 0.7956890000000001 0.553125 0.9990629999999999
2 0.28 0.058107000000000006 0.375 0.27179000000000003
2 0.32875 0.0 0.409375 0.092784
2 0.3725 0.640112 0.67875 0.861293
2 0.390625 0.841612 0.659375 0.9990629999999999
2 0.398125 0.00656 0.505625 0.22680399999999998
2 0.449375 0.00656 0.67875 0.22680399999999998
2 0.47875 0.23149000000000003 0.7825 0.582943
2 0.5225 0.515464 0.84 0.762887
2 0.58 0.06373 0.7375 0.193065
2 0.659375 0.716963 0.848125 0.9990629999999999
2 0.6825 0.550141 0.9825 0.9915649999999999
2 0.699375 0.089035 0.906875 0.198688
2 0.748125 0.20993400000000004 0.905625 0.559513
2 0.799375 0.179007 0.9975 0.504217
2 0.803125 0.0 0.914375 0.111528
2 0.856875 0.478913 0.999375 0.941893
2 0.906875 0.023430000000000003 0.99 0.219306
2 0.913125 0.9109649999999999 0.999375 0.9990629999999999
