14 0.0 0.5675 0.048872 0.040000000000000036
14 0.068609 0.566875 0.054512000000000005 0.04875000000000007
14 0.0714285 0.561875 0.060151 0.043749999999999956
14 0.1785715 0.395625 0.071429 0.043749999999999956
14 0.18045100000000003 0.40125 0.06390999999999997 0.04749999999999999
14 0.26409750000000004 0.215625 0.06578900000000001 0.05875
14 0.3261275 0.5706249999999999 0.05451100000000001 0.036250000000000004
14 0.3345865 0.5375 0.07142900000000008 0.03249999999999997
14 0.32518800000000003 0.569375 0.04887199999999997 0.03375000000000006
14 0.33552650000000006 0.5375 0.06954900000000003 0.022499999999999964
14 0.3778195 0.28437500000000004 0.09022499999999993 0.03875000000000001
14 0.38345850000000004 0.2825 0.09398500000000003 0.03999999999999998
14 0.3778195000000001 0.57875 0.04135300000000005 0.04249999999999998
14 0.38721849999999997 0.569375 0.05639100000000002 0.036250000000000004
14 0.465226 0.349375 0.09962400000000003 0.03875000000000001
14 0.46710549999999995 0.348125 0.09586500000000008 0.04375000000000001
14 0.5742485 0.26 0.08082699999999998 0.05249999999999999
14 0.574248 0.260625 0.07706799999999996 0.056249999999999994
14 0.6146615 0.6231249999999999 0.09022499999999997 0.04375000000000007
14 0.6118425 0.6243749999999999 0.06954899999999999 0.04625000000000001
14 0.7659770000000001 0.5800000000000001 0.08834600000000012 0.03500000000000003
14 0.7697369999999999 0.576875 0.08834599999999995 0.04125000000000001
14 0.7875939999999999 0.275625 0.07142800000000017 0.03875000000000001
