10 0.0 0.4283335 0.059412 0.09833299999999993
10 0.0 0.28291649999999996 0.069418 0.14083299999999999
10 0.0 0.6833334999999999 0.09693600000000001 0.15666699999999997
10 0.055347 0.40208350000000004 0.08567799999999999 0.06916700000000005
10 0.098186 0.5233335 0.147592 0.22833299999999998
10 0.08567849999999999 0.3625 0.078799 0.09333400000000003
10 0.0762975 0.2666665 0.033771 0.10833300000000001
10 0.14196399999999998 0.28833349999999996 0.106316 0.151667
10 0.184803 0.676667 0.16823 0.15999999999999984
10 0.1654155 0.44250000000000006 0.066917 0.06666600000000004
10 0.1788615 0.39250000000000007 0.09130700000000003 0.06666600000000004
10 0.264228 0.5183335000000001 0.16197599999999995 0.20833300000000002
10 0.24296450000000003 0.29875 0.103189 0.130834
10 0.3055035 0.389583 0.096935 0.08249999999999995
10 0.3489685 0.67125 0.15509700000000004 0.17083399999999985
10 0.42182600000000003 0.435417 0.13571000000000005 0.11249999999999998
10 0.413696 0.38375000000000004 0.098186 0.080834
10 0.407755 0.3425 0.07629800000000003 0.06333400000000007
10 0.44433999999999996 0.51625 0.14946799999999993 0.19250000000000003
