13 0.0 0.716495 0.04375 0.8527469590043923
13 0.0 0.5281165 0.063125 0.6224697693997071
13 0.0 0.269447 0.1 0.43821849487554904
13 0.0 0.0773195 0.154375 0.14609079428989752
13 0.14968749999999997 0.43955 0.2667288208007812 0.5785504421669107
13 0.16875 0.6836925 0.30108520507812503 0.864040986090776
13 0.2384375 0.17150900000000002 0.3535171508789063 0.32495988872620796
13 0.2315625 0.0 0.32289886474609375 0.04873500000000001
13 0.315 0.8608249999999998 0.42031738281250003 0.9978026412884333
13 0.34281249999999996 0.586223 0.4315402221679688 0.7142306939970717
13 0.4059375 0.325211 0.5152285766601562 0.46344184919472914
13 0.3725 0.11574499999999999 0.43963623046875 0.21351353440702778
13 0.42562500000000003 0.9409559999999999 0.5339593505859376 0.9976853191800877
13 0.446875 0.0 0.5126885986328126 0.083411
13 0.5015625 0.6855669999999999 0.6207601928710937 0.8612272415812592
13 0.5425 0.219775 0.64572021484375 0.36331422108345535
13 0.5396875 0.45970049999999996 0.6313479614257812 0.558839939238653
13 0.6543749999999999 0.8917525 0.7724859619140625 0.9977573594436309
13 0.645 0.0 0.7493701171875 0.15651400000000001
13 0.6953125 0.3701965 0.7924459838867187 0.5205449846266471
13 0.73125 0.6869730000000001 0.837410888671875 0.8406061830161056
13 0.81 0.9503280000000001 0.9348339843750001 0.997671597364568
13 0.83125 0.0 0.9410632324218751 0.27928800000000004
13 0.8703125 0.8889409999999999 0.9616500854492188 0.986514475841874
13 0.9003125000000001 0.39925049999999995 0.9984957885742187 0.5495564458272328
13 0.91875 0.677601 0.998477783203125 0.8584269048316253
13 0.9328125 0.0 0.9959640502929688 0.164011
13 0.961875 0.22914700000000002 0.9984356689453125 0.28457549926793557
13 0.9765625 0.9732895 0.9984213256835938 0.9976379787701317
