0 0.599673 0.8169934999999999 0.8605253818359375 0.9943001547851562
0 0.0 0.8169934999999999 0.116013 0.9076991547851562
0 0.0 0.9509805 0.119281 0.9974373081054687
0 0.1952615 0.9133985 0.3331423149414062 0.9974740092773438
0 0.198529 0.8186275000000001 0.3298711240234375 0.8962595590820313
0 0.2949345 0.7001635 0.44905797802734376 0.8587932465820313
0 0.287582 0.9509805 0.427824158203125 0.9974373081054687
0 0.3472225 0.8651960000000001 0.38364791552734373 0.91418808203125
0 0.5204249999999999 0.640523 0.6710607724609374 0.7771524892578124
0 0.8349675 0.7017975000000001 0.9975506020507813 0.8473536508789062
0 0.879085 0.9060455000000001 0.9958735185546874 0.9778731899414063
