11 0.12000000000000001 0.483209 0.2023828125 0.614967613702624
11 0.15125 0.811567 0.23735229492187498 0.9391149577259474
11 0.1625 0.13806000000000002 0.24734130859375 0.26845574635568514
11 0.3175 0.4757464999999999 0.40468994140625003 0.6187094919825072
11 0.33999999999999997 0.8432835 0.40716796875 0.9353377237609329
11 0.35875 0.164179 0.444649658203125 0.2758796720116618
11 0.52 0.483209 0.6044921875 0.614967613702624
11 0.51875 0.8264925000000001 0.5969934082031251 0.9465562004373179
11 0.5387500000000001 0.164179 0.611973876953125 0.2758796720116618
11 0.71625 0.46641799999999994 0.806800537109375 0.6112600903790087
11 0.71375 0.164179 0.786802978515625 0.2870736720116618
11 0.71625 0.8451495 0.786800537109375 0.9427980036443148
11 0.885 0.16417900000000002 0.9566357421875 0.26841767201166183
11 0.9 0.847015 0.9766210937500001 0.9539892842565596
11 0.90875 0.516791 0.9841125488281249 0.6223806603498542
