0 0.71875 0.7181649999999999 0.746798095703125 0.7629950511695905
0 0.0 0.402622 0.0175 0.4338683713450292
0 0.0 0.2284645 0.0275 0.25060198757309937
0 0.0 0.4859549999999999 0.03375 0.5198885394736842
0 0.028749999999999998 0.7593629999999999 0.053721923828125 0.8060058201754385
0 0.09625 0.7865165000000001 0.129906005859375 0.8378011220760235
0 0.134375 0.7097380000000001 0.1536187744140625 0.7349173713450293
0 0.143125 0.8473785 0.1648602294921875 0.8807841425438596
0 0.16125 0.8988765 0.179842529296875 0.9275248530701754
0 0.16125 0.2172285 0.178592529296875 0.23938241447368422
0 0.188125 0.167603 0.20606628417968748 0.18702096637426902
0 0.2875 0.9541195 0.31346923828124995 0.9967320884502924
0 0.423125 0.0702245 0.4495867919921875 0.09727533260233918
0 0.5675 0.0440075 0.58194580078125 0.06547866154970759
0 0.5925 0.6900745000000001 0.6119213867187501 0.7274551191520469
0 0.6543749999999999 0.9147945 0.6806109619140626 0.9518465811403509
0 0.671875 0.12265899999999999 0.6818438720703125 0.1477606739766082
0 0.729375 0.11797749999999999 0.7430377197265625 0.1384045182748538
0 0.75125 0.663858 0.7767663574218749 0.693786447368421
0 0.7693749999999999 0.10205950000000001 0.7854986572265625 0.1290637902046784
0 0.816875 0.576779 0.8417022705078125 0.6058987558479533
0 0.8231250000000001 0.11516849999999998 0.8404461669921875 0.136535625
0 0.8975 0.1095505 0.91037353515625 0.1384168384502924
0 0.9862500000000001 0.44756549999999995 0.997786865234375 0.4731286644736842
