0 0.3441405 0.375 0.3941949252929688 0.43909471875
0 0.296875 0.36197950000000007 0.3247100830078125 0.4255706725260417
0 0.2960935 0.111979 0.3215858461914063 0.16547919401041664
0 0.284766 0.23593750000000002 0.29815990820312505 0.3371927897135418
0 0.320703 0.22083350000000002 0.36609281347656253 0.30387945638020836
0 0.3644535 0.12187500000000001 0.4207380883789062 0.18421630859375004
0 0.4027345 0.28697900000000004 0.4542947045898438 0.37358432942708336
0 0.42890649999999997 0.1895835 0.48708114599609376 0.272670146484375
0 0.446875 0.4171875 0.5089385986328125 0.501539787109375
0 0.49921899999999997 0.3359375 0.5588874814453124 0.4016455813802083
0 0.527344 0.25156249999999997 0.586204015625 0.31946444466145835
0 0.5277345 0.5010414999999999 0.5674536342773437 0.5368476022135417
0 0.5722655 0.44999999999999996 0.6447531469726563 0.5223310624999999
0 0.5417965 0.165625 0.5822829018554687 0.20707634244791664
0 0.5851565 0.328125 0.6392725581054687 0.39123975390625
0 0.610547 0.19062500000000002 0.6494037626953125 0.23100179036458335
0 0.645703 0.252604 0.7095254306640625 0.3184210885416667
