16 0.3425 0.412917 0.14750000000000002 0.19749999999999993
16 0.403125 0.27708299999999997 0.16000000000000003 0.2225
16 0.50125 0.45541649999999995 0.19375000000000003 0.134167
16 0.45875 0.35458349999999994 0.08000000000000002 0.12916700000000003
16 0.521875 0.23416650000000003 0.11624999999999996 0.156667
16 0.5415625 0.345833 0.12437500000000001 0.13999999999999999
16 0.5621875000000001 0.1070835 0.13437500000000002 0.12083300000000002
16 0.6034375000000001 0.169583 0.13687499999999997 0.18249999999999997
16 0.6131249999999999 0.730833 0.11750000000000005 0.14500000000000002
16 0.6353125 0.33041649999999995 0.0993750000000001 0.174167
16 0.6834375 0.5670835 0.10062499999999996 0.13083299999999998
