3 0.0 0.6899775 0.999375 0.777710591796875
3 0.3846875 0.5474945 0.7283314064200218 0.6499981165364582
3 0.4609375 0.8571430000000001 0.8419984357997824 0.9719579283854167
3 0.47718750000000004 0.27337300000000003 0.8001057535364527 0.39231404557291666
3 0.6303124999999999 0.5527299999999999 0.9986891322089227 0.6567222994791666
3 0.505 0.3754675 0.695075489662677 0.43855411002604167
3 0.4925 0.1379955 0.6625890914036997 0.169603318359375
3 0.421875 0.2030665 0.49579094124047884 0.23458959049479167
3 0.45875 0.0815255 0.5507508161044613 0.09936984700520833
3 0.5459375 0.163052 0.6219059439608271 0.20248069270833335
3 0.67375 0.39902750000000003 0.8442668661588683 0.4953664329427083
3 0.58625 0.09311900000000001 0.6624870783460284 0.11954975130208334
