0 0.455827 0.494375 0.6666236505139501 0.6363922119140625
0 0.0 0.47125 0.21240599999999998 0.5732897949218749
0 0.0 0.5984375 0.4699249999999999 0.6856655883789062
0 0.20253799999999997 0.3584375 0.35872558737151244 0.4077749633789063
0 0.29652249999999997 0.4284375 0.4309555778267254 0.5083316040039063
0 0.5173875 0.270625 0.8084512533039646 0.4609857177734375
0 0.6151319999999999 0.6146875 0.7951497224669603 0.6843997192382814
0 0.725094 0.50375 0.8278822511013216 0.566383056640625
0 0.8101505000000001 0.613125 0.9724943516886931 0.6637762451171876
0 0.8909775000000001 0.4309375 0.9977516629955948 0.5783291625976562
