6 0.040625 0.189167 0.298125 0.5525
6 0.11875 0.4025 0.36375 0.760833
6 0.17375 0.6475 0.4725 0.999167
6 0.294375 0.25666700000000003 0.5175 0.525
6 0.306875 0.06916699999999999 0.503125 0.279167
6 0.365 0.454167 0.610625 0.7799999999999999
6 0.47 0.649167 0.73875 0.999167
6 0.496875 0.09666699999999999 0.680625 0.2825
6 0.611875 0.484167 0.75375 0.733333
6 0.658125 0.330833 0.958125 0.63
6 0.66875 0.7883330000000001 0.999375 0.999167
6 0.67125 0.12083300000000001 0.853125 0.306667
6 0.720625 0.195833 0.951875 0.375
6 0.74625 0.561667 0.999375 0.955833
6 0.86875 0.175833 0.998125 0.350833
6 0.935 0.265 0.999375 0.399167
6 0.95 0.384167 0.999375 0.6375
