10 0.134375 0.043151999999999996 0.234375 0.301126
10 0.16125 0.21669800000000003 0.240625 0.47842399999999996
10 0.181875 0.33958699999999997 0.381875 0.621951
10 0.244375 0.0 0.35875 0.21857399999999996
10 0.25625 0.20075 0.294375 0.27579699999999996
10 0.289375 0.121951 0.384375 0.330206
10 0.331875 0.141651 0.404375 0.31050700000000003
10 0.3725 0.11444700000000001 0.5275 0.7242029999999999
10 0.44125 0.0 0.70625 0.9990620000000001
10 0.52 0.152908 0.848125 0.9990620000000001
10 0.605625 0.30487800000000004 0.97875 0.9990620000000001
