10 0.09125 0.553846 0.08625 0.08868799999999996
10 0.0953125 0.6307695000000001 0.075625 0.04705899999999992
10 0.24125 0.462896 0.14499999999999996 0.089592
10 0.268125 0.534389 0.14 0.1384619999999999
10 0.2528125 0.6040724999999999 0.09062499999999998 0.10045300000000006
10 0.3628125 0.4891399999999999 0.06562499999999999 0.10769200000000007
10 0.3840625 0.6022624999999999 0.08437500000000003 0.13303099999999998
10 0.518125 0.479638 0.10875000000000001 0.12307599999999998
10 0.521875 0.575113 0.05499999999999994 0.12036199999999991
10 0.5621875000000001 0.568778 0.06437499999999996 0.055204000000000066
10 0.600625 0.6076925000000001 0.07374999999999998 0.07873300000000004
10 0.6065624999999999 0.500905 0.083125 0.12760200000000005
10 0.6575 0.5791855000000001 0.057499999999999996 0.06153900000000003
10 0.7075 0.516742 0.11875000000000002 0.14841599999999994
10 0.698125 0.618552 0.09250000000000003 0.12217199999999993
10 0.8184375 0.628054 0.10812500000000003 0.15927599999999995
