16 0.188 0.7128935000000001 0.17400000000000002 0.48125900000000005
16 0.291 0.895802 0.252 0.19939999999999983
16 0.352 0.718141 0.20600000000000002 0.4917540000000001
16 0.4305 0.3470765 0.16500000000000004 0.19640099999999996
16 0.5165 0.1694155 0.267 0.29385300000000003
16 0.5409999999999999 0.3793099999999999 0.10199999999999998 0.10794599999999999
16 0.6425 0.627436 0.14300000000000002 0.256372
16 0.694 0.8193405 0.21600000000000008 0.22638699999999984
16 0.6735 0.3433285 0.119 0.14692699999999995
16 0.6619999999999999 0.142429 0.09199999999999997 0.21888999999999995
16 0.7749999999999999 0.602699 0.15800000000000003 0.21589199999999997
16 0.8600000000000001 0.6874065 0.10399999999999998 0.22938499999999995
16 0.8975 0.8260869999999999 0.17299999999999993 0.3448280000000001
