4 0.1040625 0.8090210000000001 0.14302337646484375 0.8893820749625188
4 0.2234375 0.7893474999999999 0.26228179931640627 0.8702175704647677
4 0.345625 0.788388 0.38903747558593754 0.8683000089955021
4 0.47 0.7619960000000001 0.520791015625 0.8894525772113945
4 0.44437499999999996 0.390115 0.4526910400390625 0.41400211994002994
4 0.495 0.30662200000000006 0.5307666015625 0.3747802968515742
4 0.4878125 0.8032630000000001 0.5051486206054687 0.8375677076461768
4 0.594375 0.7864685 0.6400445556640625 0.8894158868065968
4 0.719375 0.7931860000000001 0.7705474853515625 0.895163815592204
4 0.8356250000000001 0.7979845 0.8879339599609375 0.8989956214392804
