13 0.550625 0.63 0.6325872802734376 0.7625126875
13 0.0 0.576667 0.07125 0.6459161315104167
13 0.0 0.90625 0.105 0.9979869869791668
13 0.0 0.2554165 0.11625 0.3480004264322916
13 0.0721875 0.4320835 0.14055450439453124 0.5219373912760417
13 0.11375 0.575 0.159888916015625 0.6367513020833333
13 0.165625 0.6208330000000001 0.2442132568359375 0.7025246236979168
13 0.1725 0.24208299999999996 0.22483154296875 0.3055177877604166
13 0.22031250000000002 0.1545835 0.2879098510742188 0.24979871940104167
13 0.29 0.4191665 0.40409179687499996 0.5527872102864583
13 0.25906250000000003 0.7645835 0.32662200927734375 0.8590044485677084
13 0.32625000000000004 0.18583349999999998 0.361556396484375 0.23975802929687498
13 0.36875 0.7979165 0.40276489257812503 0.8689610462239582
13 0.4709375 0.29583299999999996 0.5732901000976562 0.43044780078124995
13 0.483125 0.8462500000000001 0.5732781982421875 0.9705651119791666
13 0.485 0.4875 0.5614013671875 0.563532234375
13 0.5818749999999999 0.20333349999999997 0.6425567626953125 0.33140224283854164
13 0.5934375000000001 0.829167 0.6244204711914062 0.9005873554687501
13 0.6034375 0.4145835 0.6362857055664062 0.506127177734375
