10 0.06593750000000001 0.2941665 0.030625 0.036667000000000005
10 0.080625 0.51125 0.035 0.03583400000000007
10 0.1275 0.4854165000000001 0.03499999999999999 0.04583300000000001
10 0.23125 0.3958335 0.036250000000000004 0.046667000000000014
10 0.2353125 0.7483334999999999 0.020625000000000004 0.04833299999999996
10 0.314375 0.7508330000000001 0.03749999999999998 0.04999999999999997
10 0.325 0.9583334999999998 0.02749999999999997 0.06166700000000006
10 0.3415625 0.98375 0.024375000000000036 0.020834000000000092
10 0.3521875 0.7258334999999999 0.011875000000000024 0.041667000000000044
10 0.3978125 0.3812499999999999 0.020625000000000004 0.055834000000000016
10 0.5465625000000001 0.12791700000000003 0.02312499999999995 0.03750000000000001
10 0.5509375000000001 0.155 0.021874999999999978 0.056665999999999994
10 0.6584375 0.6733335 0.020625000000000004 0.03833300000000003
10 0.675 0.28083299999999994 0.025000000000000022 0.04999999999999997
10 0.69625 0.3208335 0.04125000000000001 0.051666999999999984
10 0.7509375 0.56375 0.01937500000000003 0.04083400000000011
10 0.7525 0.5329164999999999 0.016249999999999987 0.030833000000000037
10 0.8609375 0.048749999999999995 0.024375000000000036 0.030834
10 0.9121874999999999 0.22208350000000002 0.02312499999999995 0.03583299999999997
10 0.9140625 0.17958299999999996 0.01937499999999992 0.03749999999999998
10 0.9753125 0.6774999999999999 0.020625000000000004 0.06166599999999992
10 0.9740625 0.40708300000000003 0.015625 0.027500000000000007
10 0.9878125 0.38666700000000004 0.01937500000000003 0.055000000000000014
