6 0.0 0.5012500000000001 0.143125 0.5593473307291666
6 0.099375 0.37375 0.1574029541015625 0.43368034635416675
6 0.2475 0.50625 0.32975830078125 0.5743408203124999
6 0.2546875 0.365833 0.32225128173828127 0.41785665494791663
6 0.414375 0.37166649999999996 0.4864703369140625 0.4195160592447917
6 0.5278125 0.5029165 0.6176095581054688 0.5743451608072916
6 0.5621875 0.3691665 0.6319509887695312 0.42285231445312504
6 0.733125 0.5104164999999999 0.8099090576171876 0.5776683951822916
6 0.7371875 0.366667 0.8061550903320313 0.41118956901041664
6 0.904375 0.365 0.9609918212890626 0.4161917395833334
6 0.9303125 0.5095835000000001 0.9984664916992188 0.5710034798177083
