16 0.5743465000000001 0.9215685 0.12581699999999996 0.14705899999999994
16 0.4281045 0.5931375000000001 0.20915100000000003 0.10457499999999997
16 0.4256535 0.509804 0.2009809999999999 0.07189599999999996
16 0.4215685 0.6584965 0.140523 0.1503270000000001
16 0.45424849999999994 0.4534315 0.192811 0.16503299999999999
16 0.4509805 0.735294 0.10784300000000008 0.20588200000000012
16 0.48447700000000005 0.406046 0.16176400000000007 0.19444400000000006
16 0.5334965 0.379085 0.12581699999999996 0.205882
16 0.5588235 0.727124 0.11437900000000001 0.2352939999999999
16 0.6151960000000001 0.396242 0.08987 0.17483600000000005
16 0.6968954999999999 0.5122545 0.20098099999999997 0.11928099999999991
16 0.6552285 0.7295755 0.11111099999999996 0.12254900000000002
16 0.6936275000000001 0.6838234999999999 0.158497 0.10294100000000006
16 0.6936275000000001 0.4428105 0.12254900000000013 0.16339900000000002
16 0.7083335 0.614379 0.14542500000000003 0.08823599999999998
