13 0.166875 0.8556485 0.2273370361328125 0.9344465052287582
13 0.165 0.694142 0.2223388671875 0.7664566248366013
13 0.1796875 0.968201 0.23732452392578124 0.9978973777777778
13 0.1903125 0.28242649999999997 0.24668914794921876 0.3519318150326798
13 0.206875 0.187448 0.2435479736328125 0.22402296993464055
13 0.2234375 0.1242675 0.2616567993164063 0.17054855882352943
13 0.249375 0.0 0.2916314697265625 0.07280299999999999
13 0.2640625 0.7661089999999999 0.3178671264648437 0.8416765503267974
13 0.273125 0.32928850000000004 0.3316082763671875 0.3786485575163398
13 0.2809375 0.9184100000000001 0.34160064697265624 0.9929414640522877
13 0.286875 0.230544 0.3303448486328125 0.28421763529411764
13 0.29875 0.15062750000000003 0.335333251953125 0.18139310130718952
13 0.30843750000000003 0.09163149999999999 0.3390737915039062 0.1295872202614379
13 0.3690625 0.6723849999999999 0.4283895874023438 0.743891065359477
13 0.3715625 0.28661099999999995 0.4202621459960938 0.35360034509803917
13 0.37968749999999996 0.9623430000000001 0.43525421142578125 0.9979050352941176
13 0.39531249999999996 0.10376550000000001 0.44336395263671874 0.13961335882352943
13 0.37875000000000003 0.5732219999999999 0.403380126953125 0.6059456901960785
13 0.385 0.0686195 0.4158740234375 0.09028730130718955
13 0.4390625 0.309205 0.49207122802734377 0.38453281045751625
13 0.4828125 0.7585775 0.5420285034179687 0.8316443954248366
13 0.47125 0.223431 0.515164794921875 0.2599589333333333
13 0.48531250000000004 0.9184100000000001 0.5395260620117188 0.9929414640522877
13 0.473125 0.07740600000000002 0.5132879638671876 0.12123781568627454
13 0.4834375 0.153975 0.5282778930664063 0.2090037254901961
13 0.5284375 0.6619245000000001 0.5432339477539062 0.6920217392156863
13 0.5871875 0.156067 0.6156765747070312 0.1981219908496732
13 0.6275 0.9598325 0.6768872070312499 0.997908316993464
13 0.6428125 0.8481169999999999 0.6999972534179688 0.9294353503267975
13 0.6487499999999999 0.0 0.6849914550781251 0.03682
13 0.649375 0.12259399999999997 0.6781158447265625 0.17222474640522875
13 0.6778124999999999 0.17615050000000002 0.7274630737304688 0.2123217379084967
13 0.650625 0.05062749999999999 0.6712396240234375 0.07441082026143792
13 0.6959375 0.5828455 0.7480703735351563 0.6477741104575163
13 0.72875 0.7652720000000001 0.792413330078125 0.8466986444444444
13 0.7375 0.9217570000000002 0.8005297851562501 0.9979580888888889
13 0.7228125000000001 0.080335 0.7592941284179687 0.11370298692810457
13 0.7253125 0.27447699999999997 0.7611666870117187 0.3360432065359477
13 0.7440625 0.138494 0.7923983764648437 0.18642996209150328
13 0.7453125 0.640305 0.7848971557617188 0.032636000000000005
13 0.7703125 0.222594 0.8117477416992187 0.27418602745098036
13 0.7728125 0.5895395 0.7998703002929688 0.640233360130719
13 0.80375 0.333473 0.8598400878906249 0.37697008758169936
13 0.806875 0.6610879999999999 0.8660870361328125 0.7296798326797386
13 0.7865625 0.5698745 0.8198568725585939 0.6092970660130719
13 0.82375 0.1150625 0.857945556640625 0.14712959150326796
13 0.8559375 0.9548120000000001 0.9172891235351562 0.9962418797385622
13 0.8396874999999999 0.17447700000000002 0.8698049926757813 0.2139979254901961
13 0.9312499999999999 0.737657 0.990965576171875 0.8057307424836601
13 0.9428125 0.884937 0.9972042846679688 0.9603492196078431
