0 0.6725 0.3860225 0.71184326171875 0.4619118133235725
0 0.3465625 0.234522 0.38466156005859375 0.32048262957540263
0 0.40312499999999996 0.339587 0.4483563232421875 0.40381780087847735
0 0.455625 0.132739 0.4814300537109375 0.17522765300146412
0 0.5046875 0.4394935 0.5445071411132812 0.4880995248901904
0 0.551875 0.19605999999999998 0.6032110595703125 0.2980239428989751
0 0.62625 0.23733599999999996 0.6518884277343749 0.27263550951683746
0 0.6581250000000001 0.631801 0.7056072998046875 0.7026399619326501
0 0.756875 0.37617249999999997 0.7992608642578125 0.4441022349926793
0 0.8528125 0.6383675 0.9179171752929687 0.6970013477306003
