11 0.5258335000000001 0.8134375 0.6034823209635417 0.8660806274414062
11 0.3245835 0.266875 0.561244365234375 0.33598937988281247
11 0.111667 0.6665625 0.12152160026041668 0.6855990600585937
11 0.11375 0.5015625 0.12401888802083334 0.5163851928710937
11 0.11750000000000001 0.525625 0.12651400520833334 0.5338616943359376
11 0.310833 0.1471875 0.51292826953125 0.20610626220703124
11 0.11833350000000002 0.703125 0.124012919921875 0.7143133544921875
11 0.165 0.0584375 0.20561815625000002 0.09181793212890625
11 0.13791699999999998 0.835 0.14898742057291667 0.8548095703124999
11 0.1445835 0.90125 0.16231174023437503 0.925994873046875
11 0.29125 0.46499999999999997 0.43545376822916665 0.5951708984374999
11 0.16874999999999998 0.9459375000000001 0.18811327343750003 0.9603262329101563
11 0.39291649999999995 0.7384375000000001 0.5544883899739583 0.8667788696289063
11 0.39833300000000005 0.9690624999999999 0.5128143372395834 0.9984286499023438
11 0.3904165 0.026250000000000002 0.42199164518229165 0.041849365234375005
11 0.47833349999999997 0.44875 0.531044169921875 0.515186767578125
11 0.4520835 0.05375 0.456078349609375 0.060572509765625
11 0.558333 0.9768749999999999 0.6201060039062499 0.9984210205078126
11 0.5358335 0.0 0.5534693001302082 0.01625
11 0.5391665 0.0715625 0.5417979602864583 0.07493011474609375
11 0.5470835 0.0753125 0.5509546516927083 0.08055145263671876
11 0.5566665000000001 0.010625 0.567608173828125 0.0174896240234375
11 0.7758335000000001 0.43781249999999994 0.9981568001302085 0.5901974487304688
11 0.7770835000000001 0.693125 0.9981551725260417 0.8205731201171875
11 0.56125 0.0871875 0.5651022057291667 0.09553985595703125
11 0.5725 0.095625 0.5809215572916667 0.10053161621093751
11 0.7470835 0.9203125000000001 0.8131942350260416 0.9503512573242188
11 0.70375 0.12375 0.7107506588541667 0.130504150390625
11 0.70375 0.13375 0.7107506588541667 0.13861938476562502
11 0.8391670000000001 0.0765625 0.9655743346354168 0.10992523193359376
11 0.7329165 0.13874999999999998 0.739878681640625 0.14548950195312502
11 0.8508330000000001 0.9665625 0.94972514453125 0.9984310913085938
11 0.8429165 0.8868750000000001 0.9089024524739583 0.9397589111328125
11 0.8195834999999999 0.1809375 0.833099833984375 0.19607330322265626
11 0.8504165 0.188125 0.8563926868489583 0.1948162841796875
11 0.8595829999999999 0.195625 0.8697137513020832 0.20480895996093748
11 0.9270835000000001 0.903125 0.9979598600260418 0.9772430419921875
11 0.9308335 0.2071875 0.9887879772135416 0.2522976684570313
