2 0.0440625 0.23292500000000002 0.088125 0.14711000000000002
2 0.1003125 0.4570925 0.200625 0.22241700000000003
2 0.2071875 0.7211034999999999 0.33812499999999995 0.35464099999999993
2 0.250625 0.0831875 0.195 0.166375
2 0.391875 0.3095445 0.21749999999999997 0.17950899999999997
2 0.500625 0.035463999999999996 0.12000000000000005 0.07092799999999999
2 0.5871875 0.5521015 0.18062499999999998 0.24430900000000008
2 0.675625 0.19483350000000002 0.15749999999999997 0.200525
2 0.7796875000000001 0.4216285 0.22812500000000002 0.3283710000000001
2 0.8134375 0.8905429999999999 0.271875 0.2171620000000001
2 0.9009375 0.07793350000000002 0.16562500000000002 0.15061300000000002
2 0.9768749999999999 0.2972855 0.04500000000000004 0.09719699999999999
