13 0.0 0.7409375 0.153333 0.7899014282226563
13 0.0 0.8868750000000001 0.221111 0.9416339111328125
13 0.2294445 0.823125 0.3018236588541667 0.8616961669921875
13 0.4027775 0.7821875 0.4837447335069444 0.8292361450195312
13 0.5299999999999999 0.7921875 0.5746358611111112 0.8204763793945313
13 0.6366665 0.7615624999999999 0.7088946762152778 0.8086312866210937
13 0.6744445 0.8315625 0.7388290894097223 0.8666879272460938
13 0.8038890000000001 0.8178125 0.8841603593749999 0.8510763549804689
13 0.8022225 0.7718750000000001 0.8541632526041666 0.7848712158203125
13 0.8572225000000001 0.876875 0.9451787664930555 0.9128936767578124
13 0.9355555 0.8259375 0.992819771701389 0.8760684204101562
