16 0.119375 0.42514099999999994 0.20125 0.1873819999999999
16 0.136875 0.5833335000000001 0.22749999999999998 0.24952900000000006
16 0.17656249999999998 0.343691 0.159375 0.167608
16 0.23531249999999998 0.29849299999999995 0.071875 0.158192
16 0.32437499999999997 0.12570599999999998 0.15499999999999997 0.15725
16 0.3034375 0.509887 0.07937500000000003 0.19868199999999994
16 0.4275 0.5136535 0.20250000000000007 0.27212900000000007
16 0.4634375 0.876648 0.17937499999999995 0.23352199999999992
16 0.5 0.7123355 0.19874999999999998 0.17984900000000018
16 0.5090625 0.09745749999999999 0.17312499999999997 0.18549899999999997
16 0.674375 0.4152545 0.14249999999999996 0.25988699999999987
16 0.7675000000000001 0.321563 0.10249999999999992 0.262712
16 0.8187500000000001 0.663371 0.2025 0.17420000000000002
16 0.8556250000000001 0.34322050000000004 0.13875000000000004 0.18926500000000004
