0 0.6722655 0.6922625000000001 0.7274684907226563 0.8184459523460412
0 0.341797 0.3634235 0.4168542138671875 0.48364112096774187
0 0.419531 0.38980049999999994 0.4722463017578125 0.5000144450146627
0 0.4652345 0.594373 0.5300146694335938 0.6931494853372433
0 0.5535155 0.6330595 0.6635214575195313 0.7751557602639296
0 0.482031 0.3358735 0.5198412666015625 0.38754951686217004
0 0.4726560000000001 0.436108 0.4909444218750001 0.49174054545454554
0 0.5351565 0.41617849999999995 0.5901023862304687 0.4976317675953079
0 0.539453 0.524033 0.5877541904296876 0.5936046231671555
0 0.648828 0.4519345 0.7142103789062499 0.49757933944281524
0 0.69375 0.535756 0.744635509765625 0.5982764340175952
