10 0.03 0.531895 0.06 0.32457800000000003
10 0.11125 0.6158535 0.14625000000000002 0.3424010000000001
10 0.07718749999999999 0.3691365 0.065625 0.20731699999999992
10 0.26625 0.7997185 0.35125 0.39868700000000007
10 0.2690625 0.32833049999999997 0.349375 0.5365849999999999
10 0.47750000000000004 0.630863 0.25125000000000003 0.4268300000000001
10 0.534375 0.9324580000000002 0.30375 0.1332079999999999
10 0.676875 0.345216 0.28875000000000006 0.45591
10 0.705625 0.805347 0.3224999999999999 0.38743000000000016
10 0.8659375 0.6444650000000001 0.266875 0.388368
10 0.9121874999999999 0.37476550000000003 0.17437500000000006 0.33489700000000006
