0 0.13218749999999999 0.28777800000000003 0.17362091064453125 0.3595003854166666
0 0.1403125 0.163889 0.17861297607421875 0.22527147048611107
0 0.1459375 0.06222249999999999 0.18235748291015624 0.11766997482638887
0 0.1928125 0.21388900000000002 0.23106170654296876 0.2796286649305556
0 0.2121875 0.1055555 0.2529177856445312 0.16981674392361112
0 0.2884375 0.0894445 0.32846832275390625 0.14540071440972221
0 0.4678125 0.8633335000000001 0.5039181518554687 0.9262791571180559
0 0.5059375 0.760556 0.5457559204101563 0.8342355902777778
0 0.5587500000000001 0.8549999999999999 0.606329345703125 0.9340716249999998
0 0.5753125 0.698889 0.6150631713867187 0.7798976510416666
