13 0.0 0.6585365000000001 0.075 0.726052817715959
13 0.0703125 0.546435 0.11368133544921875 0.6127079487554905
13 0.1325 0.65197 0.16112060546875 0.6744674319180088
13 0.1590625 0.5454969999999999 0.20296966552734375 0.6108333221083455
13 0.20468750000000002 0.654784 0.2573001098632813 0.7316863118594435
13 0.346875 0.68152 0.3902862548828125 0.7447811669106882
13 0.4353125 0.0 0.4901998901367187 0.11538499999999999
13 0.49593750000000003 0.6393059999999999 0.5357656860351563 0.7045049736456808
13 0.504375 0.28470949999999995 0.5320074462890625 0.3419851486090776
13 0.516875 0.8044089999999999 0.5551202392578125 0.8524812415812593
13 0.5140625000000001 0.0 0.5438729858398438 0.12101300000000001
13 0.5134375 0.3588179999999999 0.5357485961914062 0.39159464421669105
13 0.526875 0.19981200000000002 0.5476104736328125 0.2417334494875549
13 0.5431250000000001 0.1604125 0.5719696044921875 0.197701135431918
13 0.5603125 0.7884615 0.5938278198242187 0.8487515907759882
13 0.5525 0.2673545 0.57571044921875 0.3129295585651537
13 0.5531250000000001 0.333959 0.5757098388671875 0.3653650409956076
13 0.5640624999999999 0.6585370000000002 0.5950741577148437 0.7335578169838946
13 0.5646875 0.0 0.5913235473632813 0.11538499999999999
13 0.585 0.1327395 0.6088037109375 0.1611566522693997
13 0.5965625 0.0 0.6100424194335937 0.042214
13 0.6084375 0.050187499999999996 0.6206558227539062 0.09842551903367495
