6 0.365625 0.785565 0.464844 0.8995819999999999
6 0.167969 0.464435 0.266406 0.561715
6 0.228906 0.39121300000000003 0.307813 0.4853560000000001
6 0.278125 0.457113 0.341406 0.535565
6 0.323438 0.256276 0.396094 0.353556
6 0.334375 0.466527 0.417188 0.569038
6 0.380469 0.553347 0.460938 0.664226
6 0.385938 0.166318 0.46640600000000004 0.263598
6 0.5 0.638075 0.580469 0.7698739999999998
6 0.505469 0.8138080000000001 0.578125 0.938285
6 0.59375 0.656904 0.675 0.763598
6 0.633594 0.5324270000000001 0.723437 0.658996
6 0.717969 0.763598 0.814062 0.884937
