8 0.395625 0.5 0.45625 0.591932
8 0.4 0.736398 0.601875 0.9305819999999999
8 0.46875 0.467167 0.485625 0.521576
8 0.56 0.7514069999999999 0.625625 0.8011259999999999
8 0.77 0.8827389999999999 0.790625 0.913696
8 0.775 0.8958719999999999 0.82625 0.913696
8 0.788125 0.8752349999999999 0.8225 0.8977489999999999
8 0.799375 0.890244 0.81375 0.8977489999999999
8 0.815 0.8752349999999999 0.835625 0.909944
8 0.87 0.650094 0.999375 0.707317
8 0.909375 0.732645 0.975 0.7786119999999999
8 0.9775 0.923077 0.991875 0.9943709999999999
