0 0.81375 0.7054165000000001 0.914205322265625 0.8424144889322918
0 0.1315625 0.372917 0.21487152099609375 0.4411814309895834
0 0.1875 0.602917 0.30356689453125 0.7408819518229165
0 0.2515625 0.19083350000000002 0.3141293334960938 0.26891851888020835
0 0.3615625 0.8041665 0.48464691162109375 0.9689529082031251
0 0.3853125 0.2920835 0.46899871826171874 0.3846196829427084
0 0.43062500000000004 0.446667 0.5283294677734376 0.5285854023437501
0 0.4078125 0.0 0.47897674560546877 0.100833
0 0.6178125000000001 0.8537500000000001 0.7218966674804688 0.9980553463541667
0 0.5687500000000001 0.15416700000000003 0.613194580078125 0.23646626171875004
0 0.6353125 0.43250000000000005 0.7218795776367187 0.5102698489583334
0 0.70625 0.2670835 0.787435302734375 0.3621522350260416
0 0.7503124999999999 0.05583350000000001 0.8123922729492188 0.10409430013020833
0 0.9171875 0.4529165 0.9984793090820313 0.5527432649739583
0 0.891875 0.27125 0.9466290283203125 0.35881380989583334
