1 0.035044 0.2675 0.16771 0.351667
1 0.07384199999999999 0.175833 0.18773499999999999 0.2625
1 0.10513099999999997 0.34 0.22903600000000005 0.4175
1 0.126408 0.388333 0.250313 0.465833
1 0.158949 0.5225 0.281602 0.608333
1 0.201502 0.159167 0.32791 0.265833
1 0.24280300000000005 0.210833 0.3917400000000001 0.320833
1 0.267835 0.520833 0.350438 0.613333
1 0.281602 0.0 0.42052600000000007 0.06916699999999999
1 0.289111 0.4175 0.410513 0.503333
1 0.332916 0.3725 0.46683399999999997 0.46
1 0.345432 0.338333 0.46683399999999997 0.396667
1 0.345432 0.08833300000000001 0.480601 0.205
1 0.480601 0.508333 0.633292 0.5875
1 0.490613 0.10416700000000001 0.643304 0.210833
1 0.514393 0.5825 0.65582 0.675833
1 0.59199 0.763333 0.699625 0.830833
1 0.59199 0.689167 0.720901 0.768333
1 0.617021 0.5925 0.699625 0.6775
1 0.6245310000000001 0.816667 0.7571959999999999 0.916667
1 0.6245310000000001 0.6225 0.772215 0.71
1 0.682103 0.49833299999999997 0.795995 0.580833
1 0.767209 0.7875 0.9098870000000001 0.873333
1 0.7797250000000001 0.524167 0.8936169999999999 0.61
1 0.8110139999999999 0.685833 0.9799749999999999 0.768333
1 0.81602 0.606667 0.966208 0.694167
1 0.8222780000000002 0.675833 0.9536920000000001 0.701667
