8 0.54902 0.5718949999999999 0.665033 0.6846409999999999
8 0.0 0.53268 0.039216 0.593137
8 0.0 0.712418 0.039216 0.802288
8 0.003268 0.573529 0.080065 0.638889
8 0.060458000000000005 0.477124 0.132353 0.54902
8 0.08169900000000001 0.7026140000000001 0.166667 0.787582
8 0.083333 0.173203 0.197712 0.29085
8 0.158497 0.689542 0.20751599999999998 0.7679739999999999
8 0.16176500000000002 0.218954 0.251634 0.30392199999999997
8 0.179739 0.5163399999999999 0.218954 0.545752
8 0.191176 0.052288 0.281046 0.137255
8 0.310458 0.699346 0.38398699999999997 0.759804
8 0.33169899999999997 0.5114380000000001 0.41176499999999994 0.596405
8 0.354575 0.637255 0.446078 0.7385619999999999
8 0.35784299999999997 0.820261 0.40686300000000003 0.877451
8 0.395425 0.41176499999999994 0.493464 0.535948
8 0.44281000000000004 0.334967 0.563725 0.45098
8 0.48692799999999997 0.691176 0.5669930000000001 0.769608
8 0.513072 0.8284309999999999 0.555556 0.877451
8 0.553922 0.792484 0.606209 0.869281
8 0.581699 0.24836599999999998 0.6830069999999999 0.352941
8 0.643791 0.843137 0.676471 0.869281
8 0.665033 0.287582 0.7385619999999999 0.341503
8 0.671569 0.730392 0.740196 0.787582
8 0.776144 0.929739 0.7973859999999999 0.9493459999999999
8 0.805556 0.928105 0.821895 0.9509799999999999
8 0.848039 0.843137 0.964052 0.954248
8 0.900327 0.79085 0.9330069999999999 0.8235290000000001
8 0.9117649999999999 0.537582 0.998366 0.6486930000000001
8 0.952614 0.6846409999999999 0.998366 0.795752
