16 0.1803125 0.6029165 0.21232391357421873 0.6450479524739583
16 0.48531250000000004 0.33125 0.8170260620117188 0.5554016848958333
16 0.24375 0.6475000000000001 0.323511962890625 0.6966569010416667
16 0.3359375 0.7275 0.36717193603515624 0.7598857343750001
16 0.4084375 0.74375 0.45397613525390623 0.7840315755208334
16 0.5365625 0.751667 0.6244760131835938 0.7856882669270834
16 0.6740625 0.7329165 0.7187167358398437 0.774045681640625
16 0.76625 0.0 0.847376708984375 0.195833
16 0.7940625 0.6808335 0.8292245483398437 0.7082804980468751
16 0.905625 0.2858335 0.9984906005859375 0.4162948209635417
16 0.8403125 0.587917 0.8666793823242188 0.6434014830729168
