12 0.0221875 0.5225225 0.03872833251953125 0.5547395585937501
12 0.0196875 0.44094050000000007 0.02873077392578125 0.46377503046875007
12 0.069375 0.8143145 0.09743225097656251 0.8766056335937501
12 0.11531249999999998 0.5720725 0.14363739013671875 0.62673413671875
12 0.168125 0.6496500000000001 0.1948358154296875 0.6936799218749999
12 0.21531250000000002 0.6671674999999999 0.24478973388671874 0.7186775507812501
12 0.31625000000000003 0.081081 0.337191162109375 0.1079813109375
12 0.34125 0.1856855 0.370291748046875 0.23694686640624996
12 0.390625 0.7882885 0.4171185302734375 0.83360329921875
12 0.40125 0.8313314999999999 0.421483154296875 0.85956204453125
12 0.428125 0.7637639999999999 0.45333190917968746 0.8006086187499999
12 0.47375 0.7697700000000001 0.492037353515625 0.8166152343750002
12 0.63125 0.401401 0.651883544921875 0.4358088109374999
12 0.6525 0.5470475 0.6724877929687499 0.5727192382812499
12 0.6603125 0.2717715 0.6787301635742187 0.29386935703125
12 0.70625 0.7222225 0.734935302734375 0.7486215273437501
12 0.8556250000000001 0.8833835000000001 0.8885394287109375 0.9375587132812498
12 0.8453124999999999 0.134134 0.8654244995117187 0.17496541562499998
12 0.8921875 0.0 0.9028787231445313 0.024024
