4 0.665 0.84875 0.7268505859375001 0.906671142578125
4 0.0 0.42000000000000004 0.03 0.46208984375
4 0.0 0.0 0.035 0.0675
4 0.0 0.10375000000000001 0.035 0.127398681640625
4 0.0 0.32875 0.0475 0.369678955078125
4 0.0 0.25625 0.0725 0.307249755859375
4 0.0 0.2 0.08 0.22730468750000002
4 0.0 0.64625 0.265 0.749368896484375
4 0.0 0.8512500000000001 0.27 0.9741687011718749
4 0.043750000000000004 0.13749999999999998 0.084957275390625 0.17236572265625
4 0.051250000000000004 0.0675 0.094949951171875 0.10743408203125
4 0.175 0.3275 0.3023291015625 0.39718017578125003
4 0.2 0.19 0.3073046875 0.252314453125
4 0.22625 0.08125 0.334779052734375 0.127420654296875
4 0.16625 0.0 0.187337646484375 0.0175
4 0.21375 0.0 0.239791259765625 0.02
4 0.2825 0.0 0.31722412109375 0.0275
4 0.43374999999999997 0.8274999999999999 0.5845764160156249 0.95419189453125
4 0.43624999999999997 0.635 0.579573974609375 0.7343798828125
4 0.43999999999999995 0.44625 0.5645703124999999 0.522064208984375
4 0.44 0.29125 0.5570703124999999 0.362215576171875
4 0.4525 0.14625 0.56705810546875 0.217357177734375
4 0.45749999999999996 0.0 0.56455322265625 0.09
4 0.69 0.16375 0.8068261718749999 0.234840087890625
4 0.7024999999999999 0.3025 0.81931396484375 0.37720458984375
4 0.72375 0.48000000000000004 0.854293212890625 0.55453125
4 0.6975 0.0 0.79931884765625 0.1
4 0.75125 0.6625 0.9017663574218749 0.7518530273437499
4 0.78375 0.87875 0.9492346191406249 0.9866418457031251
4 0.9137500000000001 0.255 0.991607666015625 0.3647509765625
4 0.92125 0.0 0.994100341796875 0.1475
4 0.9412499999999999 0.53125 0.994080810546875 0.604481201171875
4 0.93625 0.46624999999999994 0.9765856933593751 0.507044677734375
4 0.96125 0.6699999999999999 0.9965612792968751 0.744345703125
4 0.97 0.7887500000000001 0.996552734375 0.8592297363281249
4 0.9725 0.42874999999999996 0.9965502929687501 0.472081298828125
4 0.98125 0.89125 0.996541748046875 0.921629638671875
