18 0.37125 0.0018120000000000002 0.5925 0.384964
18 0.0 0.250906 0.328125 0.6186590000000001
18 0.09 0.5987319999999999 0.313125 0.8768120000000001
18 0.195 0.052536 0.40625 0.418478
18 0.259375 0.701993 0.471875 0.964674
18 0.29125 0.379529 0.483125 0.724638
18 0.331875 0.6983699999999999 0.45625 0.834239
18 0.445 0.5516300000000001 0.6975 0.8876809999999999
18 0.481875 0.17663 0.769375 0.5778989999999999
18 0.61 0.0 0.830625 0.33061599999999997
18 0.665 0.533514 0.889375 0.8097829999999999
18 0.730625 0.241848 0.941875 0.5407609999999999
