17 0.653333 0.323204 0.14476200000000006 0.20442000000000002
17 0.24761899999999998 0.43646399999999996 0.12190399999999998 0.2320439999999999
17 0.2809525 0.6118785 0.142857 0.2513809999999999
17 0.277143 0.290055 0.12 0.18231999999999998
17 0.35904749999999996 0.2140885 0.13142899999999996 0.19613300000000003
17 0.4114285 0.711326 0.182857 0.234806
17 0.47809500000000005 0.160221 0.16381000000000007 0.18231999999999998
17 0.5361905 0.7348070000000001 0.13523900000000005 0.19336999999999996
17 0.6085715 0.621547 0.146667 0.19337000000000001
17 0.5885715 0.19889500000000002 0.0914290000000001 0.15469599999999994
17 0.6657139999999999 0.487569 0.13523800000000008 0.212708
