4 0.489375 0.8241670000000001 0.19249999999999995 0.35000000000000003
4 0.5128125 0.5549999999999999 0.23937499999999995 0.881666
4 0.5153125 0.5558335 0.24437499999999995 0.8866670000000001
4 0.4890625 0.8250000000000001 0.186875 0.3483340000000001
4 0.6659375 0.7762500000000001 0.20437499999999997 0.44583400000000006
4 0.6665625 0.7825000000000001 0.20062499999999994 0.43333400000000005
4 0.7481249999999999 0.4862499999999999 0.31625000000000003 0.599166
4 0.7959375 0.47583349999999996 0.406875 0.578333
4 0.754375 0.797917 0.16125 0.4025
4 0.828125 0.6275 0.15375000000000005 0.30000000000000004
4 0.903125 0.6249999999999999 0.1925 0.26333399999999996
4 0.8946875000000001 0.837917 0.16562500000000002 0.12750000000000009
4 0.920625 0.8129165 0.15749999999999997 0.12916699999999995
