17 0.8628125 0.6241665 0.08562500000000006 0.10666699999999985
17 0.053125 0.7799999999999999 0.05 0.09999999999999994
17 0.071875 0.6825000000000001 0.07250000000000001 0.09833399999999992
17 0.103125 0.7975 0.06999999999999999 0.09333400000000003
17 0.11656250000000001 0.7025 0.094375 0.11666599999999994
17 0.5203125 0.3604165 0.839375 0.4908329999999999
17 0.18625 0.7854164999999999 0.10749999999999998 0.1408329999999999
17 0.18937500000000002 0.6408335 0.0875 0.09666699999999999
17 0.245 0.6 0.08499999999999996 0.09499999999999997
17 0.2559375 0.6924999999999999 0.08687500000000001 0.10666599999999986
17 0.28312499999999996 0.7954169999999999 0.07624999999999998 0.12749999999999995
17 0.3146875 0.6233335 0.06437500000000002 0.106667
17 0.333125 0.744583 0.07499999999999996 0.07749999999999997
17 0.34375 0.6608335 0.07874999999999999 0.10333300000000005
17 0.35562499999999997 0.806667 0.08124999999999999 0.10499999999999983
17 0.38187499999999996 0.5991664999999999 0.08000000000000002 0.116667
17 0.41218750000000004 0.7162499999999999 0.09687499999999999 0.12416599999999993
17 0.4303125 0.8133330000000001 0.08937499999999998 0.10499999999999998
17 0.4509375 0.5158335 0.10187499999999994 0.11833299999999995
17 0.459375 0.62 0.08249999999999996 0.11666599999999994
17 0.4684375 0.7804165 0.05687500000000001 0.07916699999999999
17 0.49312500000000004 0.6558335000000001 0.07500000000000001 0.058333000000000045
17 0.5015625 0.7137500000000001 0.08937500000000004 0.11583399999999999
17 0.510625 0.8204165 0.06875000000000003 0.080833
17 0.5115624999999999 0.5812499999999999 0.06312499999999999 0.08750000000000006
17 0.5646875 0.8208335 0.10687500000000005 0.10166699999999995
17 0.5446875 0.6758329999999999 0.05437500000000006 0.10499999999999998
17 0.5671875 0.5412499999999999 0.06562499999999993 0.1291659999999999
17 0.57125 0.7637499999999999 0.07125000000000004 0.11249999999999998
17 0.586875 0.6716669999999999 0.07874999999999999 0.11000000000000003
17 0.6174999999999999 0.61375 0.07625000000000004 0.12250000000000012
17 0.618125 0.82375 0.07750000000000001 0.08750000000000006
17 0.646875 0.746667 0.07250000000000001 0.11499999999999992
17 0.675 0.5829165000000001 0.07750000000000001 0.09416700000000004
17 0.703125 0.6666664999999999 0.1200000000000001 0.10333300000000005
17 0.6965625 0.82125 0.08687500000000004 0.079166
17 0.7250000000000001 0.7525 0.07625000000000004 0.09999999999999994
17 0.7390625 0.545833 0.06812499999999999 0.10000000000000002
17 0.7759375 0.814167 0.11062500000000008 0.09999999999999994
17 0.77125 0.6370834999999999 0.08624999999999994 0.11416699999999998
17 0.7753125 0.7208335 0.04562500000000003 0.05666700000000002
17 0.798125 0.5379165 0.07999999999999996 0.115833
17 0.8334375 0.7304165 0.09187500000000004 0.13083299999999998
17 0.8803125 0.532083 0.10062500000000008 0.10750000000000008
17 0.8909374999999999 0.8104165 0.0981249999999999 0.08416700000000003
17 0.913125 0.7116664999999999 0.07750000000000001 0.10166699999999988
17 0.9503125 0.6595835 0.09812500000000002 0.13416699999999993
17 0.9593750000000001 0.55875 0.07750000000000001 0.09083400000000001
17 0.9659375 0.7879165 0.06687500000000002 0.115833
