2 0.114375 0.2025 0.271875 0.43
2 0.0 0.496667 0.103125 0.656667
2 0.0 0.698333 0.108125 0.9216669999999999
2 0.095 0.766667 0.27875 0.9975
2 0.108125 0.585833 0.28125 0.7925
2 0.1625 0.445 0.305625 0.585833
2 0.255 0.12083300000000001 0.41 0.346667
2 0.2825 0.296667 0.44125 0.44166700000000003
2 0.285 0.591667 0.424375 0.7825000000000001
2 0.298125 0.393333 0.466875 0.61
2 0.4025 0.110833 0.575625 0.295
2 0.424375 0.5341670000000001 0.606875 0.755
2 0.460625 0.281667 0.614375 0.445
2 0.51125 0.393333 0.68125 0.595
2 0.56 0.078333 0.7075 0.281667
2 0.6025 0.56 0.770625 0.75
2 0.619375 0.286667 0.774375 0.480833
2 0.688125 0.14 0.843125 0.341667
2 0.70875 0.036667 0.839375 0.183333
