13 0.34481449999999997 0.817778 0.4241072670898437 0.9343586676427525
13 0.1244445 0.6305554999999999 0.19321147216796875 0.7290767855051244
13 0.1722225 0.847778 0.23242481396484374 0.9143147437774525
13 0.2103705 0.752222 0.28942456005859374 0.8388986500732065
13 0.3574075 0.577222 0.43224396923828123 0.6691548726207907
13 0.5174075 0.38500000000000006 0.5861617192382813 0.48610331039531485
13 0.562593 0.7661115000000001 0.6290805927734375 0.8555453140556369
13 0.6203704999999999 0.4533335 0.7023571694335937 0.5471142613469985
13 0.6937035 0.6355555 0.7533965551757813 0.7390694648609077
13 0.7729630000000001 0.81 0.8370231533203125 0.9177030556368961
13 0.7814814999999999 0.46944450000000004 0.8540518344726562 0.5848686727672036
13 0.902963 0.7277779999999999 0.9813402001953124 0.8544904392386531
