0 0.6837500000000001 0.20872449999999998 0.744332275390625 0.29988240043923864
0 0.2546875 0.552064 0.36162628173828126 0.7224567071742313
0 0.2175 0.339118 0.28603759765625003 0.43758948755490484
0 0.23875000000000002 0.793152 0.286016845703125 0.9003397232796487
0 0.271875 0.24906200000000003 0.3228594970703125 0.3289033411420205
0 0.313125 0.14915599999999998 0.3921942138671875 0.257755616398243
0 0.41156250000000005 0.7650094999999999 0.5339730834960938 0.938842927525622
0 0.4053125 0.3344275 0.4983541870117188 0.46104835505124453
0 0.4278125 0.4971855 0.4895822143554687 0.5874520563689605
0 0.423125 0.1829265 0.45083679199218746 0.2539531720351391
0 0.5371874999999999 0.200281 0.6151004028320313 0.2980177628111274
0 0.5328125 0.4863980000000001 0.6019796752929688 0.614672850658858
0 0.5871875 0.3208255 0.6700515747070312 0.43198827013177155
0 0.6334375 0.7720454999999999 0.7431314086914063 0.9388326259150804
0 0.6775 0.46529099999999995 0.76308837890625 0.5931277540263543
0 0.7353125 0.6449345 0.8005319213867188 0.783295732796486
