18 0.264375 0.073415 0.38625 0.309232
18 0.0 0.0 0.0825 0.194661
18 0.0 0.263626 0.09 0.44605100000000003
18 0.0 0.61624 0.099375 0.798665
18 0.08625 0.320356 0.218125 0.500556
18 0.094375 0.593993 0.251875 0.828699
18 0.095625 0.0 0.2275 0.210234
18 0.22625 0.329255 0.356875 0.500556
18 0.255625 0.552836 0.44 0.833148
18 0.3875 0.265851 0.523125 0.45050100000000004
18 0.401875 0.0 0.53875 0.187987
18 0.554375 0.22691899999999998 0.705 0.43826499999999996
18 0.559375 0.0 0.6975 0.14238
18 0.626875 0.607341 0.775625 0.7964399999999999
18 0.6975 0.0 0.819375 0.201335
18 0.74 0.294772 0.878125 0.47274799999999995
18 0.84875 0.0 0.964375 0.17686300000000002
18 0.875625 0.261402 0.99875 0.461624
18 0.920625 0.637375 0.999375 0.828699
