16 0.6476565 0.5507815 0.12343700000000002 0.10781299999999999
16 0.2554685 0.4226565 0.14218699999999995 0.09218699999999996
16 0.255469 0.55625 0.132812 0.09062400000000004
16 0.2875 0.646875 0.1375 0.13437600000000005
16 0.2859375 0.33671850000000003 0.13124899999999998 0.10156300000000001
16 0.3484375 0.4695315 0.11562499999999998 0.08281300000000003
16 0.348437 0.2875 0.09375 0.06875000000000003
16 0.37421899999999997 0.7007815 0.11093800000000004 0.129687
16 0.4140625 0.557031 0.118749 0.11093800000000009
16 0.3984375 0.3578125 0.078125 0.10312499999999997
16 0.41093749999999996 0.2617185 0.09687499999999999 0.12031300000000003
16 0.4164065 0.48046900000000003 0.09218700000000002 0.08281199999999994
16 0.46484349999999997 0.390625 0.08906300000000006 0.134374
16 0.4867185 0.7226565 0.098437 0.11093699999999995
16 0.4921875 0.5281245 0.087499 0.078125
16 0.504687 0.6171875 0.09375 0.1124989999999999
16 0.5039065 0.454688 0.08281300000000003 0.07500000000000001
16 0.517969 0.23749949999999997 0.08593800000000007 0.103125
16 0.532812 0.33203099999999997 0.10000000000000003 0.126562
16 0.558594 0.407813 0.09218800000000005 0.10625000000000001
16 0.5749995 0.4921875 0.11562500000000009 0.078125
16 0.578906 0.7164065 0.10781200000000002 0.11406299999999991
16 0.6265624999999999 0.2609375 0.10312500000000002 0.09687500000000002
16 0.6554685 0.6984375 0.10468699999999997 0.109375
16 0.650781 0.42578150000000003 0.08906200000000009 0.08906300000000006
16 0.6953125 0.6531245 0.1343749999999999 0.109375
16 0.7171875 0.314844 0.09687500000000004 0.09531199999999995
16 0.7601564999999999 0.375 0.12656299999999987 0.09999999999999998
16 0.767188 0.446094 0.13749999999999996 0.07656199999999996
16 0.7382815 0.602344 0.07656300000000005 0.08906199999999997
16 0.7695315 0.5414065 0.13593699999999997 0.09218700000000002
