0 0.064844 0.42812550000000005 0.09837467578125 0.45426990869140627
0 0.067969 0.39453099999999997 0.0936836240234375 0.4136767158203125
0 0.1335935 0.275 0.15611953759765626 0.2966064453125
0 0.197656 0.132031 0.2279319765625 0.16393306347656247
0 0.210156 0.274219 0.22948176953125 0.3044202080078125
0 0.23749949999999997 0.2367185 0.2575800668945312 0.25601882958984373
0 0.24687499999999998 0.6640625 0.2716339111328125 0.6915385014648437
0 0.30625 0.7117184999999999 0.374700927734375 0.7774299624023437
0 0.2632815 0.073438 0.2825558891601563 0.085866283203125
0 0.26953099999999997 0.1273435 0.2887987861328125 0.14362564111328124
0 0.2859375 0.05 0.30909576416015627 0.067139171875
0 0.4242185 0.8085935000000001 0.47302272412109375 0.8476473579101563
0 0.44375050000000005 0.375 0.46987964990234377 0.4121337890625
0 0.4789065 0.325 0.49640731787109377 0.3512446171875
0 0.4929685 0.1875 0.5120185854492187 0.20294189453125
0 0.5007815 0.151563 0.5213859555664062 0.1732899892578125
0 0.513281 0.0859375 0.5323107490234374 0.10929107666015625
0 0.525781 0.196094 0.5463615419921874 0.21543350195312502
0 0.5148440000000001 0.014062999999999999 0.51824722265625 0.0265492666015625
0 0.5359375 0.0 0.5479136235351562 0.026563
0 0.5453125 0.0773435 0.5541554682617187 0.09054946923828125
0 0.550781 0.196094 0.5619621279296875 0.21543350195312502
0 0.7914065 0.115625 0.8101651420898438 0.1389490849609375
0 0.796875 0.0703125 0.8070348017578125 0.08430633544921876
0 0.8242185 0.147656 0.8491950991210937 0.17016780468749998
0 0.8468754999999999 0.114063 0.8663609731445312 0.1452016103515625
0 0.8820315 0.246875 0.9194516411132811 0.2888209111328125
