8 0.635742 0.433594 0.748047 0.5507810000000001
8 0.1875 0.7929689999999999 0.300781 0.9179689999999999
8 0.282227 0.8398439999999999 0.380859 0.960938
8 0.349609 0.786458 0.443359 0.920573
8 0.368164 0.665365 0.453125 0.791667
8 0.380859 0.901042 0.44433599999999995 0.976562
8 0.429688 0.7226560000000001 0.524414 0.8085939999999999
8 0.49706999999999996 0.9257810000000001 0.5722659999999999 0.998698
8 0.649414 0.265625 0.74707 0.398438
8 0.6914060000000001 0.24739600000000003 0.7773439999999999 0.339844
8 0.6992189999999999 0.36979200000000007 0.8085939999999999 0.515625
8 0.7226560000000001 0.959635 0.824219 0.998698
8 0.817383 0.9414060000000001 0.90625 0.998698
8 0.8769530000000001 0.852865 0.976562 0.9973959999999998
