4 0.4175 0.2945455 0.10249999999999998 0.138181
4 0.138125 0.3936365 0.1025 0.14727299999999993
4 0.19968750000000002 0.453636 0.110625 0.11818200000000001
4 0.20875 0.698636 0.11250000000000002 0.168182
4 0.3815625 0.721818 0.09687499999999999 0.07636399999999996
4 0.471875 0.8140904999999999 0.10124999999999995 0.16090900000000002
4 0.49624999999999997 0.19045449999999997 0.10374999999999995 0.113637
4 0.5090625 0.316364 0.116875 0.14181799999999994
4 0.5415625 0.688636 0.12312500000000004 0.18818199999999996
4 0.54 0.19636399999999998 0.05999999999999994 0.10181799999999998
4 0.6590625 0.9654544999999999 0.11687500000000006 0.06727299999999997
4 0.6678125 0.846818 0.11937500000000001 0.17363600000000012
4 0.6815625000000001 0.676364 0.11812499999999992 0.16000000000000006
4 0.756875 0.7827275 0.14875000000000005 0.209091
4 0.7840625 0.64 0.11812500000000004 0.17999999999999988
4 0.8196874999999999 0.407273 0.125625 0.15818200000000002
4 0.835 0.5972725 0.10750000000000004 0.14727299999999996
4 0.8403125 0.5 0.09187499999999993 0.09454599999999992
4 0.858125 0.774091 0.08750000000000002 0.14272799999999988
4 0.9403125 0.697727 0.11812500000000004 0.17363599999999987
