17 0.46399999999999997 0.540667 0.068 0.10000000000000002
17 0.1175 0.5826665 0.05299999999999999 0.07466699999999997
17 0.269 0.22599999999999998 0.043999999999999984 0.06533399999999996
17 0.313 0.483333 0.038000000000000034 0.052000000000000046
17 0.3425 0.5033335 0.02899999999999997 0.049332999999999995
17 0.46199999999999997 0.6866665 0.04799999999999999 0.0666670000000001
17 0.489 0.1466665 0.03600000000000003 0.077333
17 0.5415 0.9253329999999999 0.07299999999999995 0.09599999999999993
17 0.7475 0.205333 0.025000000000000022 0.06399999999999999
17 0.8295 0.37799999999999995 0.06699999999999995 0.084
