6 0.20975 0.27069 0.316228 0.415517
6 0.030148 0.28189699999999995 0.114817 0.409483
6 0.032713 0.126724 0.127646 0.24569000000000002
6 0.035279000000000005 0.5715520000000001 0.47145600000000004 0.880172
6 0.081462 0.214655 0.154586 0.318103
6 0.094291 0.297414 0.226427 0.456034
6 0.10968599999999999 0.15775899999999998 0.176395 0.221552
6 0.12251400000000001 0.069828 0.204618 0.15948299999999999
6 0.136626 0.021552 0.214881 0.08706900000000001
6 0.149455 0.16810299999999997 0.257216 0.318103
6 0.194355 0.109483 0.273894 0.209483
6 0.204618 0.025 0.317511 0.140517
6 0.24695300000000003 0.15431 0.335471 0.27844800000000003
6 0.296985 0.043966000000000005 0.490699 0.36982800000000005
6 0.5073770000000001 0.078448 0.984605 0.36637899999999995
