10 0.2334375 0.78125 0.35312499999999997 0.39749999999999996
10 0.0 0.6525 0.180625 0.291666
10 0.1059375 0.46375000000000005 0.08937500000000001 0.12083400000000004
10 0.16875 0.243333 0.20875 0.31
10 0.2584375 0.394167 0.254375 0.36999999999999994
10 0.440625 0.484583 0.30874999999999997 0.4175
10 0.4509375 0.2575 0.18937500000000002 0.10999999999999999
10 0.52 0.0 0.2425 0.274167
10 0.659375 0.6758335000000001 0.35124999999999995 0.47833299999999995
10 0.693125 0.0 0.23249999999999993 0.1725
10 0.7596875 0.31583350000000004 0.360625 0.42333299999999996
10 0.901875 0.5645835 0.1875 0.380833
10 0.9115625 0.2004165 0.17562500000000003 0.365833
