6 0.123125 0.748477 0.1717547607421875 0.7883650475543478
6 0.2353125 0.5069625 0.32164520263671875 0.6033141922554348
6 0.20875 0.7288945 0.23729614257812498 0.7509676542119565
6 0.323125 0.5887725 0.3278094482421875 0.5945000373641305
6 0.34187500000000004 0.8655355 0.3484161376953125 0.8761090006793478
6 0.361875 0.605744 0.3871466064453125 0.6301599782608696
6 0.3571875 0.8572669999999999 0.36402618408203125 0.8665462350543479
6 0.3609375 0.9177545 0.3665225219726563 0.9308680509510868
6 0.3765625 0.8629245 0.38588226318359375 0.8743715482336958
6 0.3796875 0.9190604999999998 0.3896292114257813 0.9273852764945651
6 0.448125 0.8315925 0.5058123779296875 0.9188001188858693
6 0.48968750000000005 0.604874 0.5595217895507814 0.7206751603260869
6 0.5103125 0.8577020000000002 0.5251266479492187 0.8726376440217393
6 0.599375 0.837685 0.6825396728515625 0.9414208410326088
6 0.610625 0.42993950000000003 0.6887786865234374 0.4928888430706521
6 0.5578125 0.9012180000000001 0.5650802612304688 0.9134835190217392
6 0.5671875 0.8577025 0.5763211059570312 0.8761196433423912
6 0.585 0.5809399999999999 0.6094287109375 0.596251679347826
6 0.7384375 0.8877284999999999 0.7811538696289062 0.9491858471467391
6 0.7959375 0.6057445 0.8410977172851563 0.6493079775815217
6 0.8909374999999999 0.44778100000000004 0.9491299438476563 0.5067896019021738
6 0.91625 0.6092255 0.9447302246093751 0.6745422479619565
