1 0.0390625 0.37890650000000003 0.06714985302734375 0.39181797412109376
1 0.1085935 0.9398439999999999 0.20614395166015623 0.9943951835937499
1 0.03125 0.2054685 0.049969482421875 0.22948634716796876
1 0.103906 0.7414065000000001 0.151460529296875 0.7789639702148438
1 0.09999999999999999 0.3757815 0.13271434375 0.3965080258789062
1 0.117969 0.2445315 0.14207279589843752 0.26538619970703126
1 0.1976565 0.6687495 0.29199497607421876 0.7227839243164063
1 0.14375 0.2976565 0.16548461914062498 0.32158431982421876
1 0.35468750000000004 0.45781249999999996 0.5496536254882813 0.5526779174804687
1 0.3156255 0.136719 0.4075047719726563 0.1889294853515625
1 0.29374999999999996 0.7648435 0.330963134765625 0.8164400825195313
1 0.30312550000000005 0.980469 0.33876697900390623 0.9974805107421875
1 0.43359349999999997 0.778125 0.5089515688476562 0.8664281123046874
1 0.453125 0.0914065 0.48236949511718746 0.11553573583984375
1 0.467969 0.6820315 0.49641799902343753 0.7118339536132813
1 0.4953125 0.7210935 0.5276412963867188 0.7571078071289062
1 0.515625 0.6304685 0.5541844599609375 0.6759463081054687
1 0.588281 0.63125 0.6291125068359374 0.6728205449218749
1 0.614844 0.5460935 0.65564956640625 0.5822787055664063
1 0.6007815000000001 0.80625 0.6228512993164063 0.842962646484375
1 0.651563 0.2546875 0.6790517080078124 0.27787628173828127
1 0.6929685 0.0656245 0.7274482729492188 0.10149791357421875
1 0.7484375 0.1687495 0.7820811040039062 0.19827220556640626
1 0.807031 0.7125 0.8429618837890624 0.74305419921875
1 0.808594 0.1476565 0.842960357421875 0.17173080419921874
1 0.828125 0.2234375 0.8554412841796875 0.2513447993164063
1 0.875781 0.8132815 0.9069567451171876 0.8351437797851562
1 0.8953125 0.2476565 0.9303756713867187 0.27319614794921876
1 0.9242185 0.889844 0.9537844428710938 0.9116310117187499
1 0.9335935000000001 0.1953125 0.9569002875976563 0.22480926513671876
1 0.946094 0.751563 0.9787640800781249 0.7914540517578125
1 0.9476564999999999 0.6210935 0.9787625541992186 0.6618934633789062
