9 0.0 0.5835695 0.082437 0.6479651438802083
9 0.09080049999999999 0.545326 0.13371132875960481 0.6012729401041667
9 0.17383499999999996 0.347734 0.24473118221734355 0.4230602213541667
9 0.14516099999999998 0.7372520000000001 0.18383065751920966 0.7766600364583334
9 0.21565100000000004 0.747167 0.2542432810098793 0.7879791263020834
9 0.2616485 0.20750700000000002 0.32826678979143803 0.28301580859375003
9 0.329749 0.605524 0.33416603622392976 0.6111095572916666
9 0.35065749999999996 0.6359775 0.35445408507135007 0.639398904296875
9 0.353644 0.605524 0.35803480680570804 0.6082765572916666
9 0.35663049999999996 0.582861 0.36042052854006584 0.5884760664062502
9 0.36141 0.6069405 0.3640002821075741 0.6111077128906249
9 0.39008349999999997 0.6111894999999999 0.3950318073545554 0.6181841803385416
9 0.4121865 0.5927764999999999 0.4177075450054885 0.5969621555989583
9 0.41338100000000005 0.6069405 0.4177062338090011 0.6111077128906249
9 0.4880525 0.7067990000000001 0.5609932672886937 0.8078616888020833
9 0.4265235 0.5906515 0.43202880735455546 0.5955479225260417
9 0.5328550000000001 0.7953255 0.5370490878155874 0.799247419921875
9 0.532258 0.8073655 0.5346607431394071 0.8133967428385417
9 0.727001 0.944759 0.7327739747530186 0.9534438450520835
9 0.7335725 0.9334275000000001 0.7387407612513721 0.9407105996093751
9 0.7532854999999999 0.973796 0.7602241223929748 0.9803180364583334
9 0.7616485 0.9730880000000001 0.7649939423710209 0.9789029583333334
9 0.7700119999999999 0.7677054999999999 0.7733487618002195 0.7723713834635416
9 0.8249699999999999 0.9936265000000001 0.8342194346871569 0.9972902154947917
9 0.8345279999999999 0.7698300000000001 0.8401829429198683 0.7752016171875001
9 0.8422940000000001 0.759207 0.8473434182217343 0.7638844492187501
9 0.874552 0.766289 0.8771760087815588 0.7695402278645833
9 0.8805259999999998 0.9298865 0.8843384511525795 0.9364662102864586
9 0.8936675000000001 0.9907935 0.8998550257958288 0.997293904296875
9 0.8936679999999999 0.8930595 0.8974660252469812 0.8996871621093749
9 0.8936679999999999 0.9752124999999999 0.8974660252469812 0.9817331920572917
9 0.9056155 0.9121815 0.9082059105378706 0.916659263671875
9 0.915173 0.800283 0.9189474193194292 0.80632296484375
9 0.919355 0.9787535000000002 0.9249168287596049 0.9845615813802083
9 0.9253285 0.9844195 0.9308842716794731 0.9888032037760417
9 0.9235364999999999 0.726629 0.9261072387486278 0.7313488684895834
9 0.9737155 0.7712464999999998 0.9762311575192096 0.7822817727864583
9 0.994026 0.7790370000000001 0.9977138627881449 0.7851046289062499
