13 0.0234375 0.6627689999999999 0.03685211181640625 0.6847204540145985
13 0.0740625 0.6047710000000001 0.08680267333984375 0.6240001226277372
13 0.09843750000000001 0.5720295000000001 0.11365386962890625 0.5875649204379563
13 0.1090625 0.4260995000000001 0.12239349365234375 0.43997695693430655
13 0.1221875 0.7759590000000001 0.13050567626953125 0.7940032131386862
13 0.1478125 0.5289995000000001 0.16485565185546877 0.5530167379562044
13 0.1890625 0.5710945000000001 0.20169036865234374 0.5875662854014598
13 0.2046875 0.39148750000000004 0.21480010986328124 0.4110284854014599
13 0.20656249999999998 0.18662299999999998 0.21729827880859376 0.20272055766423358
13 0.21625 0.4597755 0.232913818359375 0.485764794890511
13 0.239375 0.5565950000000001 0.2597662353515625 0.5698144525547445
13 0.2746875 0.0453695 0.28785675048828124 0.06447976715328467
13 0.2778125 0.945276 0.29160369873046876 0.9668150350364962
13 0.2834375 0.097287 0.29784820556640623 0.12240197518248176
13 0.2834375 0.1276895 0.29409820556640626 0.14480859197080292
13 0.2915625 0.0 0.30659027099609376 0.031805
13 0.3178125 0.9817589999999999 0.32968963623046876 0.9976317751824817
13 0.3334375 0.8479890000000001 0.34904937744140624 0.8743470598540147
13 0.34625 0.10898050000000001 0.355286865234375 0.12986890437956206
13 0.35468750000000004 0.130028 0.36340362548828126 0.1532241781021898
13 0.3828125 0.1520115 0.39025115966796875 0.16441808540145986
13 0.4034375 0.1665105 0.41460601806640623 0.1793639189781022
13 0.4403125 0.147334 0.45144500732421877 0.16442491386861313
13 0.4634375 0.12301200000000001 0.47829742431640626 0.1466864204379562
13 0.5665625 0.6356405 0.5794467163085937 0.6529540576642335
13 0.6178125000000001 0.5739010000000001 0.6331466674804688 0.5931751883211679
13 0.6203125 0.6094479999999999 0.6368942260742188 0.622122294890511
13 0.629375 0.694574 0.6368853759765625 0.7192850233576643
13 0.6734375 0.5505145 0.6855923461914063 0.5698233291970803
13 0.7090624999999999 0.5318055 0.7255575561523437 0.5604956416058394
13 0.72125 0.842376 0.743670654296875 0.8706132540145985
13 0.7571874999999999 0.837699 0.7723855590820312 0.8584590817518247
13 0.7696875000000001 0.61319 0.7854983520507812 0.6352138321167884
13 0.7909375000000001 0.5603365 0.8023526000976562 0.587581990510949
13 0.8234375 0.5107575000000001 0.8329458618164063 0.5362043686131387
13 0.8334375 0.6356405 0.8448110961914063 0.6529540576642335
13 0.8509375 0.491581 0.8597940063476562 0.5091043635036496
13 0.8621875 0.6758655 0.8779080200195313 0.6931203350364963
13 0.860625 0.6122545 0.8672845458984375 0.629602197810219
13 0.8703125 0.8942935000000001 0.8829000854492188 0.9229224620437956
