4 0.0 0.2004165 0.111875 0.359739041015625
4 0.0 0.571667 0.19625 0.8084226419270832
4 0.3075 0.0 0.51844970703125 0.500833
4 0.364375 0.6933335 0.5727691650390625 0.9515972220052084
4 0.49 0.0 0.665771484375 0.185833
4 0.7075 0.8041670000000001 0.93555908203125 0.9981199075520834
4 0.6015625 0.3333335 0.7106625366210938 0.5145659720052084
4 0.7259375 0.5191665 0.9274160766601562 0.755157001953125
4 0.8275 0.0 0.99856689453125 0.340833
4 0.9271875 0.6654165 0.9984695434570313 0.9116335722656249
