0 0.23584000000000002 0.7135414999999999 0.25269968750000005 0.7334459095052083
0 0.25634749999999995 0.7558595 0.2790466606445312 0.7737558079427083
0 0.25341800000000003 0.7350265 0.26830752148437503 0.7581579342447916
0 0.27148399999999995 0.7141929999999999 0.29367987890624997 0.7308410611979165
0 0.2714845 0.7708334999999998 0.2829378784179688 0.7932673105468749
0 0.29003900000000005 0.7552080000000001 0.29854475878906256 0.7828706562500001
0 0.303711 0.701172 0.3219694072265625 0.7178370156249999
0 0.304199 0.7845049999999999 0.3200149306640625 0.8010615091145833
0 0.30956999999999996 0.718099 0.32489268554687495 0.7373459752604167
0 0.3276365 0.7688799999999999 0.35124204248046875 0.7880608541666668
0 0.32373050000000003 0.6816409999999999 0.3395278569335937 0.6957274466145833
0 0.3276365 0.7942710000000001 0.3405000424804687 0.80365379296875
0 0.35546849999999997 0.6796875 0.37367586279296877 0.697031990234375
0 0.36132850000000005 0.7213540000000002 0.3775771401367188 0.7360397369791668
0 0.361328 0.7766924999999999 0.374647140625 0.785446681640625
0 0.37402349999999995 0.7350260000000001 0.3883067426757812 0.7568549348958334
0 0.385254 0.7845049999999999 0.400014775390625 0.7958535091145834
0 0.38720699999999997 0.7558590000000001 0.4039188681640625 0.7711508085937501
0 0.3999025 0.6920570000000001 0.41562547021484375 0.7048278841145835
0 0.4003905 0.732422 0.41171799365234374 0.7529523255208334
0 0.41748050000000003 0.6959635 0.43220930419921877 0.7074267975260417
0 0.4135745 0.7760415000000002 0.42244811865234383 0.7828435292968751
0 0.423828 0.7565105000000001 0.43903910546874997 0.7685459602864584
0 0.4277345 0.733724 0.44684829052734376 0.7529506302083333
0 0.4287105 0.7154950000000001 0.44294033740234373 0.7334433658854166
