6 0.38468749999999996 0.7917445000000001 0.128125 0.1632269999999999
6 0.38875 0.39634150000000007 0.11375000000000002 0.39493500000000004
6 0.500625 0.675422 0.09624999999999995 0.23827400000000004
6 0.46187500000000004 0.4244839999999999 0.00874999999999998 0.014072000000000001
6 0.46187500000000004 0.40243899999999994 0.006250000000000033 0.015009999999999976
6 0.474375 0.4174485 0.008750000000000036 0.011257000000000017
6 0.4796875 0.36116349999999997 0.009375000000000022 0.013133000000000011
6 0.5409375000000001 0.152439 0.021874999999999978 0.04033799999999998
6 0.5853125 0.7303 0.08812500000000001 0.2560980000000001
6 0.6078125000000001 0.391651 0.114375 0.33865
6 0.7124999999999999 0.6505624999999999 0.04625000000000001 0.100375
6 0.721875 0.7265480000000001 0.011249999999999982 0.023451999999999844
