18 0.906875 0.20536500000000002 0.986875 0.340426
18 0.0 0.41720599999999997 0.113125 0.984274
18 0.0 0.135985 0.216875 0.47178499999999995
18 0.0 0.0 0.29 0.193339
18 0.085 0.458834 0.38125 0.984274
18 0.164375 0.139685 0.408125 0.464385
18 0.250625 0.0 0.44375 0.21739099999999997
18 0.39375 0.500463 0.69125 0.9953749999999999
18 0.421875 0.179463 0.65125 0.549491
18 0.461875 0.0 0.6375 0.208141
18 0.64 0.0 0.84625 0.282146
18 0.671875 0.193339 0.935625 0.581869
18 0.7 0.500463 0.9925 0.999075
18 0.85 0.0 0.999375 0.293247
18 0.8925 0.21739099999999997 0.986875 0.6382979999999999
