10 0.050187499999999996 0.4609375 0.038460999999999995 0.020625000000000004

10 0.11303950000000001 0.3453125 0.025328999999999997 0.02562500000000001

10 0.12054399999999998 0.2521875 0.036585999999999994 0.030625000000000013

10 0.17073149999999998 0.420625 0.02814300000000001 0.012500000000000011

10 0.18996250000000003 0.40531249999999996 0.025328999999999977 0.011875000000000024

10 0.19465249999999998 0.49593750000000003 0.030956999999999957 0.015625000000000056

10 0.22185749999999999 0.4609375 0.038461000000000016 0.030625000000000013

10 0.2453095 0.3371875 0.038461000000000016 0.025624999999999953

10 0.282364 0.3309375 0.03564799999999998 0.024375000000000036

10 0.2861165 0.0815625 0.03377100000000001 0.020625000000000004

10 0.285647 0.1140625 0.01782399999999999 0.020625000000000004

10 0.3076925 0.4840625 0.03001900000000002 0.02562500000000001

10 0.37664200000000003 0.31562500000000004 0.045966 0.023749999999999993

10 0.39258899999999997 0.2984375 0.04596600000000004 0.020625000000000004

10 0.409006 0.41812499999999997 0.04315199999999995 0.03375

10 0.42964350000000007 0.29000000000000004 0.02251500000000009 0.017500000000000016

10 0.4549714999999999 0.30625 0.03377099999999997 0.014999999999999958

10 0.457317 0.4265625 0.03846199999999999 0.020625000000000004

10 0.4732645 0.37187499999999996 0.038461000000000016 0.023749999999999993

10 0.48592899999999994 0.14375 0.018762000000000046 0.022499999999999992

10 0.5009380000000001 0.313125 0.028142000000000056 0.02250000000000002

10 0.5243905 0.1559375 0.013133000000000053 0.015625

10 0.6285179999999999 0.19093749999999998 0.020638000000000083 0.030624999999999986

10 0.687148 0.210625 0.04596600000000004 0.01874999999999999

10 0.753283 0.463125 0.04315200000000003 0.028749999999999998

