11 0.0473855 0.279412 0.06367872509765625 0.30038113671875
11 0.06372549999999999 0.25326800000000005 0.08653876806640624 0.26936066796875
11 0.0988565 0.4926475 0.15676646044921874 0.5550748989257813
11 0.08823500000000001 0.283497 0.10775683300781251 0.29710914746093753
11 0.18464049999999999 0.210784 0.20079968701171874 0.22038215625000002
11 0.348856 0.6919935 0.5078293203125 0.8408272250976564
11 0.2818625 0.4428105 0.36737174365234376 0.5061035678710938
11 0.22140500000000002 0.203431 0.23671178417968752 0.2122193369140625
11 0.3055555 0.8120915000000001 0.3314006059570312 0.8407099418945314
11 0.376634 0.19035950000000001 0.46858619335937496 0.26125210205078125
11 0.48611150000000003 0.424837 0.6645582817382812 0.5437031201171875
11 0.6919935 0.6135619999999999 0.8620692250976564 0.741230818359375
11 0.6919934999999999 0.283497 0.8506312250976562 0.3902461474609375
11 0.8823529999999999 0.4207515 0.9631903271484376 0.49958910986328126
