11 0.5612745 0.1846405 0.6416088803710938 0.2514536870117188
11 0.0645425 0.578431 0.09143997021484375 0.5925721259765625
11 0.0849675 0.8921570000000001 0.12410002392578123 0.9239657529296876
11 0.136438 0.494281 0.171435759765625 0.5142233037109375
11 0.2050655 0.618464 0.23345974072265624 0.64972303125
11 0.378268 0.32924849999999994 0.44570859765625 0.40000546826171873
11 0.4738565 0.6151964999999999 0.5420212495117187 0.6840402221679687
11 0.4795755 0.6944444999999999 0.5501856645507812 0.7444198315429686
11 0.5106204999999999 0.5081695 0.5730303471679687 0.5664967407226563
11 0.5539215 0.6993465000000001 0.5811580610351562 0.7280750444335937
11 0.619281 0.743464 0.6497222333984375 0.7786859609375
11 0.6968955 0.4583335 0.7411494379882813 0.5142584086914063
11 0.7549015 0.7075165 0.8211577915039063 0.7738190659179688
11 0.8022875 0.4632355 0.8554255161132812 0.5191556215820312
11 0.861111 0.1707515 0.8994860712890624 0.19754525048828125
11 0.877451 0.253268 0.9207121142578126 0.29387066796875
11 0.9027775 0.231209 0.9402943813476563 0.2628462099609375
