16 0.06862750000000001 0.5759805 0.08980198095703125 0.5942085190429688
16 0.0947715 0.878268 0.13552844970703123 0.9223453164062501
16 0.13317 0.495098 0.156732951171875 0.514222505859375
16 0.20669950000000004 0.6258170000000001 0.23672614501953126 0.6529838505859376
16 0.3978755 0.3333335 0.45059144970703124 0.39673347900390626
16 0.47303950000000006 0.6143795 0.5403880473632813 0.6791390200195312
16 0.4787585 0.6936275000000001 0.5501864624023437 0.7476886293945312
16 0.5310455 0.50817 0.5762784008789062 0.5550597402343751
16 0.5571895 0.1764705 0.6269068696289062 0.25309566552734375
16 0.5596405 0.7026145 0.5811524760742187 0.7329738530273439
16 0.6176470000000001 0.745098 0.6529918291015625 0.775416365234375
16 0.7001634999999999 0.4616015 0.7493162465820312 0.5158892172851561
16 0.7573525 0.7058825 0.8178873979492187 0.7738206616210938
16 0.7973855 0.4624185 0.8554303032226562 0.5142544194335937
16 0.8888885 0.24754900000000002 0.9403079448242188 0.29714425292968755
