0 0.15192850000000002 0.8378125000000001 0.24060490381791486 0.8829318237304687
0 0.0 0.77 0.109125 0.813623046875
0 0.08607750000000002 0.7109375 0.1428656013215859 0.7586807250976563
0 0.184854 0.6946875 0.26313355506607927 0.7505715942382812
0 0.233772 0.740625 0.3195057224669604 0.7980267333984374
0 0.2648165 0.625625 0.33263113582966225 0.6787640380859374
0 0.2841015 0.868125 0.33730581718061675 0.8935272216796876
0 0.34336799999999995 0.830625 0.41247778854625544 0.8598138427734374
0 0.3457195 0.795625 0.39930433553597655 0.8292230224609375
0 0.39699 0.875 0.4707250484581498 0.9022705078125
0 0.4524929999999999 0.76375 0.5506055462555065 0.8305041503906251
0 0.43179649999999997 0.7 0.5073619375917767 0.74369140625
0 0.44214499999999995 0.6375 0.5092287415565344 0.6631274414062499
0 0.4957669999999999 0.838125 0.5477200014684287 0.8766815185546875
0 0.546096 0.6896875 0.6276080969162997 0.7349514770507812
0 0.519285 0.7596875 0.5580334669603524 0.7880081176757812
0 0.5874885000000001 0.7887500000000001 0.6435403149779735 0.8442297363281249
