6 0.21687499999999998 0.602083 0.29478820800781247 0.6950490377604167
6 0.26 0.42249999999999993 0.35787109375000004 0.5202828697916666
6 0.32218749999999996 0.655417 0.37843536376953124 0.7433135924479166
6 0.344375 0.29125 0.4009136962890625 0.38045376822916666
6 0.3971875 0.6133335 0.4858621215820313 0.7158683886718751
6 0.39125 0.45708299999999996 0.436492919921875 0.5202378398437499
6 0.423125 0.38125000000000003 0.5002117919921875 0.5011705807291666
6 0.528125 0.4420835 0.5826092529296875 0.5385913704427082
6 0.5903125 0.6066665 0.6612985229492188 0.6750430696614584
6 0.635 0.7408334999999999 0.7106298828125001 0.8382023730468751
6 0.628125 0.46375000000000005 0.6881365966796875 0.5493961588541667
6 0.6765625 0.6808329999999999 0.7218392944335937 0.7624464986979166
