8 0.635 0.232645 0.703125 0.335835
8 0.17125 0.622889 0.21125 0.6763600000000001
8 0.2875 0.880863 0.325625 0.9399629999999999
8 0.321875 0.6575979999999999 0.366875 0.719512
8 0.323125 0.745779 0.3575 0.807692
8 0.416875 0.511257 0.45125 0.561914
8 0.418125 0.35741100000000003 0.45375 0.39211999999999997
8 0.428125 0.6425890000000001 0.463125 0.725141
8 0.433125 0.7504689999999998 0.480625 0.827392
8 0.45875 0.780488 0.520625 0.8714820000000001
8 0.4875 0.655722 0.51 0.6848029999999999
8 0.495 0.725141 0.555 0.813321
8 0.50375 0.655722 0.55125 0.7157600000000001
8 0.51125 0.21951199999999998 0.566875 0.298311
8 0.515625 0.884615 0.566875 0.93621
8 0.54625 0.261726 0.588125 0.346154
8 0.6075 0.45403399999999994 0.666875 0.555347
8 0.623125 0.30394 0.681875 0.37335799999999997
8 0.655 0.534709 0.71 0.617261
8 0.6925 0.7926830000000001 0.723125 0.873358
8 0.6975 0.42682899999999996 0.7625 0.515009
8 0.723125 0.802064 0.76625 0.8424020000000001
8 0.740625 0.47279499999999997 0.789375 0.558161
8 0.776875 0.8114450000000001 0.835625 0.888368
8 0.779375 0.8771110000000001 0.823125 0.9380860000000001
