13 0.08489600000000001 0.2308595 0.14676445833333335 0.26852455126953123
13 0.0822915 0.1359375 0.137392849609375 0.17877324853515622
13 0.08906249999999999 0.321875 0.14363403320312498 0.3645296689453125
13 0.0984375 0.416797 0.15299682617187502 0.4550619716796875
13 0.0984375 0.503125 0.15299682617187502 0.5432586669921875
13 0.20989549999999998 0.13359400000000002 0.2611846985677083 0.17408853710937502
13 0.21406249999999996 0.233203 0.2674292727864583 0.2747722626953125
13 0.21406249999999996 0.3214845 0.2674292727864583 0.3606240502929688
13 0.2161455 0.417969 0.26742656054687497 0.45506082714843743
13 0.33125000000000004 0.1289065 0.38706868489583335 0.17174911474609375
13 0.33437500000000003 0.2246095 0.3839396158854167 0.26149965478515624
13 0.336979 0.32109350000000003 0.3891442252604167 0.36296743212890625
13 0.336979 0.412109 0.3891442252604167 0.45037854980468756
13 0.34114549999999993 0.667969 0.39538880013020833 0.7079416865234375
13 0.6770834999999998 0.1359375 0.7303683808593749 0.17877324853515622
13 0.678125 0.2273435 0.7303670247395831 0.27008998486328123
13 0.678125 0.3234375 0.7303670247395831 0.36452814306640624
13 0.680729 0.510547 0.7324466341145833 0.5495014189453126
13 0.6828125000000002 0.41796849999999997 0.7366109212239585 0.4574038276367188
13 0.7984375 0.41718750000000004 0.8531273678385417 0.45740459033203124
13 0.7994795 0.32343750000000004 0.8531260110677085 0.36296514306640626
13 0.8010420000000001 0.2296875 0.8562489765625 0.27008769580078124
13 0.8015625000000001 0.134375 0.853123298828125 0.1740877744140625
13 0.9203125000000001 0.2265625 0.9706766764322917 0.26852874755859374
13 0.9203125000000001 0.32460900000000004 0.9706766764322917 0.3629639990234375
13 0.9234375 0.6726559999999999 0.9769226074218751 0.714968109375
13 0.9244789999999999 0.13203150000000002 0.9790042513020832 0.17409006298828125
13 0.9244789999999999 0.41796900000000003 0.9769212513020834 0.45896682714843745
