0 0.603333 0.299375 0.67504741015625 0.3484576416015625
0 0.365 0.5378125 0.45785773958333326 0.5963497924804688
0 0.40375000000000005 0.6265624999999999 0.4853072838541667 0.6781381225585937
0 0.442083 0.698125 0.53025737109375 0.7649432373046875
0 0.49 0.39937500000000004 0.5576949791666667 0.4358599853515625
0 0.5012500000000001 0.4821875 0.5801803307291666 0.5295291137695313
0 0.5391665 0.656875 0.5851309602864584 0.6912335205078125
0 0.6016665 0.738125 0.685049580078125 0.8111541748046875
0 0.57875 0.6168750000000001 0.6300794192708333 0.6625225830078124
0 0.6108335 0.4309375 0.6758716438802083 0.4714541625976562
0 0.659583 0.518125 0.73247416796875 0.5776190185546874
0 0.6779164999999999 0.33375 0.7166172962239582 0.382799072265625
0 0.6995835 0.4496875 0.741589083984375 0.49518585205078125
0 0.7324999999999999 0.390625 0.7965462239583334 0.4389935302734375
0 0.7200000000000001 0.7484375000000001 0.7690625 0.7936441040039063
0 0.8404170000000001 0.740625 0.90307270703125 0.7817767333984375
