1 0.199375 0.645403 0.275 0.7645400000000001
1 0.248125 0.674484 0.344375 0.812383
1 0.31875 0.662289 0.385625 0.787992
1 0.486875 0.42964399999999997 0.543125 0.535647
1 0.488125 0.553471 0.57375 0.695122
1 0.540625 0.5853659999999999 0.6175 0.729831
1 0.603125 0.560976 0.68375 0.6913699999999999
1 0.606875 0.499062 0.6725 0.574109
1 0.650625 0.270169 0.739375 0.4606
1 0.739375 0.320826 0.83 0.47185699999999997
1 0.743125 0.0 0.809375 0.091932
1 0.744375 0.29549699999999995 0.8375 0.381801
1 0.796875 0.08349 0.911875 0.193246
1 0.813125 0.0 0.92375 0.137899
