16 0.17499999999999996 0.334375 0.26666599999999996 0.15375
16 0.0 0.791875 0.235 0.1087499999999999
16 0.0 0.715 0.28 0.11250000000000004
16 0.06 0.6225 0.09666599999999999 0.09750000000000003
16 0.1466665 0.586875 0.26666700000000004 0.17125
16 0.0891665 0.265625 0.14833300000000002 0.10875000000000001
16 0.2283335 0.518125 0.383333 0.22624999999999995
16 0.2975 0.806875 0.29833400000000004 0.11624999999999996
16 0.349167 0.694375 0.13500000000000004 0.14374999999999993
16 0.4333335 0.250625 0.26666700000000004 0.15625
16 0.461667 0.8656250000000001 0.15000000000000005 0.12875000000000003
16 0.515 0.786875 0.09666599999999992 0.06374999999999997
16 0.5583334999999999 0.40125 0.16666700000000004 0.08250000000000002
16 0.6666664999999999 0.69125 0.20666700000000007 0.22999999999999998
16 0.7658335 0.29062499999999997 0.161667 0.23374999999999999
16 0.86 0.52625 0.106666 0.08749999999999997
16 0.940833 0.505625 0.11499999999999992 0.18375000000000002
