7 0.0 0.9338645000000001 0.073125 0.9653710305105853
7 0.0328125 0.9131475 0.04871795654296875 0.9223688300124532
7 0.15375 0.9828685000000001 0.169224853515625 0.9979790043586552
7 0.1825 0.19482049999999998 0.19982177734375 0.21091238418430885
7 0.1928125 0.2171315 0.19731170654296876 0.22283759962640098
7 0.2121875 0.4828685 0.22416778564453124 0.4942196693648817
7 0.2459375 0.71753 0.2578848266601562 0.7321744383561645
7 0.2628125 0.7398405 0.26974334716796877 0.7528636544209215
7 0.32875 0.251793 0.353428955078125 0.27219643462017434
7 0.3371875 0.2721115 0.36842071533203125 0.29846613138231637
7 0.36875 0.0386455 0.385889892578125 0.04536987359900374
7 0.37406249999999996 0.616733 0.39588470458984376 0.6366819638854296
7 0.395 0.9011949999999999 0.4114892578125 0.922383714819427
7 0.40625 0.6545815 0.418978271484375 0.6796628300124534
7 0.428125 0.9529880000000001 0.4345819091796875 0.9693312154420922
7 0.7653125000000001 0.378486 0.8536276245117187 0.4274166600249066
7 0.7184375000000001 0.9115535 0.7555484008789062 0.9422908150684931
7 0.7846875 0.9649400000000001 0.8304837036132813 0.9980013312577835
7 0.8456250000000001 0.41992 0.8735491943359375 0.46162806102117065
7 0.9493750000000001 0.0334665 0.9721978759765625 0.04378332316313823
