1 0.0 0.48 0.052222000000000005 0.593125
1 0.6399360000000001 0.630625 0.08 0.75375
1 0.015556000000000002 0.560625 0.164444 0.691875
1 0.052222000000000005 0.82875 0.255556 0.895625
1 0.064444 0.673125 0.313333 0.831875
1 0.125556 0.533125 0.383333 0.69375
1 0.197778 0.803125 0.32 0.87125
1 0.252222 0.849375 0.525556 0.910625
1 0.264444 0.714375 0.562222 0.86625
1 0.307778 0.588125 0.574444 0.728125
1 0.383333 0.536875 0.598889 0.603125
1 0.504444 0.75875 0.777778 0.9025
1 0.547778 0.5675 0.8322219999999999 0.756875
1 0.6955560000000001 0.755 0.89 0.896875
