0 0.2584745 0.713125 0.30470489044117643 0.7524285888671876
0 0.123823 0.698125 0.1664849073529412 0.7255682373046874
0 0.121469 0.464375 0.14294736911764705 0.4832965087890625
0 0.18549899999999997 0.6721874999999999 0.22477420735294115 0.6962185668945313
0 0.201036 0.47625 0.22757635882352942 0.492034912109375
0 0.247175 0.8787499999999999 0.30189650735294116 0.912891845703125
0 0.24246700000000002 0.604375 0.268946430882353 0.6369097900390625
0 0.2951975 0.5815625 0.32819088602941177 0.6031820678710937
0 0.29661000000000004 0.5462499999999999 0.3310138088235295 0.564466552734375
0 0.3460455 0.6071875 0.3789641095588236 0.6337820434570313
0 0.3578155 0.7625 0.39966180073529406 0.7873803710937499
0 0.3799435 0.52125 0.4156372595588235 0.535115966796875
0 0.39783450000000004 0.4815625 0.41561094926470593 0.49640472412109377
0 0.454802 0.5375000000000001 0.4720241735294118 0.55572509765625
0 0.48681700000000006 0.49875 0.5181160926470588 0.5188879394531251
0 0.5649715 0.6799999999999999 0.6102801595588235 0.7099609375
0 0.656309 0.609375 0.6901838397058823 0.6394049072265625
0 0.6704334999999999 0.571875 0.708054068382353 0.5919415283203125
0 0.6633709999999999 0.5265625 0.6854654544117648 0.5482357788085938
0 0.688795 0.6912499999999999 0.7343920661764706 0.720574951171875
0 0.7015065 0.5409375 0.7390813727941177 0.5644717407226562
0 0.731168 0.6559375000000001 0.7748197529411764 0.6793594360351562
0 0.7890774999999999 0.5818749999999999 0.8161655919117649 0.6088067626953125
0 0.790019 0.5237499999999999 0.8029812073529412 0.5444885253906251
