5 0.089375 0.677945 0.17875 0.26817
5 0.0953125 0.172515 0.190625 0.12113599999999998
5 0.109375 0.4945695 0.12624999999999997 0.18379299999999993
5 0.24875000000000003 0.6925645 0.17250000000000001 0.2706770000000001
5 0.2596875 0.5104425 0.150625 0.218881
5 0.43625 0.709691 0.16875 0.3015880000000001
5 0.43343750000000003 0.474937 0.143125 0.12447800000000006
5 0.6046875 0.7218045 0.155625 0.29072700000000007
5 0.76125 0.5325815 0.15749999999999997 0.25647499999999995
5 0.7734375 0.4490395 0.08562500000000006 0.10776899999999988
5 0.9159375000000001 0.511696 0.166875 0.23642400000000005
5 0.9340625 0.7656640000000001 0.12687500000000007 0.14118599999999995
