17 0.2384375 0.255 0.111875 0.13333399999999998
17 0.1171875 0.8312499999999999 0.13687500000000002 0.18083399999999994
17 0.1221875 0.4491665 0.09812500000000002 0.14833300000000005
17 0.181875 0.685833 0.16500000000000004 0.20500000000000007
17 0.15968749999999998 0.2091665 0.103125 0.136667
17 0.163125 0.33416650000000003 0.08875 0.10666700000000003
17 0.2009375 0.52625 0.10062499999999996 0.125834
17 0.239375 0.41250000000000003 0.11749999999999997 0.15666599999999997
17 0.250625 0.8875000000000001 0.12 0.16333399999999987
17 0.3128125 0.757917 0.08937499999999998 0.13750000000000004
17 0.36124999999999996 0.914167 0.10125 0.15499999999999994
17 0.400625 0.7654169999999999 0.09125 0.14250000000000007
