0 0.5192055 0.579102 0.6323049633789063 0.6791224707031249
0 0.25227849999999996 0.40234349999999997 0.34285263427734375 0.5197890864257811
0 0.3365885 0.5647785000000001 0.43456730029296875 0.6615574584960938
0 0.31640599999999997 0.2613935 0.351253009765625 0.31159373291015624
0 0.38964849999999995 0.42122400000000004 0.4670674838867187 0.4943806484375
0 0.4111325 0.144206 0.5048065034179687 0.229677173828125
0 0.45638 0.26106799999999997 0.5815853164062501 0.38646405078124996
0 0.5602215 0.391276 0.6537499086914063 0.5100348945312501
0 0.5797525 0.0960285 0.6569858354492187 0.15745822216796876
0 0.5673825 0.21158849999999998 0.6309559155273438 0.2927623706054687
0 0.6839195 0.5690105 0.7747231098632812 0.6700173256835937
0 0.703776 0.186849 0.79553671875 0.2654425302734375
0 0.73112 0.1057945 0.807229015625 0.15614668505859375
0 0.8378909999999999 0.272461 0.9288697470703124 0.40533292480468747
