0 0.6331249999999999 0.20872449999999998 0.7225067138671876 0.3317774004392387
0 0.3225 0.2762665 0.40593505859375 0.4039105102489019
0 0.33218749999999997 0.0 0.40717559814453125 0.136961
0 0.3615625 0.6510319999999999 0.4596469116210938 0.804862805270864
0 0.3634375 0.1693245 0.4021450805664063 0.22114008711566618
0 0.46625 0.38649149999999993 0.5457946777343751 0.5106911266471449
0 0.47375 0.1655725 0.553287353515625 0.2708645805270864
0 0.4571875 0.0 0.5139285278320312 0.10787999999999998
0 0.5725 0.0 0.61881591796875 0.130394
0 0.65625 0.0 0.731234130859375 0.10787999999999998
0 0.70875 0.42964349999999996 0.738682861328125 0.47216594655929717
0 0.7875 0.7298309999999999 0.89485595703125 0.9604694333821375
0 0.7562500000000001 0.5605065 0.831136474609375 0.7064963462664715
0 0.859375 0.48968100000000003 0.9447857666015625 0.6090390439238653
