11 0.226875 0.7675000000000001 0.2904034423828125 0.81675048828125
11 0.0 0.3246875 0.960625 0.42780792236328125
11 0.0 0.45406250000000004 0.984375 0.6501815795898438
11 0.525625 0.5521875 0.9988616943359375 0.8225857543945313
11 0.39875000000000005 0.9453125 0.475235595703125 0.9984518432617188
11 0.4525 0.8646875 0.46830810546875 0.8716555786132814
11 0.48906249999999996 0.8553125 0.5107723999023437 0.8735397338867188
11 0.5131249999999999 0.8265625 0.5332489013671875 0.8479428100585937
11 0.5325 0.7818750000000001 0.5482299804687499 0.7998614501953125
11 0.58125 0.7690625 0.6063073730468751 0.7948739624023438
11 0.60375 0.7290625 0.6219104003906251 0.7455380249023437
11 0.6428125 0.71625 0.6624972534179687 0.7368005371093751
11 0.7521875 0.6178125000000001 0.8198904418945313 0.6906466674804688
11 0.864375 0.504375 0.8985308837890625 0.5576324462890625
11 0.9128125 0.4453125 0.9172335815429687 0.45519012451171875
11 0.9153125 0.4309375 0.9222311401367187 0.43645416259765624
11 0.92625 0.441875 0.932220458984375 0.4483184814453125
