16 0.0 0.7533329999999999 0.021875 0.78235209765625
16 0.0 0.5020835 0.069375 0.5885132454427083
16 0.075625 0.40625 0.0936761474609375 0.42613802864583333
16 0.084375 0.2625 0.1080426025390625 0.293825203125
16 0.114375 0.21583299999999997 0.15301330566406252 0.26305196744791665
16 0.15281250000000002 0.708333 0.18172576904296875 0.73741069140625
16 0.17343750000000002 0.19875 0.21545562744140626 0.2597412109375
16 0.21 0.399167 0.227919921875 0.42614725130208336
16 0.23093750000000002 0.3804165000000001 0.24352447509765623 0.397004666015625
16 0.24562499999999998 0.6595835 0.27163513183593746 0.6883081673177083
16 0.2734375 0.1783335 0.31848297119140623 0.228934794921875
16 0.2625 0.22958299999999998 0.29536865234375004 0.26303406380208333
16 0.27031249999999996 0.84375 0.30536102294921874 0.8980683671874999
16 0.2878125 0.9775 0.3353439331054688 0.9978942135416667
16 0.28875 0.3858335 0.328468017578125 0.4436646126302084
16 0.31875 0.6520830000000001 0.35218872070312496 0.6899839335937501
16 0.30062500000000003 0.5945835 0.3122064208984375 0.608392802734375
16 0.3515625 0.717083 0.37403167724609376 0.7498992981770832
16 0.4225 0.7991665000000001 0.47708740234374997 0.8789594186197918
16 0.4146875 0.51375 0.4458450317382812 0.5501640546875001
16 0.4165625 0.5808335 0.44459320068359376 0.6084107063802083
16 0.42593749999999997 0.102083 0.4577090454101563 0.14070007942708332
16 0.423125 0.6958335 0.4445867919921875 0.720760966796875
16 0.43374999999999997 0.5095835 0.45770141601562503 0.5535034798177082
16 0.4446875 0.6320830000000001 0.45894073486328124 0.6500099752604166
16 0.4640625 0.19291649999999996 0.4976718139648437 0.23724880664062498
16 0.4525 0.382917 0.47330810546875 0.41616841015625
16 0.511875 0.5766665000000001 0.5532501220703124 0.6292491321614584
16 0.5065625 0.3125 0.5301303100585938 0.3454260989583333
16 0.51875 0.6325 0.537618408203125 0.6550094322916667
16 0.5271874999999999 0.379583 0.5426101684570312 0.4003387513020833
16 0.5453125 0.30041650000000003 0.5619674682617187 0.3271088326822917
16 0.5415625 0.35041649999999996 0.5519711303710937 0.372876728515625
16 0.59375 0.7233335 0.651295166015625 0.8015581595052083
16 0.614375 0.44958349999999997 0.6769000244140625 0.5194146048177083
16 0.6065625 0.20624999999999996 0.6344076538085938 0.24389844531249996
16 0.615625 0.3345835 0.6356488037109375 0.36956434440104163
16 0.7475 0.505417 0.7792700195312501 0.5535089049479166
16 0.788125 0.55875 0.8192303466796874 0.5917724609375
16 0.831875 0.0 0.8523126220703126 0.029167000000000002
16 0.846875 0.4970835 0.8691729736328125 0.5335197558593751
16 0.9084375 0.059583 0.9416128540039063 0.09825541796875
16 0.934375 0.15833350000000002 0.9715875244140625 0.20979383658854167
