18 0.662222 0.39297699999999997 0.792222 0.610368
18 0.21777800000000003 0.42140500000000003 0.336667 0.622074
18 0.227778 0.301003 0.427778 0.513378
18 0.24 0.5301 0.323333 0.670569
18 0.3 0.563545 0.45444399999999996 0.79097
18 0.303333 0.5066890000000001 0.426667 0.593646
18 0.30888899999999997 0.714047 0.42444399999999993 0.8795990000000001
18 0.416667 0.7792640000000001 0.504444 0.928094
18 0.416667 0.36789299999999997 0.552222 0.6120399999999999
18 0.42444399999999993 0.602007 0.518889 0.782609
18 0.498889 0.7207359999999999 0.625556 0.9264209999999999
18 0.5122220000000001 0.27424699999999996 0.618889 0.436455
18 0.531111 0.555184 0.683333 0.79097
18 0.545556 0.4280939999999999 0.6744439999999999 0.588629
18 0.62 0.35284299999999996 0.7277779999999999 0.5
18 0.635556 0.545151 0.754444 0.7709029999999999
