18 0.490625 0.271617 0.56375 0.4191729999999999
18 0.25375 0.21616499999999997 0.338125 0.359023
18 0.27125 0.14473699999999998 0.36125 0.233083
18 0.293125 0.260338 0.404375 0.421992
18 0.3275 0.09868400000000001 0.388125 0.161654
18 0.349375 0.19078900000000001 0.415 0.28571399999999997
18 0.353125 0.137218 0.438125 0.214286
18 0.389375 0.30451100000000003 0.48125 0.43796999999999997
18 0.393125 0.077068 0.451875 0.157895
18 0.400625 0.214286 0.501875 0.344925
18 0.42375 0.100564 0.501875 0.20018799999999998
18 0.42875 0.07142899999999999 0.5275 0.161654
18 0.435625 0.161654 0.52125 0.24718000000000004
18 0.490625 0.18327100000000002 0.57875 0.31390999999999997
18 0.495625 0.093045 0.541875 0.15601500000000001
18 0.500625 0.135338 0.585625 0.238722
18 0.541875 0.089286 0.609375 0.23496199999999998
18 0.556875 0.240602 0.646875 0.4050750000000001
18 0.588125 0.131579 0.645625 0.23120300000000005
18 0.598125 0.181391 0.6825 0.32800799999999997
