6 0.661985 0.808125 0.7649810000000001 0.875
6 0.002809 0.564375 0.043071 0.611875
6 0.002809 0.78625 0.069288 0.834375
6 0.014981000000000001 0.868125 0.07397000000000001 0.9075
6 0.081461 0.86125 0.166667 0.9125
6 0.161049 0.890625 0.224719 0.94
6 0.176966 0.751875 0.253745 0.798125
6 0.18633 0.62375 0.248127 0.67375
6 0.243446 0.625625 0.29681599999999997 0.665
6 0.253745 0.70625 0.32209699999999997 0.751875
6 0.273408 0.75375 0.324906 0.796875
6 0.311798 0.585 0.388577 0.6225
6 0.342697 0.644375 0.416667 0.690625
6 0.366105 0.9025 0.4325840000000001 0.94
6 0.381086 0.825625 0.437266 0.86125
6 0.388577 0.950625 0.450375 0.99125
6 0.391386 0.588125 0.45318400000000003 0.63625
6 0.41198500000000005 0.61375 0.47565500000000005 0.663125
6 0.45318400000000003 0.796875 0.524345 0.853125
6 0.45318400000000003 0.671875 0.534644 0.713125
6 0.47097399999999995 0.72 0.5477529999999999 0.764375
6 0.493446 0.649375 0.544944 0.681875
6 0.534644 0.485625 0.601124 0.52
6 0.5477529999999999 0.663125 0.583333 0.68375
6 0.550562 0.629375 0.596442 0.65625
6 0.578652 0.45 0.624532 0.490625
6 0.596442 0.64125 0.66573 0.685625
6 0.608614 0.536875 0.6779029999999999 0.583125
6 0.6217229999999999 0.495625 0.6910109999999999 0.528125
6 0.624532 0.68375 0.6882020000000001 0.723125
6 0.649813 0.6 0.716292 0.643125
6 0.680712 0.671875 0.7397 0.718125
6 0.6882020000000001 0.735 0.7546820000000001 0.795
6 0.744382 0.50625 0.808989 0.5525
6 0.76779 0.588125 0.8342700000000002 0.629375
6 0.7911980000000001 0.86 0.8492510000000001 0.895625
6 0.829588 0.694375 0.88764 0.74375
6 0.86236 0.43125 0.913858 0.476875
6 0.9260299999999999 0.593125 0.974719 0.629375
