16 0.59375 0.30750000000000005 0.23625000000000002 0.23333400000000004
16 0.1290625 0.3229165 0.213125 0.24416700000000002
16 0.11875 0.5554165000000001 0.19 0.29583300000000007
16 0.16062500000000002 0.805 0.225 0.2750000000000001
16 0.2084375 0.13749999999999998 0.20562500000000003 0.24
16 0.2846875 0.5991665 0.206875 0.308333
16 0.33968750000000003 0.33375000000000005 0.200625 0.29083400000000004
16 0.389375 0.845417 0.21749999999999997 0.29750000000000004
16 0.3971875 0.0 0.203125 0.23666700000000004
16 0.4934375 0.562917 0.24437499999999995 0.29749999999999993
16 0.57875 0.8412499999999999 0.26500000000000007 0.3058340000000001
16 0.601875 0.0 0.20875000000000005 0.2225
16 0.799375 0.589583 0.3375 0.3475
16 0.7890625 0.12750000000000003 0.213125 0.21833400000000003
16 0.8071875 0.86 0.239375 0.2783340000000001
16 0.8296874999999999 0.3079165 0.260625 0.280833
