16 0.7035135000000001 0.4105825 0.13024900000000006 0.11566900000000002
16 0.27677799999999997 0.5250205 0.12339400000000003 0.13617700000000005
16 0.356898 0.5844955000000001 0.139674 0.09269899999999998
16 0.38817500000000005 0.6907305 0.1816620000000001 0.1689909999999999
16 0.35775500000000005 0.3199345 0.06255399999999992 0.09187899999999999
16 0.4104545 0.2616895 0.14395899999999998 0.13617700000000002
16 0.577978 0.726415 0.17566399999999993 0.15340399999999998
16 0.6538134999999999 0.28547999999999996 0.14395900000000003 0.149302
16 0.7219365 0.673913 0.15852700000000008 0.15504600000000002
16 0.749786 0.549221 0.14910000000000007 0.19442199999999998
