8 0.590625 0.135937 0.690625 0.229687
8 0.025 0.726562 0.060938 0.75625
8 0.139062 0.676562 0.204688 0.734375
8 0.19375 0.8703129999999999 0.232812 0.909375
8 0.26406199999999996 0.853125 0.29375 0.88125
8 0.285937 0.84375 0.303125 0.859375
8 0.296875 0.4875 0.3375 0.514063
8 0.35625 0.45468800000000004 0.42343800000000004 0.520312
8 0.523438 0.403125 0.7125 0.740625
8 0.590625 0.851562 0.65625 0.9125
8 0.732813 0.5375 0.771875 0.579687
8 0.76875 0.553125 0.825 0.601562
8 0.792188 0.220313 0.853125 0.278125
8 0.814062 0.709375 0.851562 0.742188
8 0.83125 0.560938 0.896875 0.620313
8 0.846875 0.71875 0.878125 0.75
8 0.859375 0.153125 0.8890629999999999 0.18125
8 0.8796870000000001 0.125 0.914062 0.160938
8 0.921875 0.546875 0.959375 0.576563
8 0.9265620000000001 0.582812 0.9671879999999999 0.621875
