16 0.0 0.7124769999999999 0.035625 0.732540841874085
16 0.0 0.6242965 0.05125 0.6848269494875548
16 0.0 0.2743905 0.239375 0.375771256954612
16 0.14125000000000001 0.6454035 0.262362060546875 0.8058090461200584
16 0.0728125 0.693246 0.10867889404296875 0.7325689985358712
16 0.1828125 0.18105049999999998 0.19169647216796873 0.20892791874084918
16 0.2496875 0.5262659999999999 0.31475616455078126 0.6117994787701316
16 0.2784375 0.250469 0.3684780883789063 0.3298392811127379
16 0.33375 0.686679 0.437799072265625 0.8404576134699853
16 0.6521875 0.5318949999999999 0.9987380981445313 0.7403092371888725
16 0.42 0.22983099999999998 0.51208984375 0.3064174978038067
16 0.5346875 0.19559100000000004 0.6144778442382812 0.2605016295754026
