17 0.1053125 0.166946 0.16427215576171875 0.29936376993464053
17 0.24625 0.0 0.296634521484375 0.11380799999999999
17 0.374375 0.7351464999999999 0.4871343994140625 0.9203780241830064
17 0.37093750000000003 0.0 0.3958877563476562 0.022594000000000003
17 0.5034375 0.36150600000000005 0.5807583618164063 0.4488994431372549
17 0.53625 0.1514645 0.580726318359375 0.23076400718954249
17 0.5943750000000001 0.0 0.6375445556640625 0.09958200000000002
17 0.796875 0.11882849999999998 0.8367218017578125 0.20821266862745094
17 0.8284374999999999 0.248954 0.8998159790039063 0.3528125699346405
17 0.83875 0.519247 0.899805908203125 0.6419992457516339
17 0.8946875000000001 0.943933 0.9985012817382812 0.9979291006535947
