0 0.320625 0.6319175 0.3946868896484375 0.7445389070351759
0 0.1775 0.6184045000000001 0.26857666015625 0.6802024879396985
0 0.22375 0.7149295 0.273531494140625 0.7766304778894471
0 0.28812499999999996 0.33204599999999995 0.3909686279296875 0.4179412854271357
0 0.285625 0.7342345 0.3484710693359375 0.8010640758793971
0 0.424375 0.17953650000000002 0.5358355712890625 0.2842465613065327
0 0.42625 0.7715575 0.505833740234375 0.8306275653266333
0 0.503125 0.6544405 0.6182586669921876 0.7380812708542713
0 0.5125 0.3635775 0.5844995117187499 0.49126859547738694
0 0.5625 0.23166000000000003 0.67945068359375 0.28934217587939703
0 0.6256250000000001 0.718147 0.7268890380859375 0.8422642442211055
0 0.60125 0.4427285000000001 0.6681628417968749 0.5169300467336684
0 0.771875 0.5032175 0.8792462158203125 0.5876542537688442
