16 0.0 0.9053125 0.035647000000000005 0.9497409057617188
16 0.0 0.4984375 0.058161000000000004 0.5720132446289062
16 0.0 0.96375 0.163227 0.998433837890625
16 0.0 0.0 0.258912 0.084375
16 0.25703550000000003 0.63 0.30919166691068817 0.683134765625
16 0.53424 0.48124999999999996 0.688710803806735 0.5789050292968749
16 0.518762 0.2875 0.6371394655929722 0.36909423828125
16 0.5698875 0.753125 0.6755256112737922 0.8336395263671875
16 0.6815195000000001 0.868125 0.8292081676427525 0.9697772216796875
16 0.7664165 0.7478125 0.8497218674963398 0.8280197143554687
