0 0.1835935 0.4463540000000001 0.23185170947265624 0.5181688098958334
0 0.223828 0.5598960000000001 0.28884341796874996 0.6211459687499999
0 0.23125 0.2520835 0.286493169921875 0.30383876627604167
0 0.2121095 0.346354 0.24198086181640627 0.39225701822916664
0 0.25507799999999997 0.6703125 0.31068790039062494 0.7303771972656249
0 0.29882850000000005 0.1708335 0.34580217529296875 0.21644456054687503
0 0.3296875 0.6994790000000001 0.3996780395507813 0.7990892200520835
0 0.3710935 0.11979150000000001 0.4191686040039063 0.15817702148437499
0 0.4339845 0.7411460000000001 0.5058261870117188 0.8375769661458334
0 0.4453125 0.096354 0.47456512451171873 0.13008253906249997
0 0.526953 0.765625 0.5947973974609374 0.8719200924479167
0 0.520703 0.0890625 0.5619915009765625 0.12800903320312498
0 0.6015625 0.13281250000000003 0.6462875366210937 0.1842020670572917
0 0.6253905 0.7203125 0.6931392670898437 0.8323950930989583
0 0.6808595000000001 0.1552085 0.7219910981445313 0.20604790559895833
0 0.716016 0.617708 0.776644765625 0.7262786927083335
0 0.7238285 0.22343749999999998 0.7789811362304688 0.27262606575520837
0 0.7624995 0.5494795 0.8195673715820313 0.6472015319010416
0 0.7730465 0.40989600000000004 0.8289320717773438 0.48071628125000004
0 0.7742185 0.32916700000000004 0.8195559272460938 0.3849883971354167
