16 0.7521875 0.40375 0.16062500000000002 0.18249999999999997
16 0.0 0.5491665 0.03125 0.12166699999999997
16 0.0 0.18000000000000002 0.091875 0.255
16 0.0 0.434583 0.133125 0.19250000000000003
16 0.0 0.6908335000000001 0.999375 0.6166670000000001
16 0.1378125 0.3145835 0.166875 0.22916699999999998
16 0.2725 0.3645835 0.1575 0.335833
16 0.595625 0.153333 0.19624999999999998 0.25999999999999995
16 0.756875 0.21833349999999999 0.19625000000000004 0.20833300000000002
16 0.8903125000000001 0.43958350000000007 0.13937499999999992 0.23416700000000001
16 0.9634375 0.6220835 0.07187500000000002 0.22416699999999992
16 0.9796875 0.4758335 0.03937500000000005 0.08666700000000012
