16 0.2809375 0.45875 0.09437499999999999 0.09583399999999997
16 0.325625 0.2604165 0.12624999999999997 0.13083299999999998
16 0.3728125 0.023333499999999997 0.106875 0.04666699999999999
16 0.40874999999999995 0.59125 0.1225 0.11083400000000003
16 0.4971875 0.40458350000000004 0.13187499999999996 0.13916699999999996
16 0.5615625 0.1116665 0.13062499999999994 0.136667
16 0.59 0.59125 0.08125000000000004 0.11416599999999999
16 0.663125 0.3329165 0.07874999999999999 0.13083299999999998
16 0.7253125 0.514583 0.08937499999999998 0.09749999999999992
16 0.7421875 0.20708349999999998 0.08687500000000004 0.11416699999999998
16 0.7596875000000001 0.33041649999999995 0.04937500000000006 0.04583299999999998
