16 0.8063724999999999 0.756536 0.30882299999999996 0.316994
16 0.1895425 0.44117649999999997 0.19934699999999997 0.19607900000000006
16 0.1854575 0.7083335 0.181373 0.18464099999999994
16 0.3210785 0.495915 0.14542500000000003 0.14215600000000012
16 0.3112745 0.620915 0.11601299999999998 0.16993400000000003
16 0.404412 0.8251634999999999 0.2859479999999999 0.2908489999999999
16 0.45179749999999996 0.514706 0.13888899999999998 0.08496799999999993
16 0.5326795 0.38480400000000003 0.12418300000000004 0.15196000000000004
16 0.5473855 0.5776145 0.12745099999999993 0.17483699999999996
16 0.755719 0.5375815 0.15522799999999992 0.15032699999999993
