10 0.34687500000000004 0.375 0.17375000000000002 0.3672839999999999
10 0.03875 0.8626545 0.0775 0.268519
10 0.0425 0.4212965 0.085 0.41666699999999995
10 0.09375 0.233025 0.15000000000000002 0.25
10 0.09625 0.7268519999999999 0.1175 0.34876599999999996
10 0.096875 0.9413580000000001 0.07875000000000001 0.11111199999999993
10 0.1575 0.41203700000000004 0.1375 0.299382
10 0.22187500000000002 0.910494 0.16875 0.17284000000000008
10 0.2425 0.29629649999999996 0.08499999999999996 0.14197499999999996
10 0.255 0.5262344999999999 0.08499999999999999 0.11419700000000005
10 0.253125 0.39043199999999995 0.036250000000000004 0.17592599999999997
10 0.33125000000000004 0.969136 0.06 0.055556000000000036
10 0.40625 0.7870370000000001 0.17000000000000004 0.407408
10 0.476875 0.916667 0.19374999999999998 0.16049399999999997
10 0.466875 0.25000000000000006 0.15125 0.35185200000000005
10 0.514375 0.638889 0.16374999999999995 0.438272
10 0.548125 0.38117300000000004 0.12125000000000002 0.145062
10 0.63375 0.8395064999999999 0.15749999999999997 0.31481500000000007
10 0.65625 0.49691349999999995 0.17999999999999994 0.388889
10 0.6912499999999999 0.2901235 0.11750000000000005 0.13580300000000003
10 0.7849999999999999 0.7191355 0.17000000000000004 0.38888899999999993
10 0.806875 0.9413580000000001 0.16125 0.11111199999999993
10 0.81375 0.41821 0.1725 0.2685179999999999
10 0.8987499999999999 0.660494 0.0824999999999999 0.20987600000000003
10 0.9337500000000001 0.830247 0.13 0.3333339999999999
10 0.956875 0.47993800000000003 0.08374999999999999 0.324074
