4 0.7578125 0.7229169999999999 0.8005099487304688 0.7882257018229165
4 0.0 0.1245835 0.031875 0.18233778190104166
4 0.0 0.5820835000000001 0.0575 0.6434090787760417
4 0.0 0.43999999999999995 0.064375 0.4969270833333333
4 0.0 0.8962499999999999 0.085 0.9613330078125001
4 0.0759375 0.6604165000000001 0.12492584228515625 0.7191400826822917
4 0.09718750000000001 0.5391665 0.15053009033203127 0.5951309602864583
4 0.0965625 0.155833 0.14553070068359375 0.21313009244791667
4 0.0990625 0.39875 0.14552825927734375 0.4578137942708333
4 0.1034375 0.285833 0.15302398681640625 0.3404608216145833
4 0.10500000000000001 0.060833 0.14552246093750001 0.10825379036458332
4 0.12437500000000001 0.91 0.18175354003906252 0.9804821041666667
4 0.150625 0.7445835000000001 0.1904779052734375 0.8031974902343749
4 0.1628125 0.45791650000000006 0.20984100341796874 0.5127367545572917
4 0.16375 0.6183335000000001 0.207340087890625 0.6741948782552085
4 0.1759375 0.336667 0.22170318603515624 0.3937286315104167
4 0.1771875 0.2066665 0.22170196533203124 0.25806390299479165
4 0.24375 0.5779165 0.289761962890625 0.6417475045572916
4 0.5465625000000001 0.0 0.8838412475585937 0.981667
4 0.9321875 0.2970835 0.9828396606445312 0.3612801725260417
4 0.926875 0.494167 0.9659698486328125 0.5435235533854167
4 0.9453125 0.167917 0.9947018432617187 0.2339483580729167
4 0.9484375 0.7525000000000001 0.9984487915039063 0.8173531822916665
4 0.978125 0.065 0.9984197998046875 0.11658236458333333
4 0.98125 0.2525 0.998416748046875 0.3013382239583334
4 0.9878125 0.5508335 0.9984103393554687 0.5967827688802083
