13 0.21625 0.520638 0.34125000000000005 0.38836800000000005
13 0.2209375 0.5159475 0.344375 0.382739
13 0.51375 0.28893050000000003 0.86875 0.386491
13 0.519375 0.282833 0.86 0.39493399999999995
13 0.19187500000000002 0.7743905 0.14625000000000002 0.18480300000000005
13 0.31875 0.742495 0.12 0.17542199999999997
13 0.32125 0.7373355 0.10999999999999999 0.16135099999999994
13 0.42125 0.696529 0.16375000000000006 0.12851799999999997
13 0.47 0.5684804999999999 0.18250000000000005 0.230769
13 0.47906249999999995 0.5647279999999999 0.169375 0.23827400000000004
13 0.7090625 0.5248595 0.14187499999999997 0.11726099999999993
13 0.7109375 0.5164165 0.1356250000000001 0.11163299999999991
