6 0.082192 0.704094 0.229452 0.867836
6 0.145548 0.23742699999999997 0.26455500000000004 0.403509
6 0.17637 0.6233920000000001 0.32363000000000003 0.792982
6 0.23030799999999998 0.20233900000000002 0.285103 0.30292399999999997
6 0.29880100000000004 0.4923979999999999 0.37756799999999996 0.573099
6 0.596747 0.68655 0.719178 0.781287
6 0.641267 0.266667 0.744863 0.385965
6 0.641267 0.375439 0.769692 0.43742700000000007
6 0.696918 0.642105 0.815925 0.784795
6 0.7114729999999999 0.718129 0.870719 0.866667
6 0.73887 0.244444 0.8450340000000001 0.402339
