2 0.385 0.525234 0.466875 0.615888
2 0.061875 0.38691600000000004 0.119375 0.45233599999999996
2 0.24625 0.134579 0.29625 0.174766
2 0.2475 0.25514000000000003 0.29625 0.323364
2 0.29375 0.28972 0.33625 0.36635500000000004
2 0.30125 0.7859809999999999 0.335 0.826168
2 0.324375 0.142056 0.363125 0.176636
2 0.3925 0.749533 0.4425 0.8317760000000001
2 0.530625 0.5074770000000001 0.5925 0.596262
2 0.53875 0.8317760000000001 0.576875 0.9046730000000001
2 0.55875 0.22243000000000002 0.584375 0.271963
