11 0.410625 0.3925 0.4533489990234375 0.4611559322916667
11 0.246875 0.6008334999999999 0.2597589111328125 0.6208846647135416
11 0.396875 0.960833 0.41211242675781246 0.9820819153645833
11 0.44062500000000004 0.5725 0.4570697021484375 0.5909215572916667
11 0.444375 0.8616670000000001 0.45956604003906254 0.8855450377604166
11 0.4625 0.93 0.47329833984375 0.9504560625000001
11 0.5875 0.21749999999999994 0.61942626953125 0.25304979687499995
11 0.6125 0.5475 0.62565185546875 0.5642871093749999
11 0.61625 0.49500000000000005 0.6306481933593749 0.5076884687500001
11 0.650625 0.196667 0.6768646240234375 0.23141092317708334
11 0.649375 0.4033335 0.6718658447265625 0.43947482617187505
11 0.649375 0.5475 0.6593658447265626 0.559287109375
11 0.6575 0.5841664999999999 0.66685791015625 0.5992393665364583
11 0.780625 0.2333335 0.8167376708984375 0.2863631803385417
11 0.79625 0.838333 0.844222412109375 0.8922414205729167
11 0.855625 0.3841665 0.8916644287109374 0.41949978320312503
11 0.888125 0.0 0.9066326904296875 0.031667
11 0.9293750000000001 0.8874999999999998 0.9778424072265625 0.9538444010416666
11 0.909375 0.511667 0.9216119384765625 0.5260007669270833
11 0.95125 0.9441665 0.9978210449218751 0.9971036165364583
