17 0.3953125 0.49945100000000003 0.07687500000000003 0.14270000000000002
17 0.3309375 0.4571900000000001 0.06562500000000004 0.12404000000000012
17 0.39249999999999996 0.4302965 0.06 0.08342499999999996
17 0.4546875 0.4248075 0.06187499999999996 0.09001100000000006
17 0.4925 0.4945115 0.09124999999999994 0.15257900000000002
17 0.5540624999999999 0.48133899999999996 0.073125 0.13501599999999994
17 0.754375 0.38309550000000003 0.03875000000000006 0.07025299999999997
17 0.7831250000000001 0.42041700000000004 0.05500000000000005 0.09440200000000007
17 0.8025 0.385291 0.03750000000000009 0.07025199999999997
17 0.9865625 0.4429200000000001 0.02562500000000001 0.130626
