18 0.221875 0.601313 0.300625 0.716698
18 0.08625 0.6829270000000001 0.19875 0.8114450000000001
18 0.09875 0.7842399999999999 0.2025 0.9155719999999998
18 0.1375 0.8330209999999999 0.23625 0.95591
18 0.1475 0.560037 0.23125 0.670732
18 0.158125 0.624765 0.211875 0.736398
18 0.218125 0.8367729999999999 0.35125 0.950281
18 0.2975 0.622889 0.3575 0.728893
18 0.29875 0.701689 0.359375 0.84803
18 0.34625 0.8311440000000001 0.424375 0.9249529999999999
18 0.34625 0.56379 0.45875 0.727017
18 0.4075 0.732645 0.48875 0.906191
18 0.426875 0.650094 0.49375 0.788931
