4 0.810625 0.6454165 0.9092083740234376 0.7266596139322917
4 0.23093750000000002 0.490833 0.3191494750976563 0.56269389453125
4 0.2534375 0.35166650000000005 0.34225250244140626 0.43037510091145825
4 0.26375 0.6037499999999999 0.36286743164062496 0.6575468671875
4 0.2584375 0.6887500000000001 0.34349761962890624 0.8082701901041666
4 0.2946875 0.7929165 0.37471221923828124 0.933967556640625
4 0.300625 0.276667 0.37845642089843745 0.3838067565104167
4 0.3296875 0.20125 0.3796780395507813 0.3147379557291667
4 0.3559375 0.860417 0.4309024047851563 0.9980466653645834
4 0.4290625 0.17041649999999997 0.49208099365234376 0.282278103515625
4 0.4384375 0.8845835000000001 0.5070718383789062 0.9980151985677085
4 0.55625 0.14791649999999998 0.633831787109375 0.23730740039062495
4 0.553125 0.8958335000000001 0.6082098388671875 0.9980005501302084
4 0.62 0.1904165 0.69814453125 0.2805850618489583
4 0.6265625 0.882917 0.7062631225585938 0.9980173684895833
4 0.6896875 0.8424999999999999 0.7730764770507813 0.9705699947916667
4 0.7075 0.24208300000000002 0.80305908203125 0.3305177877604167
4 0.7603125 0.764583 0.8455075073242186 0.8873374492187499
4 0.7615624999999999 0.3145835 0.8480062866210938 0.3787573860677083
4 0.824375 0.509167 0.9216949462890625 0.5610040221354168
4 0.8184374999999999 0.39458299999999996 0.9010757446289063 0.4628192200520833
