17 0.638125 0.4764595 0.23749999999999993 0.209039
17 0.1728125 0.3371 0.145625 0.327684
17 0.21500000000000002 0.49670400000000003 0.06125 0.11393600000000013
17 0.3425 0.4246705 0.20875000000000002 0.299435
17 0.3465625 0.2801315 0.18312499999999998 0.13653499999999993
17 0.36375 0.20197749999999998 0.1175 0.08568700000000003
17 0.4553125 0.166196 0.17312499999999997 0.14406800000000003
17 0.49031250000000004 0.4943504999999999 0.18187500000000006 0.19962299999999997
17 0.53125 0.3107345 0.15125000000000005 0.16384100000000004
17 0.5834375 0.21845550000000002 0.109375 0.160075
17 0.631875 0.160546 0.14749999999999996 0.20244800000000002
17 0.643125 0.3582865 0.15875000000000006 0.12711899999999995
17 0.7178125 0.28295699999999996 0.11687499999999995 0.12335199999999999
17 0.78125 0.45668549999999997 0.15874999999999995 0.22410499999999997
17 0.8640625 0.39030149999999997 0.12687499999999996 0.17608300000000002
