4 0.643125 0.757525 0.6868719482421874 0.8117187712418301
4 0.460625 0.7458195 0.5133001708984375 0.8184230725490196
4 0.55125 0.8168895000000002 0.598211669921875 0.8902361705882353
4 0.55375 0.678094 0.5957092285156249 0.7332276026143791
4 0.62625 0.6145485 0.669388427734375 0.668092668627451
4 0.713125 0.664716 0.7580535888671875 0.7265560901960785
4 0.714375 0.548495 0.7518023681640624 0.6063060130718954
4 0.785625 0.507525 0.8267327880859375 0.564553568627451
4 0.861875 0.4540135000000001 0.9066583251953124 0.5211455183006537
4 0.86375 0.5668894999999999 0.905406494140625 0.6230049679738563
4 0.925 0.5376255000000001 0.9753466796875 0.5895982215686275
4 0.93625 0.396321 0.9765856933593751 0.4493149333333333
