16 0.7784375 0.7081005 0.11687500000000006 0.11638699999999985
16 0.0715625 0.5716945 0.11562499999999999 0.14152699999999988
16 0.08499999999999999 0.7472065000000001 0.09875 0.12942300000000012
16 0.169375 0.72905 0.09375 0.15456200000000003
16 0.1709375 0.5540035 0.078125 0.14152700000000004
16 0.2278125 0.8943205 0.08687499999999998 0.114525
16 0.24843749999999998 0.539106 0.076875 0.13780199999999995
16 0.2590625 0.7281195 0.085625 0.14152699999999996
16 0.3040625 0.886406 0.06812499999999999 0.13035399999999994
16 0.3278125 0.5283984999999999 0.08187500000000003 0.14245899999999997
16 0.35843749999999996 0.6992550000000001 0.11312499999999998 0.14525199999999996
16 0.395 0.8789569999999999 0.11375000000000002 0.13780200000000004
16 0.4078125 0.5377095 0.075625 0.12383699999999996
16 0.441875 0.37290500000000004 0.08250000000000002 0.11825000000000005
16 0.4515625 0.092644 0.08812500000000001 0.08472999999999999
16 0.441875 0.23137799999999997 0.05624999999999997 0.11452599999999993
16 0.4546875 0.6950649999999999 0.07187499999999997 0.11825000000000001
16 0.49625 0.538175 0.10875000000000001 0.1508379999999999
16 0.494375 0.8738359999999998 0.08749999999999997 0.1163879999999999
16 0.49875 0.234171 0.06749999999999995 0.123836
16 0.5115625 0.3891990000000001 0.060624999999999984 0.096834
16 0.5271875 0.704842 0.080625 0.1489760000000001
16 0.5340625 0.08007449999999999 0.07187499999999997 0.063315
16 0.5762499999999999 0.8617319999999999 0.08750000000000002 0.11825000000000001
16 0.5584375 0.2378955 0.04812499999999997 0.11266299999999999
16 0.5771875 0.38221600000000006 0.07062500000000005 0.11452599999999996
16 0.6025 0.5251399999999999 0.10375000000000001 0.1527
16 0.59625 0.25 0.04749999999999999 0.10893800000000001
16 0.6115625 0.6964619999999999 0.07562500000000005 0.13221600000000003
16 0.6259375 0.090782 0.08062500000000006 0.08473000000000001
16 0.6603125000000001 0.3943205 0.09312500000000001 0.11452500000000004
16 0.65 0.870112 0.07000000000000006 0.10521399999999999
16 0.6525000000000001 0.25372449999999996 0.06500000000000006 0.09404099999999996
16 0.6846875 0.6876165 0.08062499999999995 0.114525
16 0.6934374999999999 0.5339849999999999 0.08062500000000006 0.1350099999999999
16 0.7134375 0.1061455 0.08187500000000003 0.08379900000000003
16 0.7134375 0.24720650000000002 0.06187500000000001 0.11080099999999998
16 0.7146875 0.8673179999999999 0.05687500000000001 0.1219739999999999
16 0.7384375000000001 0.39664800000000006 0.083125 0.13221600000000003
16 0.7818750000000001 0.5437620000000001 0.09875 0.13221600000000003
16 0.774375 0.8701114999999999 0.0625 0.11638699999999978
16 0.77625 0.2527935 0.05624999999999991 0.099627
16 0.7984374999999999 0.09450650000000001 0.083125 0.10707700000000002
16 0.8115625 0.40828699999999996 0.07062500000000005 0.10521399999999995
16 0.8331249999999999 0.274674 0.057499999999999996 0.09683399999999996
16 0.8421875000000001 0.8766295000000001 0.073125 0.1070769999999999
16 0.8684375 0.547486 0.07937499999999997 0.13966399999999998
16 0.8690625 0.4064245 0.06812499999999999 0.127561
16 0.8846875000000001 0.690875 0.08562499999999995 0.13221600000000003
16 0.86875 0.1219735 0.05125000000000002 0.08566100000000001
16 0.8984375 0.267691 0.07062499999999994 0.12569800000000003
16 0.934375 0.41759749999999995 0.0625 0.10893899999999997
16 0.9434374999999999 0.5465545 0.06312499999999999 0.12290499999999994
