18 0.0 0.3253125 0.036667 0.36093231201171877
18 0.0 0.2525 0.0825 0.30787841796875
18 0.12125000000000001 0.23281249999999998 0.1598421223958333 0.2735226440429687
18 0.3329165 0.5615625 0.42789951497395834 0.6694515991210938
18 0.40458299999999997 0.4515625 0.45530619921875 0.5333090209960937
18 0.43541650000000004 0.3559375 0.48526605143229173 0.42402740478515627
18 0.45333300000000004 0.273125 0.48024272265625 0.32660827636718753
18 0.4695835 0.2425 0.4960555631510417 0.27726318359375
18 0.9341665 0.334375 0.9671166373697918 0.3927984619140625
18 0.9700000000000001 0.3890625 0.9979039791666667 0.45774505615234373
