4 0.4046875 0.6077140000000001 0.4664797973632812 0.6905466152716593
4 0.0 0.6566325 0.045625 0.728104781938326
4 0.0965625 0.6862655 0.14178070068359375 0.7374682679882526
4 0.2046875 0.699906 0.25042510986328126 0.7741372378854625
4 0.238125 0.590781 0.29164245605468747 0.6604684801762114
4 0.30874999999999997 0.62841 0.33782348632812503 0.6952202246696036
4 0.5265625 0.5888995 0.5694857788085937 0.6529452430249633
4 0.5384375 0.5898405000000001 0.5732241821289062 0.6331888612334803
4 0.641875 0.5983069999999999 0.6899981689453125 0.6679834287812041
4 0.7403124999999999 0.587488 0.7867770385742188 0.644480315712188
4 0.8518749999999999 0.5964250000000001 0.9060430908203125 0.6773931923641703
4 0.958125 0.579492 0.9984393310546875 0.6510770572687224
4 0.9703125 0.6580435 0.9984274291992188 0.7215177099853157
