17 0.025625 0.509821 0.05125 0.23057199999999997
17 0.033125 0.034158999999999995 0.06625 0.06831799999999999
17 0.0453125 0.30999150000000003 0.090625 0.153715
17 0.0484375 0.15713050000000003 0.096875 0.194705
17 0.0484375 0.7604609999999999 0.096875 0.24167399999999997
17 0.0775 0.35482499999999995 0.10624999999999998 0.16310799999999998
17 0.1265625 0.9244234999999998 0.18937500000000002 0.14944499999999986
17 0.1125 0.4880445 0.13875 0.19385100000000002
17 0.141875 0.7207515 0.15875 0.23228099999999996
17 0.179375 0.12382599999999998 0.15125 0.169086
17 0.188125 0.026473000000000003 0.13124999999999998 0.05294600000000001
17 0.22218749999999998 0.3082835 0.139375 0.206661
17 0.2278125 0.6801879999999999 0.08687499999999998 0.09991399999999999
17 0.281875 0.815969 0.16124999999999998 0.23825799999999997
17 0.2925 0.440649 0.16749999999999998 0.20836799999999997
17 0.3053125 0.083262 0.144375 0.166524
17 0.3465625 0.2796755 0.12937500000000002 0.16994100000000004
17 0.3753125 0.591375 0.166875 0.22630199999999998
17 0.37375 0.2207515 0.14875 0.15798500000000004
17 0.469375 0.735269 0.21500000000000002 0.29547400000000007
17 0.4403125 0.3923995 0.13312499999999994 0.195559
17 0.445625 0.052519 0.13875000000000004 0.105038
17 0.548125 0.498292 0.20500000000000002 0.23996600000000004
17 0.6315625 0.20666099999999998 0.323125 0.276686
17 0.5706249999999999 0.0397095 0.11625000000000008 0.079419
17 0.6384375 0.9013665 0.22187500000000004 0.1955589999999999
17 0.625625 0.670794 0.16999999999999993 0.2519219999999999
17 0.8146875 0.46199799999999996 0.338125 0.42186200000000007
17 0.8103125 0.798463 0.193125 0.22373999999999994
17 0.87375 0.1857385 0.25125 0.371477
17 0.8603125 0.9594364999999999 0.18312499999999998 0.07941899999999986
17 0.9403125 0.770709 0.11812500000000004 0.19214399999999993
17 0.9671875000000001 0.9167375000000002 0.06437499999999996 0.15286100000000002
