10 0.5103125 0.5527305 0.21062499999999995 0.310735
10 0.1278125 0.6313555 0.174375 0.25517900000000004
10 0.14 0.824388 0.19625 0.27401200000000014
10 0.1546875 0.36581899999999995 0.171875 0.28342799999999996
10 0.20968750000000003 0.9590394999999999 0.115625 0.08003700000000001
10 0.31343750000000004 0.5155365 0.184375 0.25517899999999993
10 0.3615625 0.7316385 0.234375 0.2580029999999999
10 0.3409375 0.297081 0.17562500000000003 0.258946
10 0.3815625 0.8874765 0.21812499999999996 0.2231629999999999
10 0.4165625 0.4420905 0.034375000000000044 0.08568700000000007
10 0.5134375 0.3408665 0.12312499999999993 0.12994300000000006
10 0.5659375 0.9185495 0.16687500000000005 0.1610169999999999
10 0.645 0.36864399999999997 0.19874999999999998 0.20809800000000006
10 0.6946875 0.566384 0.18312499999999998 0.26836200000000004
10 0.73625 0.9053670000000001 0.20750000000000002 0.177966
10 0.80375 0.9307909999999999 0.265 0.136534
10 0.754375 0.39265500000000003 0.08000000000000007 0.148776
10 0.830625 0.5532015 0.15000000000000002 0.238229
10 0.8209375 0.7391715000000001 0.12312499999999993 0.16195900000000016
10 0.9175 0.8126174999999999 0.16000000000000003 0.2937850000000001
