1 0.12890600000000002 0.560547 0.18053811523437502 0.62166612109375
1 0.143066 0.45117199999999996 0.202008287109375 0.5241525364583334
1 0.154785 0.22265599999999997 0.2068798427734375 0.2991890833333333
1 0.159668 0.8209635000000001 0.21078207421875 0.8843480371093752
1 0.36376949999999997 0.154948 0.4098007563476563 0.21985024479166668
1 0.4086915 0.8072914999999999 0.45467888720703126 0.8648338391927083
1 0.42480450000000003 0.5670574999999999 0.4722411518554688 0.6216576438802083
1 0.5532225 0.126302 0.6088347436523438 0.1925435442708333
1 0.556152 0.3300785 0.5922298828125 0.3836852102864583
1 0.5844725 0.6673179999999999 0.6312652260742188 0.7478290963541666
1 0.6293949999999999 0.5227865 0.6722373564453125 0.5813502884114584
