13 0.0 0.9196875 0.155625 0.9984768676757813
13 0.2240625 0.7915625 0.35540618896484377 0.9317269897460937
13 0.3471875 0.9403125 0.48841094970703125 0.9984567260742188
13 0.3240625 0.98375 0.4253085327148437 0.998414306640625
13 0.3496875 0.598125 0.4715335083007812 0.6975408935546875
13 0.505625 0.7565625 0.6707562255859375 0.9155111694335938
13 0.623125 0.9606250000000001 0.7581414794921876 0.9984368896484375
13 0.6796875 0.6503125000000001 0.7943362426757813 0.7574899291992188
13 0.859375 0.7784375 0.9985357666015625 0.9673648071289063
13 0.770625 0.579375 0.8004974365234375 0.6344342041015625
13 0.9003125000000001 0.54125 0.9984957885742187 0.624471435546875
13 0.954375 0.4409375 0.9984429931640625 0.48581939697265625
