6 0.0 0.271875 0.071875 0.35
6 0.0 0.40781300000000004 0.092188 0.492188
6 0.0 0.640625 0.1125 0.790625
6 0.03125 0.176563 0.15625 0.245312
6 0.035937000000000004 0.079687 0.10625 0.146875
6 0.096875 0.0125 0.176563 0.059375
6 0.098438 0.30625 0.190625 0.36875
6 0.11718800000000001 0.08125 0.185937 0.145313
6 0.13281199999999999 0.442187 0.24375 0.528125
6 0.134375 0.729688 0.303125 0.914062
6 0.15 0.196875 0.25156300000000004 0.27968699999999996
6 0.182812 0.003125 0.27968699999999996 0.070312
6 0.203125 0.354688 0.31093699999999996 0.446875
6 0.2375 0.096875 0.332812 0.159375
6 0.270312 0.45625 0.395312 0.542188
6 0.30625 0.207813 0.409375 0.290625
6 0.307813 0.025 0.403125 0.085938
6 0.31875 0.73125 0.526563 0.9265620000000001
6 0.36093800000000004 0.34375 0.495313 0.457812
6 0.38906199999999996 0.14375 0.490625 0.2125
6 0.421875 0.248437 0.58125 0.315625
6 0.44375 0.04375 0.535937 0.103125
6 0.446875 0.45468800000000004 0.559375 0.529688
6 0.495313 0.145313 0.6125 0.239063
6 0.526563 0.346875 0.651563 0.425
6 0.5375 0.79375 0.740625 0.99375
6 0.60625 0.054688 0.679688 0.107813
6 0.629687 0.0 0.7 0.04375
6 0.634375 0.495313 0.740625 0.6125
6 0.6375 0.239063 0.709375 0.320312
6 0.6375 0.16406199999999999 0.748438 0.25
6 0.678125 0.370313 0.79375 0.453125
6 0.6875 0.075 0.765625 0.14375
6 0.707812 0.009375 0.773438 0.059375
6 0.726562 0.254687 0.821875 0.325
6 0.75 0.520312 0.8765620000000001 0.626562
6 0.75625 0.146875 0.859375 0.239063
6 0.770312 0.096875 0.85625 0.139062
6 0.8 0.765625 0.9984379999999999 0.9390620000000001
6 0.803125 0.0015630000000000002 0.890625 0.05
6 0.828125 0.3875 0.960938 0.495313
6 0.88125 0.301562 0.9984379999999999 0.384375
6 0.946875 0.553125 0.9984379999999999 0.678125
6 0.9484379999999999 0.1875 0.9984379999999999 0.239063
6 0.9578120000000001 0.103125 0.9984379999999999 0.165625
