6 0.1571875 0.3804165 0.2604714965820312 0.547004666015625
6 0.2921875 0.49833299999999997 0.3209646606445312 0.52268412890625
6 0.405 0.7712500000000001 0.49897949218750004 0.9598287682291667
6 0.55375 0.3279165 0.5844592285156249 0.400406025390625
6 0.5571875 0.159167 0.5869558715820312 0.21645975130208336
6 0.6625 0.08958300000000001 0.74560302734375 0.15321635546874998
6 0.6275 0.8125 0.67063720703125 0.8722750572916667
6 0.5990625 0.24458350000000004 0.6075399780273438 0.25634853190104173
6 0.6721874999999999 0.16874999999999998 0.6787185668945312 0.17894727343750003
6 0.7290625 0.19000000000000003 0.7367880249023437 0.19891960416666668
6 0.79125 0.6566664999999999 0.816727294921875 0.7124779654947916
