13 0.44625 0.8250465 0.501439208984375 0.8946640256222547
13 0.33968750000000003 0.8367729999999999 0.3834182739257812 0.9162228565153734
13 0.49875 0.7753285000000001 0.532012939453125 0.8262568191800879
13 0.6921875 0.673077 0.7086990356445312 0.6969505285505125
13 0.73 0.6763600000000001 0.740537109375 0.7091407218155199
13 0.78125 0.6904315000000001 0.794862060546875 0.7203771193265007
13 0.8043750000000001 0.6979365 0.8254644775390625 0.7259951310395315
13 0.8021875 0.7664165 0.8160916137695313 0.7859318674963398
13 0.82375 0.6242965 0.847320556640625 0.6529319494875548
13 0.8371875 0.7790805 0.8523074340820312 0.7952943257686677
13 0.8446875 0.7462479999999999 0.8635501098632813 0.7681383967789165
13 0.8746875000000001 0.7607880000000001 0.8928958129882812 0.7859401083455344
