12 0.011875 0.21666700000000003 0.02375 0.08999999999999997
12 0.0125 0.21666700000000003 0.025 0.08999999999999997
12 0.023125 0.8458335 0.041249999999999995 0.04833299999999996
12 0.025625 0.8424999999999999 0.04125 0.04833399999999995
12 0.037500000000000006 0.7283330000000001 0.0575 0.06000000000000005
12 0.056874999999999995 0.3875 0.09625 0.13166599999999998
12 0.030625 0.8091670000000001 0.03875000000000001 0.034999999999999996
12 0.03375 0.8091665 0.042499999999999996 0.02833299999999994
12 0.038125 0.3525 0.028749999999999998 0.05166599999999999
12 0.06375 0.145 0.055 0.056665999999999994
12 0.064375 0.1466665 0.05375 0.053333
12 0.07875 0.5733334999999999 0.07 0.0866669999999999
12 0.07375000000000001 0.3575 0.05 0.07166600000000001
12 0.08374999999999999 0.570833 0.06999999999999999 0.09499999999999997
12 0.11687499999999999 0.2325 0.12625 0.15833400000000003
12 0.11687499999999999 0.23500000000000001 0.12125 0.16000000000000003
12 0.07375 0.4166665 0.03 0.046667000000000014
12 0.10375000000000001 0.781667 0.03749999999999999 0.06000000000000005
12 0.105 0.7758335000000001 0.037500000000000006 0.06833300000000013
12 0.12062500000000001 0.920833 0.031250000000000014 0.055000000000000014
12 0.12312500000000001 0.9225 0.02875000000000001 0.04833399999999995
12 0.15375 0.725 0.06 0.08333400000000009
12 0.155625 0.7316670000000002 0.05875 0.07999999999999992
12 0.229375 0.7266665 0.09375 0.09666700000000006
12 0.20875 0.7441665000000001 0.047500000000000014 0.06166700000000006
12 0.23 0.47666649999999994 0.07 0.10333299999999997
12 0.23125 0.47833299999999995 0.0675 0.09999999999999994
12 0.229375 0.7208335 0.04125000000000001 0.05833299999999989
12 0.27 0.08416699999999999 0.047500000000000014 0.07500000000000001
12 0.27125 0.08166649999999999 0.04500000000000001 0.076667
12 0.281875 0.46833349999999996 0.05375000000000002 0.07666699999999997
12 0.28 0.4658335 0.044999999999999984 0.081667
12 0.28437500000000004 0.5583335 0.04375000000000001 0.06666699999999996
12 0.27625 0.8591665 0.025000000000000022 0.048333000000000105
12 0.28500000000000003 0.5625 0.04250000000000004 0.055000000000000014
12 0.27749999999999997 0.8616670000000001 0.024999999999999967 0.05999999999999991
12 0.32999999999999996 0.7458335000000001 0.08000000000000002 0.13166700000000006
12 0.330625 0.195833 0.05625000000000002 0.07499999999999997
12 0.32437499999999997 0.5675 0.04124999999999995 0.07833400000000006
12 0.3275 0.5666665 0.044999999999999984 0.07666700000000004
12 0.33187500000000003 0.19166700000000003 0.05124999999999996 0.07000000000000002
12 0.34062499999999996 0.8450000000000001 0.03375 0.06333400000000007
12 0.343125 0.8408335 0.03375 0.071667
12 0.37124999999999997 0.4925 0.065 0.07833399999999997
12 0.39125 0.325833 0.09999999999999998 0.09499999999999997
12 0.395 0.3275 0.10499999999999998 0.09833399999999999
12 0.375 0.4758335 0.057499999999999996 0.10833300000000001
12 0.410625 0.42333350000000003 0.08374999999999999 0.1033329999999999
12 0.41125 0.42666699999999996 0.08250000000000002 0.10000000000000002
12 0.43062500000000004 0.7525 0.08625 0.1383340000000001
12 0.431875 0.748333 0.08374999999999999 0.13999999999999999
12 0.481875 0.7291664999999999 0.18125000000000002 0.40833299999999983
12 0.450625 0.6425 0.08125000000000004 0.10166599999999996
12 0.451875 0.554167 0.058750000000000024 0.07500000000000002
12 0.456875 0.48083349999999997 0.036250000000000004 0.061666999999999916
12 0.456875 0.48 0.036250000000000004 0.05333399999999999
12 0.48 0.8799999999999999 0.07499999999999996 0.11666599999999994
12 0.45875 0.0583335 0.030000000000000027 0.033332999999999995
12 0.48124999999999996 0.8808335 0.07 0.12166700000000012
12 0.45875 0.05250000000000001 0.022499999999999964 0.04166600000000001
12 0.49624999999999997 0.7075 0.07499999999999996 0.125
12 0.49124999999999996 0.1075 0.022499999999999964 0.038334
12 0.53625 0.7975 0.07000000000000006 0.09166600000000003
12 0.54625 0.44916700000000004 0.08000000000000007 0.09500000000000004
12 0.53875 0.8816665 0.0625 0.07666700000000004
12 0.56125 0.6558335000000001 0.08499999999999996 0.12833300000000003
12 0.5625 0.6541665 0.08000000000000007 0.13166700000000006
12 0.5687500000000001 0.3766665 0.07999999999999996 0.10333299999999997
12 0.5718749999999999 0.37250000000000005 0.07625000000000004 0.09499999999999997
12 0.591875 0.59 0.07374999999999998 0.09333400000000003
12 0.5975 0.5833335000000001 0.08250000000000002 0.10666699999999991
12 0.608125 0.37666649999999996 0.026249999999999996 0.07666699999999997
12 0.6125 0.375 0.022500000000000075 0.06333399999999993
12 0.631875 0.6224999999999999 0.04625000000000001 0.07500000000000002
12 0.634375 0.624167 0.03875000000000006 0.07499999999999996
12 0.650625 0.725 0.03875000000000006 0.07999999999999992
12 0.65125 0.7258334999999999 0.03499999999999992 0.08166699999999993
12 0.6581250000000001 0.883333 0.036250000000000004 0.06000000000000005
12 0.66 0.8850000000000001 0.040000000000000036 0.06333400000000007
12 0.684375 0.43500000000000005 0.03874999999999995 0.043333999999999984
12 0.69375 0.7308335 0.05249999999999999 0.08166700000000009
12 0.69375 0.735 0.05249999999999999 0.08000000000000007
12 0.691875 0.8808334999999999 0.026249999999999996 0.051666999999999984
12 0.693125 0.8783335 0.02124999999999999 0.053333
12 0.7262500000000001 0.165 0.03749999999999998 0.033333999999999996
12 0.72125 0.6308330000000001 0.025000000000000022 0.034999999999999996
12 0.721875 0.635833 0.026249999999999996 0.03499999999999992
12 0.72375 0.1658335 0.030000000000000027 0.031667
12 0.7281249999999999 0.968333 0.036250000000000004 0.06000000000000005
12 0.725625 0.278333 0.026249999999999996 0.040000000000000036
12 0.729375 0.968333 0.03374999999999995 0.06000000000000005
12 0.725625 0.2758335 0.02124999999999999 0.02833299999999998
12 0.7375 0.5841664999999999 0.02749999999999997 0.041667000000000044
12 0.74125 0.5833335000000001 0.030000000000000027 0.04333299999999992
12 0.7437499999999999 0.9325 0.025000000000000022 0.034999999999999844
12 0.746875 0.9308335 0.026249999999999996 0.04833299999999996
12 0.7475 0.6483335 0.02749999999999997 0.036667000000000005
12 0.750625 0.8958335000000001 0.03374999999999995 0.048333000000000105
12 0.7525 0.8975 0.032500000000000084 0.045000000000000075
12 0.750625 0.6533335 0.023749999999999938 0.04333300000000014
12 0.759375 0.15 0.03374999999999995 0.04
12 0.76125 0.150833 0.03749999999999998 0.045000000000000005
12 0.7625 0.5425 0.039999999999999925 0.041665999999999905
12 0.761875 0.5458335 0.03125 0.051666999999999984
12 0.76875 0.6641665 0.029999999999999916 0.038332999999999874
12 0.77125 0.6649999999999999 0.030000000000000027 0.04666599999999995
12 0.775625 0.9325 0.03374999999999995 0.05833400000000003
12 0.779375 0.5633335 0.03125 0.053333
12 0.7775000000000001 0.9349999999999999 0.025000000000000022 0.05666600000000003
12 0.78375 0.5625 0.02749999999999997 0.05166599999999999
12 0.795625 0.6749999999999999 0.03125 0.04999999999999982
12 0.7987500000000001 0.6808335 0.03749999999999998 0.041667000000000044
12 0.8006249999999999 0.09250000000000001 0.036250000000000004 0.038333999999999986
12 0.801875 0.089167 0.03875000000000006 0.03500000000000001
12 0.80375 0.593333 0.03749999999999998 0.040000000000000036
12 0.803125 0.596667 0.03374999999999995 0.03999999999999989
12 0.8087500000000001 0.2016665 0.03749999999999998 0.036667000000000005
12 0.8118749999999999 0.885833 0.036250000000000004 0.055000000000000014
12 0.809375 0.166667 0.028749999999999942 0.03999999999999996
12 0.810625 0.1625 0.03125 0.044999999999999964
12 0.815 0.8875000000000001 0.03500000000000003 0.05833400000000003
12 0.8125 0.201667 0.02750000000000008 0.030000000000000027
12 0.8125 0.9708335 0.02750000000000008 0.04833299999999996
12 0.81375 0.9716665 0.02749999999999997 0.053333
12 0.819375 0.7283335000000001 0.026249999999999996 0.036667000000000005
12 0.819375 0.7308335 0.026249999999999996 0.03833300000000003
12 0.838125 0.9816664999999999 0.03125 0.03333299999999998
12 0.8400000000000001 0.608333 0.03500000000000003 0.040000000000000036
12 0.84125 0.9433334999999999 0.03749999999999998 0.043333000000000066
12 0.84125 0.9791664999999999 0.03749999999999998 0.03833300000000003
12 0.843125 0.9466665000000001 0.03374999999999995 0.04333299999999992
12 0.884375 0.566667 0.03374999999999995 0.040000000000000036
12 0.884375 0.5650000000000001 0.028750000000000053 0.04666599999999995
12 0.885625 0.6375000000000001 0.028750000000000053 0.04833399999999995
12 0.885625 0.6433335 0.02124999999999999 0.05333300000000015
12 0.943125 0.9541665 0.11125000000000007 0.088333
12 0.943125 0.9566665 0.11125000000000007 0.08333299999999995
