2 0.155469 0.404167 0.282031 0.590625
2 0.088281 0.397917 0.166406 0.559375
2 0.123438 0.565625 0.244531 0.7218750000000002
2 0.146875 0.2625 0.2375 0.388542
2 0.202344 0.680208 0.322656 0.804167
2 0.2375 0.253125 0.361719 0.423958
2 0.288281 0.397917 0.42890600000000006 0.560417
2 0.303125 0.611458 0.42421899999999996 0.773958
2 0.353906 0.194792 0.45546899999999996 0.305208
2 0.389844 0.288542 0.49843699999999996 0.414583
2 0.397656 0.716667 0.448438 0.7624999999999998
2 0.41640600000000005 0.461458 0.521875 0.601042
2 0.42421899999999996 0.616667 0.526563 0.767708
