16 0.32718749999999996 0.7254165 0.11062500000000003 0.16583299999999998
16 0.03 0.781667 0.06 0.43500000000000005
16 0.1584375 0.1145835 0.10187500000000001 0.165833
16 0.1696875 0.27916650000000004 0.08812500000000001 0.20166700000000004
16 0.21875 0.4329165 0.10375000000000001 0.22083299999999992
16 0.23593750000000002 0.653333 0.09937500000000002 0.20000000000000004
16 0.2728125 0.8554170000000001 0.16562500000000002 0.2875000000000001
16 0.239375 0.1604165 0.09 0.18083299999999994
16 0.27749999999999997 0.2995835 0.10749999999999998 0.194167
16 0.299375 0.060000000000000005 0.12749999999999997 0.09833400000000002
16 0.3059375 0.44250000000000006 0.05312500000000003 0.09166600000000003
16 0.3409375 0.18916650000000002 0.09687500000000004 0.156667
16 0.3665625 0.36000000000000004 0.104375 0.163334
16 0.3990625 0.9554170000000001 0.09437499999999999 0.08750000000000006
16 0.4125 0.5975 0.11374999999999996 0.19499999999999998
16 0.41375 0.744167 0.036250000000000004 0.05999999999999991
16 0.45125 0.0804165 0.07750000000000001 0.160833
16 0.458125 0.9441670000000001 0.07374999999999998 0.11000000000000003
16 0.48812500000000003 0.76625 0.11500000000000005 0.22249999999999992
16 0.4878125 0.17125 0.09687499999999999 0.165834
16 0.515 0.9349999999999999 0.11999999999999994 0.12833400000000017
16 0.5237499999999999 0.30458349999999995 0.11875000000000002 0.17083299999999998
16 0.5396875 0.08291649999999999 0.09687499999999999 0.16583299999999998
16 0.5615625 0.5079165 0.08937499999999998 0.18416699999999997
16 0.5790625 0.20750000000000002 0.09062500000000007 0.12
16 0.589375 0.0716665 0.08499999999999996 0.143333
16 0.5918749999999999 0.34 0.07500000000000007 0.09666599999999996
16 0.6196875 0.6983335 0.10187500000000005 0.2266670000000001
16 0.6353125 0.1654165 0.08187500000000003 0.13583299999999998
16 0.6321875 0.5079165 0.059374999999999956 0.11916700000000002
16 0.6746875 0.905417 0.13187499999999996 0.1875
16 0.668125 0.2929165 0.11375000000000002 0.22583300000000003
16 0.684375 0.5908335 0.10499999999999998 0.15666700000000003
16 0.7146875 0.46666649999999993 0.10062499999999996 0.11166699999999996
16 0.72875 0.7654165 0.12375000000000003 0.240833
16 0.7890625 0.6408335 0.09937499999999999 0.21166699999999997
16 0.8456250000000001 0.8370829999999999 0.10999999999999999 0.24250000000000002
