13 0.36017550000000004 0.8251955 0.4767786566617863 0.8673581450195312
13 0.0 0.44677700000000004 0.19472899999999996 0.5034696943359376
13 0.0 0.3217775 0.24743800000000002 0.39909976416015625
13 0.0 0.1577145 0.272328 0.23812698193359375
13 0.1625185 0.731934 0.2706260519765739 0.783465220703125
13 0.16910699999999998 0.8198245 0.2706164055636896 0.8595513901367188
13 0.1654465 0.6347659999999999 0.24719576500732066 0.679068111328125
13 0.3689605 0.7197264999999999 0.4723737942898975 0.7707811420898438
13 0.3696925 0.635254 0.4665157225475841 0.6937156347656249
13 0.5556369999999999 0.7309574999999999 0.6434034758418742 0.7727241743164062
13 0.5556369999999999 0.8222655000000001 0.6434034758418742 0.8644310063476563
13 0.5680820000000001 0.617676 0.6594902547584188 0.6693188007812501
13 0.7430454999999999 0.8144534999999999 0.8378580856515372 0.8595566352539062
13 0.753294 0.7128909999999999 0.8539480805270864 0.7678588173828125
13 0.765739 0.621582 0.8553938594436309 0.662478986328125
13 0.871889 0.27734349999999997 0.9972594421669106 0.35226815673828127
13 0.8477305 0.3764645 0.9387298133235724 0.40490535888671875
13 0.8674965 0.1396485 0.962126873352855 0.20689462451171875
