4 0.265625 0.6565219999999999 0.31712360058593747 0.7675542226086957
4 0.247559 0.4513045 0.3132352431640625 0.5348671226086957
4 0.29394549999999997 0.33043500000000003 0.36006494384765625 0.40638233043478267
4 0.3232425 0.7886955000000001 0.39128633349609376 0.882106355652174
4 0.3725585 0.15913049999999998 0.4449481733398437 0.2762452513043478
4 0.398926 0.872174 0.45761842382812495 0.996744175652174
4 0.474121 0.92 0.5337169912109375 0.9966610000000001
4 0.49023400000000006 0.15913049999999998 0.5366302558593751 0.2762452513043478
4 0.5253905 0.8313044999999999 0.5795649233398438 0.9324672530434782
4 0.5976565 0.2591305 0.6429713510742188 0.39607133826086954
4 0.6049804999999999 0.8495649999999999 0.6576121987304687 0.9602614956521739
4 0.637207 0.693913 0.7142217275390624 0.8127061947826086
4 0.6840824999999999 0.24782600000000002 0.7503089506835937 0.3578299982608696
4 0.7182615 0.5956524999999999 0.7795715727539062 0.7137470826086956
4 0.7182615 0.41913049999999996 0.7776185727539062 0.5053580773913043
