0 0.615625 0.47666699999999995 0.7587738037109375 0.7035463398437499
0 0.0 0.85125 0.12375 0.9963916015625
0 0.0 0.5191665 0.16375 0.7976570019531249
0 0.0 0.0 0.1925 0.325833
0 0.3059375 0.81 0.4878262329101562 0.9981123125000001
0 0.3453125 0.0 0.49278778076171875 0.224167
0 0.33875 0.40541699999999997 0.475919189453125 0.64113911328125
0 0.5928125 0.0 0.7212960815429688 0.22083299999999997
0 0.8612500000000001 0.0 0.976658935546875 0.265833
0 0.878125 0.4891665 0.9985174560546876 0.749363064453125
0 0.9684375000000001 0.0 0.9984292602539062 0.1175
