11 0.8206249999999999 0.895 0.9223236083984375 0.9988346354166667
11 0.08875 0.340417 0.124913330078125 0.3787237486979167
11 0.15625 0.371667 0.233597412109375 0.43368305859375006
11 0.16749999999999998 0.2520835 0.23858642578125 0.3146717662760417
11 0.2196875 0.32958350000000003 0.29041046142578125 0.39623785481770835
11 0.3171875 0.18583349999999998 0.3815652465820313 0.242258029296875
11 0.5421875 0.9520835 0.6457205200195313 0.9979273079427085
11 0.8234375 0.08666649999999998 0.8854458618164063 0.14488715299479163
11 0.8525 0.0 0.92791748046875 0.0725
11 0.913125 0.6458335000000001 0.9984832763671875 0.7216590709635416
11 0.9293750000000001 0.32875 0.9984674072265625 0.3879049401041666
11 0.9396875 0.562917 0.9984573364257813 0.6509340351562499
