16 0.7942685 0.39875000000000005 0.180143 0.1325
16 0.20112549999999998 0.3415625 0.087001 0.06312499999999999
16 0.21033749999999996 0.48375 0.07267099999999999 0.065
16 0.272262 0.40531249999999996 0.17400200000000002 0.133125
16 0.3116685 0.520625 0.162743 0.12125000000000002
16 0.30040949999999994 0.259375 0.07267099999999999 0.06624999999999998
16 0.43346999999999997 0.3175 0.17093199999999997 0.09750000000000003
16 0.43346999999999997 0.1984375 0.16479 0.13312500000000002
16 0.455476 0.057812499999999996 0.06346000000000007 0.059375
16 0.535312 0.1090625 0.08392999999999995 0.080625
16 0.6484135 0.2975 0.18730900000000006 0.08875
16 0.7732855000000001 0.565 0.17297900000000008 0.0737500000000001
16 0.754862 0.5 0.12589600000000004 0.08374999999999999
16 0.835722 0.299375 0.16478999999999985 0.11624999999999999
16 0.9211870000000001 0.4221875 0.10644800000000014 0.109375
16 0.9437050000000001 0.2825 0.08393000000000013 0.11625000000000002
