18 0.177358 0.21395300000000003 0.23396199999999998 0.32093
18 0.19245299999999999 0.693023 0.275472 0.774419
18 0.20565999999999998 0.36046500000000004 0.292453 0.44651199999999996
18 0.209434 0.095349 0.301887 0.15814
18 0.239623 0.495349 0.328302 0.57907
18 0.277359 0.283721 0.350943 0.390698
18 0.313208 0.34418600000000005 0.379245 0.44651199999999996
18 0.315094 0.45813999999999994 0.37169800000000003 0.5627909999999999
18 0.349057 0.267442 0.40377399999999997 0.35814
18 0.360377 0.5627909999999999 0.41698100000000005 0.623256
18 0.362264 0.176744 0.428302 0.262791
18 0.413208 0.583721 0.477358 0.6395350000000001
18 0.422642 0.1 0.48490600000000006 0.176744
18 0.443396 0.44186000000000003 0.509434 0.55814
18 0.47358500000000003 0.595349 0.535849 0.6674420000000001
18 0.479245 0.116279 0.545283 0.197674
18 0.488679 0.518605 0.526415 0.5767439999999999
18 0.49811300000000003 0.460465 0.528302 0.530233
18 0.522641 0.625581 0.601887 0.695349
18 0.524528 0.462791 0.575472 0.569767
18 0.528302 0.5720930000000001 0.6056600000000001 0.613953
18 0.543396 0.148837 0.6150939999999999 0.22790700000000003
18 0.6056600000000001 0.183721 0.673585 0.26511599999999996
18 0.616981 0.5627909999999999 0.686792 0.6395350000000001
18 0.628302 0.697674 0.69434 0.762791
18 0.65283 0.483721 0.703774 0.55814
18 0.6698109999999999 0.390698 0.7264149999999999 0.462791
18 0.6754720000000001 0.5976739999999999 0.741509 0.7069770000000001
18 0.6830189999999999 0.309302 0.709434 0.367442
18 0.713208 0.37906999999999996 0.764151 0.465116
18 0.7169810000000001 0.488372 0.762264 0.602326
18 0.767925 0.274419 0.835849 0.369767
18 0.7811319999999999 0.388372 0.8169810000000001 0.47907
