13 0.61625 0.5586305 0.7050231933593749 0.6943040929721815
13 0.0 0.0 0.0725 0.06379
13 0.0 0.40853699999999993 0.11875 0.5378638491947291
13 0.0 0.15947499999999998 0.129375 0.27837850805270864
13 0.039375 0.6261725 0.07621154785156249 0.7204712027818448
13 0.139375 0.695122 0.2211138916015625 0.8010462518301611
13 0.1315625 0.0 0.20299652099609375 0.18667899999999998
13 0.1271875 0.2954975 0.16737579345703127 0.3766783535871157
13 0.193125 0.49437149999999996 0.2648114013671875 0.6071561764275256
13 0.27 0.1144465 0.34036132812500003 0.1752544355783309
13 0.29812500000000003 0.0 0.3709588623046875 0.07129500000000001
13 0.3059375 0.7021574999999999 0.3747012329101562 0.8010359509516838
13 0.3059375 0.37898699999999996 0.3515762329101562 0.4516031142020498
13 0.36406249999999996 0.5196995000000001 0.45651947021484374 0.6343230929721815
13 0.395625 0.25750449999999997 0.4796136474609375 0.3917429802342606
13 0.421875 0.139306 0.4877130126953125 0.2071130380673499
13 0.42437499999999995 0.0 0.4720855712890625 0.058161000000000004
13 0.4603125 0.6819890000000001 0.5414254760742188 0.7916844802342606
13 0.508125 0.38367749999999995 0.5870037841796876 0.49568624670571004
13 0.5384375 0.0 0.6125991821289063 0.12101300000000001
13 0.57875 0.18386499999999997 0.670684814453125 0.30179479795021963
13 0.646875 0.32786099999999996 0.7256182861328124 0.43385396925329434
13 0.6775 0.0 0.73558837890625 0.060038
13 0.6775 0.1599435 0.72933837890625 0.26149182210834554
