0 0.153125 0.6568625 0.2436004638671875 0.775886474489796
0 0.0 0.388422 0.075625 0.5055027871720117
0 0.091875 0.0 0.17678527832031252 0.22035500000000002
0 0.139375 0.30392150000000007 0.2217388916015625 0.4075869657434403
0 0.16749999999999998 0.9103640000000001 0.24108642578125 0.9977389387755103
0 0.2046875 0.4864610000000001 0.29480010986328126 0.6061998731778426
0 0.23343750000000002 0.0 0.2985220336914063 0.161531
0 0.296875 0.25396799999999997 0.3765850830078125 0.37497978425655976
0 0.33218749999999997 0.6269840000000001 0.42280059814453125 0.760991029154519
0 0.40218750000000003 0.0 0.48835723876953124 0.125117
0 0.40375 0.369281 0.477730712890625 0.4653816895043732
0 0.43875 0.795518 0.515196533203125 0.9120053527696793
0 0.4609375 0.915966 0.5557998657226563 0.9977307725947522
0 0.4678125 0.180205 0.5557931518554687 0.2658433104956268
0 0.5275000000000001 0.2530345 0.61198486328125 0.3619091450437318
0 0.586875 0.553688 0.6619268798828125 0.6602568746355685
0 0.63125 0.8011205 0.713133544921875 0.9157321858600583
0 0.655 0.0 0.7518603515625 0.15126099999999998
0 0.6640625 0.39495800000000003 0.7606015014648437 0.5017582594752187
0 0.7159375 0.1802055 0.7993008422851563 0.2966563097667638
0 0.72875 0.913165 0.814288330078125 0.9977348556851312
0 0.8512500000000001 0.4290385 0.9479187011718749 0.5698695794460641
0 0.8484375 0.636788 0.9310464477539062 0.7535067376093294
0 0.8325 0.0 0.8873120117187501 0.09057
0 0.8821875 0.0 0.9460134887695313 0.18767499999999998
0 0.915 0.9341735 0.9922314453125001 0.9977042310495626
0 0.9603125 0.260971 0.9984371948242188 0.3637655758017493
0 0.9771875 0.450047 0.9984207153320312 0.5352919548104956
