11 0.0 0.18875 0.02875 0.21892123177083334
11 0.0678125 0.7237499999999999 0.07743377685546875 0.7348906171874999
11 0.095625 0.7254165 0.1111566162109375 0.7348884472656249
11 0.1028125 0.7012499999999999 0.11489959716796876 0.7140869140625
11 0.1040625 0.5595835 0.11614837646484376 0.5709383756510417
11 0.1496875 0.59375 0.16297882080078124 0.6075598880208334
11 0.190625 0.020416499999999997 0.1985638427734375 0.035806416015624995
11 0.2196875 0.49625 0.22978546142578127 0.5110208411458333
11 0.2234375 0.46541699999999997 0.23353179931640627 0.47856098828125004
11 0.2371875 0.50625 0.24414337158203125 0.5210078203125
11 0.28625 0.544167 0.297220458984375 0.56095844921875
11 0.30625 0.53875 0.314700927734375 0.5501315026041668
11 0.3478125 0.4937500000000001 0.3552853393554688 0.5076900963541667
11 0.3684375 0.492917 0.3783901977539062 0.5060251809895834
11 0.3715625 0.50125 0.37963714599609377 0.5143473307291666
11 0.4340625 0.37875 0.49957611083984377 0.4195068359375
11 0.6453125 0.42874999999999996 0.6956198120117187 0.5694417317708333
11 0.8159375 0.19541699999999998 0.9229531860351562 0.34391255078124994
11 0.9075 0.624583 0.94223876953125 0.6575197408854166
11 0.8809374999999999 0.37708349999999996 0.8853897094726563 0.38367600585937495
11 0.9528125000000001 0.7491669999999999 0.9759445190429688 0.7806915221354167
11 0.9437500000000001 0.3204165 0.955328369140625 0.347915791015625
11 0.9659375 0.9145835 0.9984317016601563 0.9513091360677083
11 0.963125 0.2320835 0.9746844482421875 0.24469780794270835
11 0.9768749999999999 0.5258335 0.9984210205078126 0.5759823209635417
11 0.988125 0.22041650000000002 0.9984100341796875 0.27554599934895835
11 0.9918750000000001 0.39625000000000005 0.9984063720703125 0.4253170494791667
