13 0.728125 0.25166649999999996 0.8111639404296875 0.36467230924479166
13 0.0925 0.27 0.16428466796875 0.36881543750000007
13 0.151875 0.5070834999999999 0.19860168457031252 0.5685067350260417
13 0.1615625 0.9366669999999999 0.21421722412109376 0.9879473815104166
13 0.19375 0.0 0.27106079101562497 0.11916700000000001
13 0.23125 0.7720834999999999 0.291649169921875 0.8589946829427083
13 0.254375 0.25125000000000003 0.3341265869140625 0.35133985156249997
13 0.273125 0.5770835 0.3484832763671875 0.6667485891927084
13 0.3765625 0.19791649999999997 0.44525726318359377 0.2897422962239583
13 0.3978125 0.45375000000000004 0.46836151123046876 0.5444091796875
13 0.425 0.869583 0.48520996093749996 0.93970073046875
13 0.4484375 0.2995835 0.5201870727539063 0.38960991731770833
13 0.843125 0.0 0.9216766357421875 0.12083300000000001
13 0.9353125 0.621667 0.9847116088867187 0.6683575377604166
