11 0.0 0.1729165 0.00375 0.18727484830729166
11 0.0 0.21333349999999998 0.008125 0.22888922200520834
11 0.01625 0.1858335 0.029984130859375 0.19975802929687503
11 0.03375 0.35708350000000005 0.039967041015625 0.37120204752604175
11 0.053750000000000006 0.1395835 0.06994750976562501 0.15481825065104166
11 0.059687500000000004 0.42541650000000003 0.06994171142578126 0.43694607226562504
11 0.073125 0.064583 0.08680358886718749 0.08074890755208335
11 0.094375 0.2366665 0.1149078369140625 0.26469184049479166
11 0.091875 0.3225 0.1074102783203125 0.345413078125
11 0.09843750000000001 0.09125000000000001 0.11115386962890625 0.10654818489583334
11 0.1021875 0.0 0.11240020751953125 0.019167
11 0.1059375 0.38208349999999996 0.11489654541015626 0.3936694954427083
11 0.114375 0.057499999999999996 0.1280133056640625 0.07909213020833335
11 0.135625 0.3745835 0.1548675537109375 0.3970122610677083
11 0.135625 0.22 0.1511175537109375 0.24221354166666667
11 0.14156249999999998 0.0866665 0.15736175537109376 0.10988715299479167
11 0.1590625 0.46583299999999994 0.18109466552734374 0.4952264466145833
11 0.1609375 0.2904165 0.17796783447265627 0.309621853515625
11 0.1984375 0.23374999999999999 0.20918121337890624 0.24552863802083336
11 0.21687499999999998 0.544167 0.2360382080078125 0.5709584492187499
11 0.205625 0.1291665 0.2091741943359375 0.13566481445312498
11 0.2159375 0.18499999999999997 0.22853912353515626 0.20142611458333334
11 0.226875 0.3795835 0.2335284423828125 0.3886727506510416
11 0.26156250000000003 0.4283335 0.2759945678710937 0.4511092740885416
11 0.270625 0.48166650000000005 0.2866107177734375 0.502705830078125
11 0.283125 0.4025 0.30097351074218753 0.42697591145833336
11 0.28625 0.2416665 0.300970458984375 0.259685330078125
11 0.29281250000000003 0.5120835 0.3072140502929687 0.524333224609375
11 0.306875 0.021667000000000002 0.32407531738281253 0.041638787760416664
11 0.2996875 0.1525 0.30845733642578127 0.15980143229166666
11 0.323125 0.16625 0.32905944824218747 0.17895052864583336
11 0.349375 0.48374999999999996 0.3640338134765625 0.4968701171875
11 0.365 0.26166700000000004 0.3821435546875 0.2838262877604167
11 0.364375 0.6133335 0.3783941650390625 0.636701388671875
11 0.3675 0.109167 0.38339111328125 0.13402485546875
11 0.37406249999999996 0.0 0.39650970458984375 0.034167
11 0.385 0.5970835 0.3964990234375 0.6108895475260416
11 0.415625 0.3591665 0.43396911621093753 0.3803653352864583
11 0.4153125 0.0 0.42084442138671874 0.019167
11 0.4453125 0.040417 0.45581512451171874 0.04661437369791666
11 0.45687500000000003 0.2570835 0.47142883300781246 0.264665255859375
11 0.4765625 0.6870835 0.48890960693359375 0.7016053600260417
11 0.48968749999999994 0.715417 0.5020217895507812 0.7307354674479166
11 0.5053125 0.700417 0.5151315307617188 0.7107549986979166
11 0.5237499999999999 0.08708300000000001 0.543238525390625 0.10821961067708331
11 0.541875 0.7641665 0.5550958251953125 0.7790049915364583
11 0.5684375 0.11874999999999998 0.5806948852539063 0.13567837760416665
11 0.5728125 0.782917 0.5856906127929687 0.7956475768229166
11 0.5703125 0.060416500000000005 0.5794430541992187 0.07575433268229166
11 0.59875 0.060000000000000005 0.615665283203125 0.08575487500000001
11 0.6215625 0.2120835 0.6412680053710937 0.238890849609375
11 0.6646875 0.12333299999999998 0.6812258911132812 0.14817241015625
11 0.7124999999999999 0.21541649999999998 0.72430419921875 0.23721950976562498
11 0.7415624999999999 0.42458350000000006 0.7561508178710937 0.4436141569010417
