2 0.4340625 0.38273900000000005 0.18812499999999993 0.32082600000000006

2 0.429375 0.6060034999999999 0.07374999999999998 0.08067499999999998

2 0.56625 0.7106005 0.03125 0.04033700000000005

2 0.605625 0.294559 0.04249999999999998 0.07879999999999997

2 0.6146875 0.70591 0.041874999999999996 0.06285199999999998

2 0.624375 0.3531895 0.053749999999999964 0.06097499999999997

2 0.6471875 0.6613505 0.02562500000000001 0.05440900000000005

2 0.68125 0.618199 0.03249999999999997 0.04878000000000006

