0 0.2721875 0.15162500000000004 0.3422341918945313 0.25068914245416085
0 0.1521875 0.6895305 0.21422637939453126 0.8076914605077574
0 0.19187500000000002 0.21119149999999998 0.2310626220703125 0.2424821276445698
0 0.19374999999999998 0.175542 0.234810791015625 0.23350740902679834
0 0.3559375 0.0 0.4627774047851563 0.163357
0 0.4475 0.215704 0.5545629882812501 0.29211476304654443
0 0.475 0.1705775 0.5095361328125 0.2019254111424542
0 0.596875 0.637184 0.6494171142578126 0.7418812919605078
0 0.7740625 0.1430505 0.8604940795898437 0.275971236248237
0 0.9128125 0.222473 0.9491085815429687 0.30022821579689707
0 0.943125 0.831227 0.9984539794921875 0.9464806064880114
