0 0.74875 0.5398685 0.20875 0.299249
0 0.1953125 0.6013135 0.073125 0.09193299999999997
0 0.226875 0.793621 0.10250000000000001 0.1500940000000001
0 0.27156250000000004 0.6486865 0.07937500000000003 0.11726099999999993
0 0.398125 0.17260799999999998 0.09499999999999997 0.146342
0 0.4125 0.5089119999999999 0.04750000000000004 0.06097600000000002
0 0.4609375 0.474203 0.078125 0.10788000000000005
0 0.5418750000000001 0.545028 0.057499999999999996 0.06566599999999999
0 0.566875 0.45684800000000003 0.053749999999999964 0.08817999999999994
0 0.576875 0.8090995000000001 0.04874999999999996 0.062851
0 0.708125 0.0 0.16999999999999993 0.10318900000000003
0 0.653125 0.1857415 0.039999999999999925 0.142589
0 0.7165625 0.7715759999999999 0.05437500000000006 0.08911799999999999
0 0.8121875000000001 0.0 0.02937500000000004 0.037523
0 0.849375 0.23499049999999996 0.10125000000000006 0.11350900000000001
0 0.8190625 0.920732 0.018124999999999947 0.06472799999999992
0 0.87875 0.37992500000000007 0.11375000000000002 0.15009399999999998
0 0.8556250000000001 0.7378045 0.03500000000000003 0.053471000000000074
0 0.8725 0.5666045000000001 0.04999999999999993 0.05440900000000005
0 0.9465625 0.32223250000000003 0.083125 0.11538500000000003
0 0.9299999999999999 0.8198875000000001 0.04749999999999999 0.06754300000000008
0 0.93625 0.968574 0.03500000000000003 0.06097600000000002
0 0.9612499999999999 0.5717635 0.05124999999999991 0.04033700000000005
0 0.9753125 0.9821765000000001 0.028124999999999956 0.03377100000000005
