8 0.595625 0.095685 0.829375 0.30487800000000004
8 0.0 0.44183900000000004 0.0075 0.464353
8 0.0 0.620075 0.00875 0.654784
8 0.0 0.658537 0.00875 0.689493
8 0.0 0.410882 0.011875 0.44559099999999996
8 0.0 0.399625 0.020625 0.42776700000000006
8 0.0 0.513133 0.19875 0.7476550000000001
8 0.0075 0.43058199999999996 0.018125 0.456848
8 0.01125 0.43339600000000006 0.031875 0.461538
8 0.023125 0.420263 0.035 0.43058199999999996
8 0.025625 0.44840499999999994 0.039375 0.468105
8 0.034375 0.41744799999999993 0.05 0.42495299999999997
8 0.034375 0.42495299999999997 0.05875 0.45966199999999996
8 0.04125 0.24577899999999997 0.0525 0.272983
8 0.0525 0.41744799999999993 0.074375 0.4502810000000001
8 0.05875 0.765478 0.14625 0.8517819999999998
8 0.06375 0.123827 0.136875 0.24484099999999998
8 0.140625 0.274859 0.15375 0.302064
8 0.1425 0.967167 0.1625 0.992495
8 0.1425 0.026266 0.325625 0.189493
8 0.15125 0.616323 0.3925 0.8939959999999999
8 0.26625 0.31144499999999997 0.288125 0.346154
8 0.26625 0.923077 0.391875 0.9990620000000001
8 0.284375 0.25422100000000003 0.319375 0.303002
8 0.284375 0.169794 0.440625 0.287054
8 0.40125 0.35178200000000004 0.424375 0.390244
8 0.40125 0.7232649999999999 0.675 0.9990620000000001
8 0.41625 0.15666 0.565 0.281426
8 0.539375 0.301126 0.585625 0.366792
8 0.62 0.419325 0.645625 0.4577859999999999
8 0.72 0.33771100000000004 0.78 0.418386
8 0.803125 0.34334000000000003 0.839375 0.410882
8 0.849375 0.241088 0.999375 0.418386
8 0.87 0.8714820000000001 0.999375 0.9990620000000001
8 0.890625 0.48686700000000005 0.9275 0.5365850000000001
8 0.954375 0.42213900000000004 0.999375 0.49531000000000003
