18 0.378125 0.73125 0.539062 0.85
18 0.15625 0.353125 0.29843800000000004 0.5125
18 0.16875 0.576563 0.273438 0.714063
18 0.182812 0.459375 0.379687 0.634375
18 0.229687 0.22656199999999999 0.371875 0.35
18 0.23125 0.315625 0.465625 0.495313
18 0.25625 0.570312 0.41875 0.74375
18 0.32968800000000004 0.178125 0.4625 0.278125
18 0.332812 0.446875 0.495313 0.564062
18 0.359375 0.246875 0.5 0.398438
18 0.396875 0.526563 0.490625 0.684375
18 0.43125 0.339063 0.63125 0.5
18 0.445312 0.129688 0.598437 0.265625
18 0.460938 0.617188 0.671875 0.784375
18 0.47031300000000004 0.496875 0.601562 0.634375
18 0.567187 0.259375 0.720312 0.415625
18 0.578125 0.2 0.715625 0.301562
18 0.590625 0.429688 0.728125 0.554688
18 0.601562 0.55 0.740625 0.651563
18 0.707812 0.570312 0.8328120000000001 0.715625
18 0.709375 0.37656300000000004 0.8421879999999999 0.54375
18 0.710938 0.290625 0.8234379999999999 0.442187
