11 0.0959375 0.686667 0.14865631103515625 0.75327290234375
11 0.0 0.0 0.129375 0.23083299999999998
11 0.0 0.5612499999999999 0.239375 0.7809362057291667
11 0.25937499999999997 0.0 0.3759967041015625 0.213333
11 0.326875 0.9033335 0.45468078613281254 0.9979907845052084
11 0.4715625 0.450417 0.6482894897460938 0.6160805195312499
11 0.496875 0.0 0.5876397705078125 0.17416700000000004
11 0.6396875 0.8008335 0.7475003051757813 0.911457248046875
11 0.6665625 0.0 0.7524740600585937 0.134167
11 0.80625 0.35874999999999996 0.956712646484375 0.49536587760416667
11 0.8378125 0.7008335 0.9385568237304687 0.7982544563802083
11 0.830625 0.0 0.8904388427734374 0.111667
11 0.936875 0.26333350000000005 0.9984600830078125 0.37132411783854175
