15 0.0709375 0.407808 0.13493072509765625 0.4998702823529412
15 0.2415625 0.405456 0.30726409912109376 0.4857627411764706
15 0.25375000000000003 0.286924 0.30725219726562497 0.34576805294117646
15 0.32218749999999996 0.44873050000000003 0.38531036376953126 0.5205071022058824
15 0.4575 0.15380999999999997 0.53642822265625 0.25471280882352937
15 0.44375 0.5973660000000001 0.493316650390625 0.6858575205882352
15 0.4709375 0.43791149999999995 0.5314151000976562 0.5261670124999999
15 0.6509375 0.135466 0.7143643188476562 0.19923678529411762
15 0.7921875 0.23189099999999999 0.8604763793945313 0.3279749838235294
15 0.89625 0.4440265 0.994749755859375 0.5647280198529412
