0 0.4028125 0.5754455 0.4777316284179688 0.6851934736456808
0 0.0 0.8102155 0.058125 0.8769767401171301
0 0.0 0.670103 0.09125 0.7469098828696925
0 0.0 0.917526 0.12875 0.9977196237188872
0 0.0459375 0.5604499999999999 0.08870513916015625 0.6374174289897511
0 0.10343749999999999 0.757732 0.16177398681640623 0.8508115827232796
0 0.14875 0.5529525 0.199854736328125 0.631805406295754
0 0.1715625 0.8861295000000001 0.23608245849609374 0.988393592240117
0 0.241875 0.5037485 0.3291387939453125 0.5934514472913617
0 0.2309375 0.7216494999999999 0.30477447509765626 0.8293094121522693
0 0.2634375 0.9437679999999999 0.32661773681640627 0.9920582020497803
0 0.3275 0.661668 0.37530517578125 0.7338012327964861
0 0.35531250000000003 0.777882 0.40215301513671875 0.8526570805270863
0 0.40218750000000003 0.9283039999999999 0.47023223876953124 0.9977038433382136
0 0.4809375 0.8200565 0.5689053344726562 0.8985183316251831
0 0.463125 0.701031 0.5139227294921875 0.7684206002928258
0 0.5678125 0.6209 0.6863204956054688 0.7985289224011713
0 0.52125 0.9386129999999998 0.573865966796875 0.9976887496339677
0 0.6609375 0.9657919999999999 0.7199795532226562 0.9976489560761347
0 0.699375 0.844892 0.7505670166015624 0.9406559692532943
0 0.7746875 0.9367384999999998 0.8398684692382812 0.9976914941434845
0 0.77875 0.6152765 0.8467395019531251 0.7104391559297218
0 0.786875 0.730553 0.8579815673828125 0.7964933762811128
0 0.8025 0.8228675 0.87609130859375 0.9060112159590042
0 0.8471875 0.5604495 0.9066726684570312 0.6392914297218155
0 0.886875 0.8373945 0.9322589111328125 0.9369179465592974
0 0.916875 0.6447985 0.9703546142578124 0.7197679319180088
0 0.936875 0.974227 0.9884600830078125 0.993887606149341
0 0.94375 0.777413 0.9959533691406249 0.8329757672035137
0 0.9515625 0.893627 0.9934457397460937 0.955579614934114
