18 0.44125 0.8925 0.47875 0.935
18 0.4425 0.831667 0.475 0.863333
18 0.445 0.863333 0.475 0.8991669999999999
18 0.461875 0.7975 0.47875 0.8283330000000001
18 0.47125 0.92 0.50625 0.963333
18 0.474375 0.780833 0.511875 0.830833
18 0.48625 0.824167 0.514375 0.8683330000000001
18 0.4925 0.7566669999999999 0.52875 0.795833
18 0.499375 0.9333329999999999 0.533125 0.9866670000000001
18 0.50875 0.8508330000000001 0.54125 0.8883329999999999
18 0.52875 0.7425 0.5625 0.794167
18 0.534375 0.935 0.569375 0.983333
18 0.543125 0.8375 0.581875 0.8791670000000001
18 0.5575 0.7633329999999999 0.591875 0.8166670000000001
18 0.56375 0.794167 0.6025 0.855
18 0.571875 0.920833 0.59625 0.965
18 0.59125 0.9016670000000001 0.625 0.934167
18 0.5975 0.814167 0.614375 0.84
18 0.603125 0.8708329999999999 0.6325 0.9033329999999999
18 0.605625 0.841667 0.6325 0.8708329999999999
