6 0.35657900000000003 0.4009375 0.4389855356164383 0.4646084594726563
6 0.603509 0.1978125 0.6351382753424658 0.21730682373046875
6 0.614035 0.2396875 0.6395098561643836 0.25976593017578126
6 0.6561400000000001 0.6325000000000001 0.6824341780821918 0.64875732421875
6 0.6741225 0.6728125 0.704339544520548 0.6937179565429688
6 0.682456 0.22249999999999998 0.7043281287671233 0.24103271484375
6 0.693421 0.19187500000000002 0.7236111082191782 0.21231262207031248
6 0.733772 0.680625 0.7568898328767122 0.6987103271484375
6 0.7350875 0.639375 0.7595190308219179 0.6575006103515625
6 0.741228 0.20625 0.7595106191780823 0.222298583984375
6 0.7828945 0.676875 0.7998045417808219 0.6899639892578125
