10 0.2960935 0.074479 0.128125 0.13854199999999997
10 0.05625 0.21666700000000003 0.1125 0.1875
10 0.0941405 0.0796875 0.136719 0.159375
10 0.1726565 0.21666649999999998 0.129687 0.17708300000000002
10 0.38945299999999994 0.19843749999999996 0.125782 0.14062499999999997
10 0.433984 0.07812499999999999 0.12890599999999997 0.141666
10 0.5160155 0.19010399999999997 0.12890700000000005 0.157292
10 0.539453 0.05625 0.11328200000000005 0.1125
10 0.622266 0.1739585 0.12109400000000003 0.166667
10 0.6625005 0.055728999999999994 0.109375 0.11145799999999999
10 0.735547 0.1723955 0.12109399999999992 0.171875
