0 0.42281250000000004 0.715 0.5095870971679688 0.8174020104166666
0 0.2171875 0.6829165 0.38166290283203125 0.9249437858072916
0 0.2625 0.395 0.32161865234375003 0.43948567708333336
0 0.2653125 0.40458350000000004 0.32599090576171874 0.46697319856770836
0 0.260625 0.35041649999999996 0.2997454833984375 0.377876728515625
0 0.5900000000000001 0.1204165 0.603173828125 0.13317620768229163
0 0.6203125 0.107083 0.6325192260742188 0.12069356901041667
0 0.8975 0.5354165000000001 0.9384985351562499 0.5818028430989584
0 0.909375 0.47458350000000005 0.9428619384765625 0.5118820527343749
0 0.9203125 0.4070835 0.9528512573242187 0.446136943359375
