16 0.6328125 0.43500000000000005 0.21437499999999998 0.31666600000000006
16 0.1009375 0.2125 0.131875 0.14166599999999996
16 0.20937499999999998 0.5825 0.28125 0.35500000000000004
16 0.17625 0.24333300000000002 0.15375 0.11000000000000003
16 0.315 0.305417 0.2325 0.19249999999999998
16 0.339375 0.22583350000000002 0.15375 0.10333299999999997
16 0.4225 0.5566665 0.27125 0.25166700000000003
16 0.7381249999999999 0.2570835 0.12 0.12083300000000001
16 0.7628125 0.4070835 0.08937499999999998 0.185833
16 0.7875000000000001 0.3554165 0.07625000000000004 0.14083300000000007
