13 0.239375 0.423077 0.29539123535156253 0.503132560761347
13 0.3025 0.6191369999999999 0.35157958984375 0.698905503660322
13 0.37124999999999997 0.5112570000000001 0.42088745117187504 0.5893074538799414
13 0.389375 0.202627 0.44399475097656255 0.27831532796486086
13 0.3834375 0.663227 0.42587554931640625 0.7373029502196192
13 0.476875 0.356004 0.5357843017578126 0.4441317642752562
13 0.473125 0.5173545 0.5207879638671875 0.5836705263543192
13 0.483125 0.6683865 0.5370281982421875 0.7513663960468521
13 0.5165625 0.1683865 0.5601205444335938 0.24177946046852125
13 0.5684374999999999 0.4188555000000001 0.6194448852539063 0.5031387415812593
