4 0.0875 0.18166649999999998 0.10678955078124999 0.209763455078125
4 0.108125 0.1470835 0.1211444091796875 0.15980848502604167
4 0.1940625 0.6833335000000001 0.21918548583984374 0.7116102428385417
4 0.1965625 0.7362500000000001 0.22293304443359374 0.7657083411458333
4 0.25093750000000004 0.7441665000000001 0.27475494384765625 0.7723640332031251
4 0.2546875 0.051666500000000004 0.27850128173828126 0.08576572591145835
4 0.2615625 0.4958335 0.2897445678710937 0.5293543834635417
4 0.27218749999999997 0.4133335 0.29785919189453125 0.4436288053385417
4 0.27875 0.15083349999999998 0.299102783203125 0.17897060221354166
4 0.3390625 0.8833335 0.36716888427734373 0.918016826171875
4 0.416875 0.75625 0.4489678955078125 0.7965152994791667
4 0.4246875 0.9170835 0.4539602661132812 0.9563058808593751
4 0.42593749999999997 0.06 0.45020904541015627 0.08742187499999998
4 0.4503125 0.8454165000000001 0.48081024169921877 0.883899197265625
4 0.46968750000000004 0.7320835 0.49891632080078124 0.7707137662760416
4 0.46781249999999996 0.7975 0.4914181518554688 0.8189615885416667
4 0.494375 0.8945829999999999 0.5276422119140625 0.9321681783854165
4 0.57875 0.17666649999999998 0.599434814453125 0.20476996549479165
4 0.661875 0.2075 0.6812286376953125 0.2372298177083333
4 0.6956249999999999 0.4570830000000001 0.7168206787109376 0.49023783984374997
4 0.7321875 0.68375 0.7599099731445312 0.7224427005208333
4 0.7396875 0.41833349999999997 0.7542776489257813 0.45362229492187495
4 0.755625 0.4616665 0.7736370849609375 0.4918988717447917
4 0.7778125 0.41 0.8048654174804688 0.44029914583333324
4 0.7996875 0.4804165 0.8279690551757812 0.5227074576822918
4 0.8 0.6887500000000001 0.8154687500000001 0.7191031901041667
4 0.81375 0.6283335 0.842955322265625 0.6666818574218749
4 0.8203125 0.8008335 0.8473239135742188 0.833957248046875
4 0.828125 0.40625 0.8523162841796875 0.4403040286458333
4 0.8796875 0.6991665 0.9053909301757812 0.7399226269531249
