0 0.4253125 0.7682924999999999 0.5064596557617187 0.8684811207906294
0 0.0 0.41416549999999996 0.160625 0.5050226083455344
0 0.198125 0.5318949999999999 0.2791815185546875 0.6530672371888726
0 0.24062499999999998 0.6561910000000001 0.31789001464843747 0.7532602518301611
0 0.2875 0.29409 0.36534423828124996 0.3804324143484627
0 0.46875 0.359756 0.573917236328125 0.49384427086383603
0 0.5090625 0.9052535 0.6070028686523438 0.9977365922401173
0 0.651875 0.5600375 0.7506134033203125 0.7130640329428989
0 0.683125 0.8996250000000001 0.7643328857421875 0.9977448330893119
0 0.85875 0.719512 0.992286376953125 0.872304541727672
