11 0.5626464999999999 0.2410155 0.6408622130307466 0.29663963330078125
11 0.14461349999999998 0.5859375 0.2117322672035139 0.6267717954101563
11 0.11592499999999999 0.8187500000000001 0.139174270863836 0.8359194394531251
11 0.16276349999999998 0.5058594999999999 0.22692769326500728 0.5424749965820311
11 0.15866500000000003 0.8179690000000001 0.19531769399707175 0.8359202021484377
11 0.33665100000000003 0.7 0.5334650995607614 0.78447240625
11 0.26639349999999995 0.5710934999999999 0.3239659655929722 0.6213172915039062
11 0.42915699999999996 0.5222655 0.4946876588579795 0.5682399750976562
11 0.52459 0.4878905 0.5917379326500734 0.5370235444335937
11 0.7277515 0.25585949999999996 0.9977634780380675 0.4583441372070312
11 0.669789 0.4878905 0.6945693426061493 0.5026485444335937
11 0.6920375000000001 0.4742185 0.7132727679355783 0.4823488959960937
11 0.943794 0.5109375 0.9974471639824305 0.5455950375976563
