0 0.0 0.426099 0.216875 0.6794529576642335
0 0.0 0.711413 0.390625 0.9980264408759124
0 0.15250000000000002 0.0 0.28797607421875004 0.371375
0 0.3328125 0.4569694999999999 0.49967498779296876 0.8253388912408758
0 0.48 0.8063615000000001 0.66203125 0.9978878299270073
0 0.500625 0.21141249999999998 0.6251361083984375 0.36358236861313864
0 0.6028125 0.47848450000000003 0.7125363159179687 0.7280194824817519
0 0.7840625 0.7609919999999999 0.9986093139648438 0.9979540627737226
0 0.7559374999999999 0.0 0.9280117797851563 0.457437
0 0.8546875 0.472404 0.9985403442382813 0.7280283591240876
0 0.9437500000000001 0.2726845 0.998453369140625 0.40184692043795617
