18 0.433929 0.12023800000000001 0.607143 0.25
18 0.0 0.138095 0.049999999999999996 0.258333
18 0.0 0.538095 0.09999999999999999 0.6642859999999999
18 0.0 0.386905 0.108929 0.475
18 0.0 0.461905 0.148214 0.564286
18 0.008929000000000001 0.211905 0.22678600000000004 0.317857
18 0.09285700000000001 0.30952399999999997 0.22142900000000001 0.413095
18 0.09464299999999999 0.559524 0.280357 0.680952
18 0.12678599999999998 0.49404799999999993 0.369643 0.608333
18 0.171429 0.127381 0.4375 0.23571399999999998
18 0.182143 0.415476 0.367857 0.520238
18 0.205357 0.31309499999999996 0.375 0.415476
18 0.21607099999999999 0.583333 0.407143 0.733333
18 0.325 0.357143 0.508929 0.497619
18 0.3625 0.310714 0.525 0.413095
18 0.373214 0.230952 0.505357 0.320238
18 0.375 0.508333 0.592857 0.641667
18 0.423214 0.45119 0.633929 0.552381
18 0.44821400000000006 0.267857 0.673214 0.384524
18 0.48214300000000004 0.596429 0.698214 0.69881
18 0.530357 0.211905 0.7 0.29880999999999996
18 0.580357 0.396429 0.7857139999999999 0.5011899999999999
18 0.632143 0.294048 0.8732139999999998 0.415476
