17 0.1275 0.696529 0.06624999999999999 0.08724199999999996
17 0.1328125 0.7560975000000001 0.07687500000000001 0.12570299999999981
17 0.1825 0.7260785 0.048750000000000016 0.07317099999999993
17 0.21781250000000002 0.7560975000000001 0.06312500000000001 0.07879899999999995
17 0.231875 0.820356 0.06500000000000003 0.10787999999999988
17 0.22749999999999998 0.7105999999999999 0.046249999999999986 0.042213999999999974
17 0.2603125 0.67167 0.06562500000000002 0.06003799999999996
17 0.268125 0.739681 0.05500000000000002 0.0853660000000001
17 0.2890625 0.687148 0.05687500000000001 0.04033800000000002
17 0.31343750000000004 0.752814 0.06687499999999996 0.10600400000000008
17 0.334375 0.7077865000000001 0.04999999999999999 0.05347099999999999
17 0.38 0.7387429999999999 0.06625000000000003 0.11538399999999993
17 0.39875 0.7106005 0.04749999999999999 0.08348900000000001
17 0.410625 0.6646345 0.04375000000000001 0.05534700000000011
17 0.4496875 0.7303000000000001 0.06312499999999999 0.10412800000000014
17 0.455 0.683865 0.0675 0.06566600000000007
17 0.5221875 0.5750470000000001 0.19187500000000002 0.18761799999999995
17 0.5165625 0.747186 0.07812500000000006 0.10787999999999988
17 0.52875 0.702158 0.06375000000000003 0.08724199999999996
17 0.6481250000000001 0.7870545000000001 0.10124999999999995 0.07879900000000004
17 0.6453125 0.7049715 0.06187500000000001 0.10037499999999992
17 0.6578124999999999 0.6257035 0.08437499999999998 0.06378899999999989
17 0.705625 0.7129454999999999 0.05874999999999997 0.07692299999999992
17 0.7240625 0.7560975000000001 0.06562499999999993 0.10131299999999999
17 0.7246875 0.640713 0.04562500000000003 0.07316999999999996
17 0.7746875 0.7162289999999999 0.06437499999999996 0.11538399999999993
17 0.765625 0.6397745 0.03125 0.05440900000000005
17 0.80625 0.6454035 0.05499999999999994 0.076923
17 0.8400000000000001 0.7223265 0.06625000000000003 0.09568500000000005
17 0.8546875 0.656191 0.03937500000000005 0.04409000000000001
