8 0.24171350000000003 0.41202350000000004 0.12570300000000004 0.11241500000000011
8 0.258912 0.6021504999999999 0.14008799999999996 0.148583
8 0.3464665 0.2438905 0.10506499999999996 0.12805499999999995
8 0.4543465 0.722385 0.08192700000000003 0.1994140000000001
8 0.49937450000000005 0.4462365 0.12820499999999996 0.13978499999999994
8 0.5018765 0.1999025 0.06441500000000006 0.139785
8 0.5137585 0.43401749999999995 0.07567299999999993 0.19159299999999999
8 0.667605 0.671554 0.12945600000000002 0.15053799999999984
8 0.6901189999999999 0.2966765 0.1357099999999999 0.13000899999999999
8 0.747655 0.478006 0.14571599999999996 0.13685199999999992
