6 0.34875 0.5805555 0.374659423828125 0.6301030911458333
6 0.353125 0.45499999999999996 0.3809051513671875 0.5203210694444445
6 0.3734375 0.3572225 0.3858853149414062 0.4071578220486111
6 0.3734375 0.6666669999999999 0.3833853149414062 0.715509592013889
6 0.40218750000000003 0.396111 0.43960723876953123 0.47042330729166654
6 0.39468749999999997 0.2583335 0.42211456298828126 0.31844050434027776
6 0.43625 0.1944445 0.45769897460937503 0.23521842274305552
6 0.450625 0.8233334999999999 0.4795599365234375 0.9041266015624999
6 0.448125 0.29500000000000004 0.4708123779296875 0.34948784722222226
6 0.47750000000000004 0.6316665 0.5232836914062501 0.6989033567708334
6 0.509375 0.18555599999999997 0.5395025634765626 0.23523385416666664
6 0.5415625000000001 0.7588889999999999 0.5857211303710937 0.8409044843749999
6 0.534375 0.3027775 0.5513531494140625 0.33280734461805556
6 0.5728125 0.6344445 0.6075656127929687 0.7044545338541668
6 0.5809375 0.19499999999999998 0.6163076782226562 0.25855045833333334
6 0.586875 0.816667 0.6281768798828126 0.8863601753472223
6 0.590625 0.3933335 0.6225482177734375 0.43598412934027775
6 0.629375 0.2755555 0.6537603759765626 0.3084106050347222
6 0.6515625 0.7377775 0.6906137084960938 0.8198301362847222
6 0.6640625 0.3777775 0.7012265014648438 0.47378813628472227
6 0.6709375 0.6377774999999999 0.7037197875976562 0.6922257473958333
6 0.6834374999999999 0.5227774999999999 0.7187075805664063 0.590203400173611
