6 0.186875 0.39011 0.286875 0.576923
6 0.139375 0.273352 0.185625 0.375
6 0.179375 0.318681 0.228125 0.43956000000000006
6 0.188125 0.17445100000000002 0.231875 0.240385
6 0.2525 0.22802199999999997 0.296875 0.313187
6 0.31125 0.450549 0.36875 0.5782970000000002
6 0.343125 0.149725 0.398125 0.284341
6 0.3675 0.318681 0.4175 0.42307700000000004
6 0.640625 0.543956 0.745625 0.732143
6 0.650625 0.428571 0.761875 0.586538
6 0.651875 0.293956 0.754375 0.442308
6 0.743125 0.554945 0.849375 0.7747249999999999
6 0.749375 0.296703 0.851875 0.458791
6 0.754375 0.442308 0.863125 0.592033
