11 0.5546875 0.86375 0.6013333129882813 0.9197083255208334
11 0.16218749999999998 0.8520835 0.21109161376953126 0.9405575162760417
11 0.20625 0.7645835 0.262923583984375 0.8390044485677084
11 0.2740625 0.89875 0.34535736083984375 0.9804967526041667
11 0.3071875 0.7654165 0.35720001220703124 0.8390033639322917
11 0.356875 0.8370835 0.4152764892578125 0.9289100475260418
11 0.5440625 0.7429169999999999 0.5994686889648437 0.8081996601562499
11 0.6365625 0.8058330000000001 0.7006283569335938 0.8772837382812501
11 0.6221875 0.71125 0.6706423950195313 0.7515738932291667
11 0.6609375 0.8745835 0.7081045532226562 0.9180282194010417
11 0.8790625000000001 0.7895829999999999 0.9816415405273438 0.9098048971354166
