16 0.5855 0.523 0.135 0.11199999999999993
16 0.195 0.256 0.05399999999999999 0.07599999999999998
16 0.2525 0.2545 0.08299999999999999 0.097
16 0.3015 0.4685 0.069 0.12300000000000005
16 0.316 0.27 0.07199999999999995 0.07599999999999998
16 0.362 0.5085 0.09399999999999997 0.10899999999999993
16 0.3895 0.258 0.10099999999999998 0.07999999999999999
16 0.4655 0.5115 0.137 0.13699999999999996
16 0.4675 0.252 0.069 0.05400000000000002
16 0.6895 0.5249999999999999 0.09099999999999997 0.09999999999999998
16 0.7835 0.511 0.11099999999999999 0.13199999999999995
16 0.8665 0.499 0.09300000000000008 0.12200000000000005
16 0.913 0.497 0.04800000000000004 0.10000000000000003
16 0.9195 0.4495 0.04699999999999993 0.065
