4 0.7578125 0.8429165 0.8048849487304688 0.9097354524739583
4 0.0 0.7129165000000001 0.029375 0.7340717233072916
4 0.0 0.8704170000000001 0.08375 0.91803364453125
4 0.0 0.7741665000000001 0.099375 0.827324970703125
4 0.0 0.5991665 0.960625 0.6842198352864584
4 0.64 0.9475000000000001 0.0725 0.9979332760416667
4 0.048125 0.718333 0.0718280029296875 0.7448976705729166
4 0.1009375 0.70375 0.12615142822265626 0.7415836588541667
4 0.130625 0.7200000000000001 0.1842474365234375 0.7740625
4 0.129375 0.8266665 0.17487365722656248 0.878923611328125
4 0.169375 0.9533335 0.25108459472656247 0.9979256803385418
4 0.13718750000000002 0.8887499999999999 0.18049102783203125 0.9205097734375
4 0.225625 0.71625 0.2666546630859375 0.7532343828125002
4 0.24312499999999998 0.7941664999999999 0.28976257324218746 0.8464659290364583
4 0.2371875 0.7258334999999999 0.2666433715820312 0.741554904296875
4 0.2965625 0.9179170000000001 0.38033538818359375 0.9854717955729168
4 0.3184375 0.7616670000000001 0.36718902587890623 0.81317524609375
4 0.3328125 0.8479169999999999 0.38779998779296876 0.8905629414062499
4 0.32125000000000004 0.9870835000000001 0.36218627929687497 0.9978817350260417
4 0.3703125 0.7258334999999999 0.39838836669921873 0.770721904296875
4 0.378125 0.7904165000000001 0.3983807373046875 0.8114708118489583
4 0.4059375 0.954167 0.45272857666015626 0.9979245950520834
4 0.4446875 0.8358335 0.49519073486328125 0.9064116751302084
4 0.47 0.73 0.525166015625 0.7823824791666666
4 0.5040625 0.8816665 0.5570077514648437 0.9821849967447916
4 0.5525 0.9483335 0.62571044921875 0.9979321907552084
4 0.558125 0.8337499999999999 0.6138299560546875 0.8997473880208333
4 0.5471874999999999 0.7212500000000001 0.5775906372070313 0.7598938723958333
4 0.5856250000000001 0.7370835000000001 0.6219281005859375 0.780707255859375
4 0.6487499999999999 0.9087500000000001 0.728741455078125 0.9979837317708333
4 0.595 0.7000000000000001 0.6125439453125 0.7190885416666667
4 0.6240625 0.7799999999999999 0.6475155639648437 0.822317375
4 0.6425000000000001 0.7129165000000001 0.6618725585937499 0.7465717233072917
4 0.6725 0.7825000000000001 0.71309326171875 0.8406481197916666
4 0.6934374999999999 0.69125 0.7405728149414063 0.7324329348958334
4 0.7328125 0.7283330000000001 0.7599093627929687 0.7598846497395834
4 0.7403125 0.75875 0.7636520385742188 0.7706790442708334
4 0.8062499999999999 0.6862499999999999 0.838587646484375 0.7274394453125
4 0.8456250000000001 0.9583335000000001 0.8991741943359375 0.9979191699218751
4 0.864375 0.855 0.9354058837890625 0.9255537187499999
4 0.8365625 0.6533335 0.8591830444335937 0.6841493053385417
4 0.843125 0.7137500000000001 0.8629266357421875 0.7290706380208333
4 0.881875 0.68 0.9053887939453125 0.7116145833333335
4 0.9140625 0.7733335 0.9672323608398438 0.8256600553385417
4 0.90875 0.6533335 0.9272375488281249 0.6808163053385416
4 0.9471875000000001 0.9508335 0.9984500122070312 0.997928935546875
4 0.93625 0.63625 0.9559606933593751 0.6550045494791666
4 0.958125 0.71125 0.9959393310546875 0.7757408932291668
4 0.9612499999999999 0.8616665000000001 0.9971862792968751 0.9063780384114585
4 0.9806250000000001 0.805 0.9984173583984375 0.8289518229166667
4 0.9824999999999999 0.6104164999999999 0.99841552734375 0.6417051868489583
4 0.9825 0.6666664999999999 0.9971655273437501 0.6949649446614584
4 0.9865625 0.7733335 0.9984115600585938 0.7914930553385416
