17 0.045 0.0325 0.04 0.05000000000000001
17 0.09343749999999999 0.8858335 0.131875 0.19333300000000012
17 0.10843749999999999 0.12875 0.06562499999999999 0.09416599999999999
17 0.1334375 0.245 0.05437499999999999 0.06833400000000005
17 0.3040625 0.59625 0.199375 0.27916599999999997
17 0.3571875 0.6954165 0.17062500000000003 0.22583299999999987
17 0.3728125 0.4420835 0.17312499999999997 0.294167
17 0.411875 0.34333299999999994 0.18999999999999995 0.22
17 0.4403125 0.2120835 0.148125 0.185833
17 0.5159374999999999 0.802083 0.20937499999999998 0.3225
17 0.559375 0.5525000000000001 0.14875000000000005 0.276666
17 0.6128125 0.42333299999999996 0.14187499999999997 0.225
17 0.6540625 0.21458299999999997 0.1656249999999999 0.27749999999999997
17 0.8418749999999999 0.2283335 0.11249999999999993 0.15333300000000002
17 0.84 0.5525 0.07499999999999996 0.09833399999999992
