6 0.047152000000000006 0.34875 0.09430400000000001 0.10125
6 0.09197000000000001 0.4575 0.18394000000000002 0.12625000000000003
6 0.0971055 0.06593750000000001 0.194211 0.068125
6 0.153128 0.590625 0.306256 0.12625000000000008
6 0.22455649999999996 0.17375000000000002 0.408029 0.12000000000000001
6 0.2829135 0.7740625 0.4239029999999999 0.23062500000000008
6 0.3048555 0.2559375 0.467787 0.14687499999999998
6 0.39169000000000004 0.9084375 0.538748 0.181875
6 0.44631200000000004 0.3515625 0.46498599999999995 0.14687499999999998
6 0.3366015 0.02375 0.21381899999999995 0.0475
6 0.534547 0.4753125 0.47712399999999994 0.16562499999999997
6 0.6227825 0.07906250000000001 0.39775900000000003 0.128125
6 0.722222 0.635 0.48459399999999997 0.21500000000000008
6 0.747432 0.1721875 0.41363200000000006 0.12312500000000001
6 0.7992530000000001 0.7834375 0.3996260000000001 0.239375
6 0.6661995 0.9853125 0.08683500000000005 0.028125000000000067
6 0.8338 0.26 0.3305320000000001 0.135
6 0.8692810000000001 0.9375 0.25957 0.12375000000000003
6 0.884687 0.37375 0.22875800000000007 0.12999999999999995
