6 0.0 0.723125 0.039167 0.7992938232421876
6 0.0 0.2903125 0.075833 0.44971649169921873
6 0.11541649999999999 0.375625 0.14818271809895833 0.4308831787109375
6 0.15083349999999998 0.0 0.21230360221354164 0.266875
6 0.18833350000000001 0.9750000000000001 0.21642177408854169 0.9984228515625
6 0.35791649999999997 0.6290625000000001 0.384533962890625 0.6437606811523438
6 0.4070835 0.0790625 0.439469943359375 0.12179779052734374
6 0.4829165 0.750625 0.5027042024739584 0.8386419677734375
6 0.6229165 0.6078125000000001 0.7666889108072916 0.9037814331054688
6 0.687917 0.6865625 0.7082712747395834 0.7149545288085937
6 0.7716664999999999 0.0 0.8173282259114583 0.103125
6 0.82125 0.53375 0.8497636640625 0.5682287597656249
6 0.867083 0.339375 0.8947039856770833 0.36216857910156247
6 0.8841665000000001 0.5103125000000001 0.9196817415364583 0.6013766479492187
6 0.9 0.956875 0.942161125 0.9984405517578125
6 0.91125 0.291875 0.9271464765625 0.3028399658203125
6 0.929583 0.6671875 0.95212260546875 0.7237234497070313
6 0.9775 0.3340625 0.9978942135416667 0.3702987670898437
