4 0.0 0.5657895000000001 0.035 0.6251091784140969
4 0.0 0.706297 0.099375 0.797834853157122
4 0.055625 0.478853 0.0980706787109375 0.528431838472834
4 0.10312500000000001 0.8952065000000001 0.1542742919921875 0.9422944530102791
4 0.23500000000000001 0.2777255 0.3716455078125 0.40560717988252576
4 0.1653125 0.6682330000000001 0.22483856201171876 0.7405597474302497
4 0.24062499999999998 0.8411654999999999 0.29476501464843746 0.8916218083700441
4 0.4865625 0.5371239999999999 0.7032748413085937 0.7134972716593245
4 0.6721875 0.31062049999999997 0.8880935668945313 0.5136418759177679
4 0.8096875 0.1719925 0.9042092895507813 0.24974744126284876
