9 0.034375 0.11538499999999999 0.16625 0.313321
9 0.041875 0.0 0.16875 0.084428
9 0.225 0.0 0.33 0.06379
9 0.225 0.094747 0.346875 0.28424
9 0.23 0.338649 0.364375 0.5365850000000001
9 0.403125 0.06754199999999999 0.5325 0.267355
9 0.411875 0.0 0.503125 0.04409
9 0.41875 0.30394 0.545625 0.505629
9 0.42 0.560037 0.559375 0.75985
9 0.58875 0.05347100000000001 0.714375 0.24202600000000002
9 0.603125 0.29080700000000004 0.74 0.479362
9 0.615625 0.0 0.675 0.017824
9 0.625 0.54409 0.74875 0.728893
9 0.769375 0.030957 0.8975 0.21200800000000003
9 0.7825 0.25985 0.923125 0.45778599999999997
9 0.94875 0.025328 0.999375 0.20356500000000002
