17 0.5465625000000001 0.76704 0.145625 0.2343600000000002
17 0.3609375 0.816527 0.138125 0.19140999999999994
17 0.46343749999999995 0.9024275 0.138125 0.1932770000000001
17 0.5865625 0.5919705 0.14812500000000006 0.18113899999999994
17 0.6121875 0.49626499999999996 0.171875 0.26237199999999994
17 0.5700000000000001 0.8580765 0.08500000000000008 0.08590099999999996
17 0.6384375 0.351074 0.09062499999999996 0.07096200000000008
17 0.70625 0.5947715 0.09124999999999994 0.09150299999999999
17 0.7121875 0.5098039999999999 0.08937499999999998 0.14005600000000007
17 0.7346874999999999 0.369281 0.11687499999999995 0.18020599999999998
17 0.805625 0.5681605000000001 0.12 0.16153100000000006
17 0.8159375 0.39869299999999996 0.140625 0.22782399999999994
17 0.8153125 0.713352 0.10687500000000005 0.13818799999999998
17 0.98375 0.9500465 0.03125 0.09430500000000001
