14 0.273125 0.5084989999999999 0.42625 0.644948
14 0.27375 0.5127480000000001 0.4225 0.6402260000000001
14 0.47375 0.783758 0.10749999999999998 0.164306
14 0.50875 0.7412650000000001 0.04749999999999999 0.07931999999999989
14 0.6893750000000001 0.4471200000000001 0.3975000000000001 0.677054
14 0.5846875 0.773371 0.034375000000000044 0.07743199999999983
14 0.5865625 0.7771484999999999 0.03562500000000002 0.06987699999999988
14 0.6231249999999999 0.829084 0.04749999999999999 0.047213999999999944
14 0.630625 0.8262514999999999 0.050000000000000044 0.056657000000000034
14 0.9165625 0.6355049999999999 0.0368750000000001 0.073654
14 0.9275 0.36732750000000003 0.05624999999999991 0.10198299999999996
14 0.9209375 0.6298394999999999 0.038124999999999964 0.07743100000000001
14 0.92875 0.355052 0.04375000000000007 0.08498599999999996
14 0.9440625 0.413598 0.06187500000000001 0.08687399999999998
14 0.945625 0.4098205 0.05249999999999999 0.08687499999999997
