11 0.15625 0.7740585 0.21 0.274477
11 0.175625 0.46652699999999997 0.18375000000000002 0.18326399999999998
11 0.1825 0.1895395 0.17 0.20669500000000005
11 0.34187500000000004 0.3246865 0.16999999999999998 0.18075299999999997
11 0.36 0.5786615 0.175 0.2133890000000001
11 0.5065625 0.1615065 0.19062500000000004 0.182427
11 0.5365625 0.451883 0.198125 0.24937200000000007
11 0.7003125 0.31338900000000003 0.16312499999999996 0.189958
11 0.736875 0.593305 0.14125 0.23263599999999993
11 0.8703125 0.4589955 0.15812499999999996 0.205021
11 0.845625 0.21715500000000001 0.09375 0.20669400000000002
11 0.9178125 0.7489539999999999 0.16312499999999996 0.224268
