17 0.7481249999999999 0.6216665 0.35750000000000004 0.41833300000000007
17 0.45875 0.80875 0.31375 0.38083400000000006
17 0.436875 0.5545835 0.24625000000000008 0.28916699999999995
17 0.5809375 0.9720835000000001 0.13187499999999996 0.054167000000000076
17 0.596875 0.550833 0.12 0.20000000000000004
17 0.8206249999999999 0.876667 0.35750000000000004 0.24499999999999997
17 0.8878124999999999 0.50625 0.135625 0.12416599999999993
17 0.9471875000000001 0.6679165 0.104375 0.240833
17 0.98 0.5304165 0.03875000000000006 0.11083300000000011
17 0.9865625 0.61625 0.02562500000000001 0.07250000000000008
