10 0.2053125 0.6649999999999999 0.13437500000000002 0.13000000000000003

10 0.270625 0.3270835 0.08125000000000002 0.09416700000000004

10 0.419375 0.5016664999999999 0.030000000000000027 0.041666999999999975

10 0.5453125 0.5966665 0.028124999999999956 0.041666999999999975

10 0.5703125 0.6058335 0.0318750000000001 0.04333299999999992

10 0.5859375 0.40958349999999993 0.0631250000000001 0.07416700000000002

10 0.9565625 0.32458349999999997 0.08187500000000003 0.085833

10 0.9456249999999999 0.47000000000000003 0.03874999999999995 0.03666600000000009

