13 0.0 0.873958 0.203125 0.9978200338541666
13 0.0 0.5822915000000001 0.232812 0.6961168079427084
13 0.267969 0.28489600000000004 0.4434883115234375 0.4006710416666667
13 0.316797 0.780208 0.5278156279296875 0.9979421041666666
13 0.625781 0.9067705 0.7970448857421876 0.9977773092447917
13 0.686328 0.41770799999999997 0.8516737578125001 0.532789109375
13 0.6421874999999999 0.7416670000000001 0.7618728637695312 0.8469512877604167
13 0.8562500000000001 0.6442705 0.998382818359375 0.8293691061197918
13 0.9101565 0.9447915 0.9983301752929689 0.995644802734375
13 0.9195315000000001 0.3494795 0.9983210200195314 0.4443369485677084
