10 0.745 0.5016665 0.07499999999999996 0.088333
10 0.0815625 0.6808330000000001 0.050624999999999996 0.06499999999999995
10 0.1428125 0.73 0.061874999999999986 0.07333400000000001
10 0.15 0.6541665 0.06125000000000001 0.05666700000000002
10 0.1590625 0.612917 0.06562499999999999 0.06750000000000005
10 0.204375 0.781667 0.03999999999999998 0.05000000000000012
10 0.208125 0.61375 0.04749999999999999 0.07583399999999996
10 0.23343750000000002 0.7195835 0.05687500000000004 0.06416700000000002
10 0.2428125 0.528333 0.05312499999999998 0.04999999999999997
10 0.2509375 0.781667 0.06062500000000001 0.07000000000000013
10 0.2559375 0.46125 0.050625 0.070834
10 0.2603125 0.6366665 0.05937499999999998 0.05333299999999993
10 0.2684375 0.37875 0.05687500000000001 0.07416599999999995
10 0.2740625 0.6066665 0.06812499999999999 0.051666999999999984
10 0.305625 0.7833335 0.0625 0.09833300000000007
10 0.30062500000000003 0.48374999999999996 0.04624999999999996 0.07749999999999997
10 0.3025 0.3258335 0.04249999999999998 0.05166700000000005
10 0.3221875 0.6458335000000001 0.05687500000000001 0.05666700000000002
10 0.3359375 0.26791649999999995 0.04812499999999997 0.07916700000000003
10 0.33781249999999996 0.36999999999999994 0.049375 0.04666600000000002
10 0.3503125 0.43 0.050624999999999976 0.04999999999999997
10 0.3684375 0.7429165000000001 0.06562499999999999 0.09583299999999999
10 0.38687499999999997 0.35791649999999997 0.04624999999999996 0.09083300000000001
10 0.3971875 0.46625000000000005 0.05437500000000001 0.08083399999999992
10 0.42593749999999997 0.7012499999999999 0.05437500000000001 0.079166
10 0.4340625 0.340417 0.050624999999999976 0.07750000000000001
10 0.4671875 0.3916665 0.046875 0.058333000000000045
10 0.47281249999999997 0.24375 0.05812499999999998 0.08249999999999998
10 0.4834375 0.53625 0.06062500000000004 0.06916600000000006
10 0.49031250000000004 0.61875 0.046875000000000056 0.06583399999999995
10 0.500625 0.33749999999999997 0.043749999999999956 0.06000000000000002
10 0.534375 0.5629165 0.03874999999999995 0.04583300000000001
10 0.5393749999999999 0.5104164999999999 0.04375000000000007 0.04416699999999992
10 0.5453125 0.6316665 0.055625000000000036 0.10166699999999995
10 0.5884375 0.45083350000000005 0.05437499999999995 0.06333300000000001
10 0.589375 0.5670835 0.04249999999999998 0.07916699999999999
10 0.59 0.5104164999999999 0.043749999999999956 0.04416699999999992
10 0.6028125 0.3858335 0.05437499999999995 0.05666700000000002
10 0.6025 0.65 0.03874999999999995 0.06833399999999996
10 0.655625 0.4145835 0.03374999999999995 0.07416699999999994
10 0.6671875 0.61125 0.051875000000000004 0.06416600000000001
10 0.6828125 0.34583350000000007 0.06437499999999996 0.046667000000000014
10 0.693125 0.555417 0.053749999999999964 0.08250000000000002
10 0.8075 0.37458300000000005 0.050000000000000044 0.07250000000000001
10 0.8359375 0.41500000000000004 0.04812499999999997 0.05333400000000007
