13 0.839375 0.49465000000000003 0.8873052978515625 0.549158203084833
13 0.0390625 0.6135805 0.05871185302734375 0.646948336118252
13 0.07718749999999999 0.5530860000000001 0.10992462158203126 0.5885890925449871
13 0.073125 0.39794199999999996 0.08742858886718749 0.4258255064267352
13 0.091875 0.49835350000000006 0.1211602783203125 0.5335154428020566
13 0.110625 0.43209899999999996 0.1411419677734375 0.46528860282776346
13 0.1221875 0.36749 0.14613067626953125 0.3929436478149101
13 0.1515625 0.3218105 0.17235198974609373 0.3518493618251928
13 0.159375 0.41810699999999995 0.17609436035156248 0.440614587403599
13 0.184375 0.3629629999999999 0.21169494628906252 0.39788746658097685
13 0.2084375 0.317284 0.22729644775390626 0.3477401799485862
13 0.240625 0.285597 0.2522650146484375 0.3016909087403599
13 0.2528125 0.3209875 0.27037811279296875 0.34608941966580975
