13 0.13375 0.5320825 0.18674438476562502 0.6357981729678639
13 0.0 0.8081115 0.05375 0.9258333790170133
13 0.0 0.6749395 0.07625 0.7396441219281664
13 0.06375 0.2378935 0.121187744140625 0.3603252958412098
13 0.0471875 0.6101694999999999 0.08432891845703125 0.6501785604914935
13 0.0625 0.461259 0.08806396484375 0.5681350548204158
13 0.11687499999999999 0.863196 0.1955108642578125 0.9620482495274102
13 0.1528125 0.35714300000000004 0.19797576904296874 0.44968787145557654
13 0.21625 0.9255445 0.287913818359375 0.997039388468809
13 0.21625 0.29418900000000003 0.268538818359375 0.35295487712665413
13 0.2140625 0.514528 0.24916595458984375 0.6152503572778828
13 0.2640625 0.7857145 0.3491171264648437 0.9186117173913043
13 0.2321875 0.3958835 0.2610232543945312 0.44235063799621926
13 0.29875 0.338378 0.34533325195312503 0.4194573440453686
13 0.315 0.47518150000000003 0.3646923828125 0.579004736294896
13 0.353125 0.5671915000000001 0.42590515136718754 0.7023178043478261
13 0.31625000000000003 0.24092 0.347816162109375 0.29615457466918715
13 0.316875 0.9667070000000001 0.34531555175781253 0.9969615765595462
13 0.39875000000000005 0.2360775 0.464610595703125 0.33853672873345936
13 0.424375 0.7421310000000001 0.5102105712890624 0.8739001058601136
13 0.41218750000000004 0.368039 0.46022247314453124 0.4194012741020794
13 0.4328125 0.9328085 0.4902023315429687 0.997025656899811
13 0.44125 0.514528 0.49019409179687495 0.6079863572778829
13 0.44875 0.152542 0.485811767578125 0.21883964083175805
13 0.4840625 0.48910450000000005 0.5295272827148437 0.5462914168241966
13 0.5103125 0.258475 0.5513766479492187 0.3263883894139886
13 0.551875 0.8989104999999998 0.6207110595703125 0.9704557362948957
13 0.5346875 0.09079900000000002 0.5782278442382812 0.17779435727788281
13 0.5543750000000001 0.782688 0.6050836181640624 0.853242438563327
13 0.555625 0.38861999999999997 0.6050823974609375 0.4968443686200378
13 0.55 0.6240920000000001 0.590087890625 0.7348972419659736
13 0.6121875 0.0 0.6719021606445312 0.09322000000000001
13 0.62 0.19491500000000003 0.67189453125 0.27444954064272215
13 0.6121875 0.34745750000000003 0.6525271606445312 0.4279141805293006
13 0.628125 0.5078695000000001 0.6756365966796876 0.5910499442344045
13 0.655 0.11803899999999998 0.7099853515625 0.20679886389413987
13 0.696875 0.812349 0.7936944580078126 0.9125083686200379
13 0.6487499999999999 0.668886 0.693741455078125 0.7348125652173914
13 0.6699999999999999 0.338378 0.693720703125 0.4121933440453686
13 0.7403125 0.5411625 0.7936520385742188 0.6503090085066163
13 0.7275 0.18462450000000002 0.75491455078125 0.2587309933837429
13 0.774375 0.4588380000000001 0.8486187744140625 0.5487696313799623
13 0.77625 0.12288099999999999 0.806116943359375 0.20436771077504726
13 0.7996875 0.0 0.8392190551757812 0.07021799999999999
13 0.8440625 0.6561745 0.9085507202148438 0.7542075945179584
13 0.8446875 0.8014525 0.9098001098632813 0.8604699669187146
13 0.8215625 0.3062955 0.8523226928710937 0.3626169914933837
13 0.855625 0.24091999999999997 0.8972894287109374 0.28162657466918717
13 0.880625 0.1688865 0.9278900146484375 0.23454774385633273
13 0.9021874999999999 0.4491525 0.9634939575195313 0.5415239404536862
13 0.9203125 0.32021800000000006 0.9753512573242187 0.4049636729678639
13 0.925 0.6234869999999999 0.9778466796875 0.7203713856332703
13 0.9490624999999999 0.25181600000000004 0.9940731811523438 0.28886997731569
13 0.979375 0.5599274999999999 0.9984185791015625 0.6284815359168242
13 0.9790625 0.42554500000000006 0.9940438842773437 0.4967745671077505
13 0.9878125 0.7088380000000001 0.9984103393554687 0.7795320415879017
