12 0.21375 0.2666665 0.0675 0.09666700000000002
12 0.26875 0.5766665 0.08999999999999997 0.17333299999999996
12 0.321875 0.093333 0.06624999999999998 0.13
12 0.39875 0.4975 0.10250000000000004 0.18166600000000002
12 0.48 0.17166650000000003 0.10249999999999998 0.176667
12 0.53625 0.5366665 0.07250000000000001 0.10333299999999997
12 0.6425000000000001 0.7525 0.06500000000000006 0.17833400000000008
12 0.661875 0.6808335 0.07374999999999998 0.188333
12 0.700625 0.4383329999999999 0.07124999999999992 0.10999999999999995
12 0.7268749999999999 0.3325 0.07625000000000004 0.10499999999999998
12 0.7562500000000001 0.0341665 0.10750000000000004 0.068333
12 0.770625 0.431667 0.0787500000000001 0.11999999999999995
12 0.835 0.569167 0.0675 0.11500000000000006
12 0.838125 0.4625000000000001 0.06374999999999997 0.15833400000000006
12 0.874375 0.3175 0.08374999999999999 0.15833400000000006
12 0.8775 0.585833 0.06999999999999995 0.14499999999999993
12 0.91625 0.6983335 0.0675 0.12333300000000014
12 0.948125 0.8133330000000001 0.08374999999999999 0.11999999999999995
