4 0.23249999999999998 0.6775 0.29977294921875 0.74433837890625
4 0.0 0.8262499999999999 0.1525 0.931693115234375
4 0.0 0.4425 0.1775 0.52206787109375
4 0.0 0.07250000000000001 0.185 0.11492919921875
4 0.32 0.8200000000000001 0.4721875 0.94669921875
4 0.3175 0.6287499999999999 0.45718994140625 0.729385986328125
4 0.33125000000000004 0.46875 0.459676513671875 0.549542236328125
4 0.31625 0.07750000000000001 0.42219116210937496 0.13992431640625003
4 0.33375 0.31875000000000003 0.444674072265625 0.404688720703125
4 0.3425 0.19125 0.45966552734375005 0.267313232421875
4 0.5549999999999999 0.1225 0.6569580078125 0.16988037109375
4 0.59 0.24375000000000002 0.706923828125 0.317261962890625
4 0.6125 0.57 0.74440185546875 0.6519433593749999
4 0.5975 0.40375 0.70691650390625 0.477105712890625
4 0.64625 0.78125 0.796868896484375 0.886737060546875
