4 0.1984375 0.6814299999999999 0.20980621337890623 0.6989712833333334
4 0.1996875 0.7353255 0.21105499267578123 0.7607804575000001
4 0.2021875 0.8009605 0.21480255126953124 0.8215040658333334
4 0.2125 0.6419425000000001 0.22791748046875 0.6638180958333334
4 0.20906249999999998 0.7508004999999999 0.21979583740234376 0.7735616658333332
4 0.22843750000000002 0.8009605 0.24290191650390625 0.8236380658333333
4 0.2465625 0.6366060000000001 0.26100921630859375 0.65955799
4 0.2559375 0.7758805000000001 0.2710000610351562 0.7980668658333333
4 0.2715625 0.6376735 0.2816098022460937 0.6595562108333333
4 0.2834375 0.798826 0.29659820556640626 0.8193726233333334
4 0.2871875 0.7582715 0.3003445434570312 0.7884912141666667
4 0.2934375 0.6792955 0.3059634399414063 0.7053778408333334
4 0.3003125 0.6547495 0.31220672607421873 0.6669987508333334
