18 0.0996875 0.3678805 0.14427764892578127 0.4812567310495627
18 0.201875 0.31559299999999996 0.3048028564453125 0.5373549518950437
18 0.2490625 0.363212 0.28413177490234376 0.44484853644314876
18 0.2875 0.3356675 0.34034423828125 0.5139826887755102
18 0.38375000000000004 0.3258635 0.410875244140625 0.43556598032069965
18 0.411875 0.302054 0.4570977783203125 0.47948468804664723
18 0.5449999999999999 0.3253965 0.5950927734375 0.4953236610787171
18 0.5571875 0.2857145 0.6000808715820312 0.3665305065597667
18 0.6012500000000001 0.582633 0.648787841796875 0.7302426807580175
18 0.6140625 0.8440709999999999 0.6587753295898438 0.9959685758017491
18 0.694375 0.28197949999999994 0.7218218994140625 0.3721379511661807
18 0.7359375 0.2847805 0.7805313110351563 0.4757748680758017
18 0.7390625 0.661998 0.7867782592773437 0.8010889883381924
18 0.9409375 0.257703 0.9865811157226563 0.40672033965014576
