4 0.1499995 0.611241 0.27016551611328127 0.7813060644216692
4 0.0 0.8594845000000001 0.19375 0.996399603953148
4 0.216406 0.347775 0.320100666015625 0.45850681259150805
4 0.4156255 0.531616 0.5542821157226562 0.67837864568082
4 0.3835935 0.149883 0.4715003969726562 0.24802455197657394
4 0.46875 0.299766 0.571417236328125 0.4187651039531479
4 0.5554685 0.120609 0.6447695502929688 0.2059124128843338
4 0.65625 0.73185 0.793109130859375 0.8958834773060029
4 0.6414065 0.27166299999999993 0.7087486264648437 0.3579162503660322
4 0.6523435 0.159251 0.7227999458007812 0.21990783601756952
4 0.71875 0.532787 0.852423095703125 0.6971119311859444
4 0.8085935 0.1908665 0.9117103579101562 0.339298546852123
4 0.8867189999999999 0.7693205 0.9788220634765624 0.9286156156661786
4 0.9070315 0.4625295 0.9975522270507812 0.6246157972181551
