0 0.146139 0.7703525 0.2510792861328125 0.9249461061893204
0 0.1265885 0.3669505 0.19049237841796876 0.48193667172330096
0 0.230205 0.407047 0.3028051904296875 0.5535760109223301
0 0.2619745 0.2181045 0.3086391655273437 0.37154531007281555
0 0.3695015 0.2782505 0.44929715869140624 0.43101131735436893
0 0.34310850000000004 0.4617255 0.38871693310546873 0.5790266535194174
0 0.46627549999999995 0.41980549999999994 0.5332686528320312 0.5669265273058252
0 0.4521015 0.1725395 0.4912494946289062 0.2804706074029127
0 0.585044 0.3590525 0.65827566796875 0.5220432566747573
0 0.7013685000000001 0.661604 0.8448670698242189 0.7829150825242719
