4 0.3917425 0.6787880000000001 0.41855043896484373 0.7383972481644641
4 0.0 0.42272699999999996 0.085599 0.4630152555066079
4 0.0 0.3113635 0.148036 0.3813607848751835
4 0.170191 0.453788 0.23447579785156253 0.509939644640235
4 0.239678 0.3272725 0.299866939453125 0.37376142364170345
4 0.32326299999999997 0.656818 0.36020831347656246 0.7232775095447872
4 0.3479355 0.583333 0.38435321923828125 0.6233854170337738
4 0.369587 0.635606 0.39540907519531243 0.685430657856094
4 0.40332350000000006 0.507576 0.4467361293945313 0.5477396607929516
4 0.41742199999999996 0.5553030000000001 0.454778361328125 0.5810025770925111
4 0.434542 0.637121 0.459797642578125 0.7096704331864906
4 0.480866 0.5204544999999999 0.509097404296875 0.5734777496328928
4 0.48489400000000005 0.6303030000000001 0.511107470703125 0.6990744449339207
4 0.531722 0.5916665 0.5533577402343751 0.6612521798825257
4 0.5548845 0.5196964999999999 0.5825401206054688 0.5537818627019089
4 0.586606 0.5833335 0.613727142578125 0.6203554162995595
4 0.8494459999999999 0.2204545 0.9981634628906251 0.311797278267254
