17 0.7079205000000001 0.5221875 0.18991900000000012 0.13937500000000003
17 0.15706599999999998 0.68625 0.12331199999999998 0.14500000000000002
17 0.409091 0.6653125 0.23312399999999994 0.16062500000000002
17 0.37443750000000003 0.8025 0.154815 0.14500000000000002
17 0.4779475 0.5275 0.234023 0.12499999999999994
17 0.5432039999999999 0.8365625 0.19711999999999996 0.09062499999999996
17 0.5630065 0.7068749999999999 0.20612099999999992 0.12124999999999997
17 0.620612 0.77875 0.23852400000000012 0.13875000000000004
17 0.7263725 0.6737500000000001 0.10621099999999987 0.10249999999999992
17 0.7376235 0.8146875 0.08910900000000006 0.06687500000000002
