6 0.068125 0.2216665 0.0875 0.15833300000000003
6 0.1628125 0.2308335 0.095625 0.15166700000000002
6 0.33999999999999997 0.6554165 0.11874999999999997 0.350833
6 0.36 0.3445835 0.07124999999999998 0.14916699999999997
6 0.45375 0.411667 0.11249999999999999 0.15000000000000005
6 0.60125 0.7308335000000001 0.39375 0.536667
6 0.5040625000000001 0.19291650000000002 0.01937500000000003 0.02916699999999998
6 0.5134375 0.169583 0.014375000000000027 0.027500000000000007
6 0.5125 0.2020835 0.0050000000000000044 0.02083299999999999
6 0.5190625 0.1479165 0.010624999999999996 0.015832999999999986
6 0.7653125000000001 0.5025 0.468125 0.926666
