10 0.750625 0.5954165 0.07125000000000004 0.08916699999999993
10 0.28375 0.31749999999999995 0.05125000000000002 0.09333399999999999
10 0.32375 0.39125000000000004 0.0625 0.07583400000000003
10 0.3275 0.6 0.04625000000000001 0.03166599999999997
10 0.3940625 0.37458299999999994 0.05312500000000003 0.08249999999999998
10 0.3953125 0.6691664999999999 0.026874999999999982 0.051666999999999984
10 0.4478125 0.47166700000000006 0.05437499999999995 0.06999999999999991
10 0.4509375 0.3425 0.05062500000000003 0.07000000000000002
10 0.4778125 0.7025 0.019374999999999976 0.06666599999999996
10 0.5625 0.29375 0.03374999999999995 0.07583400000000003
10 0.6187499999999999 0.293333 0.04500000000000004 0.055000000000000014
10 0.6321875 0.23583350000000003 0.059374999999999956 0.06666699999999999
10 0.675 0.49666649999999996 0.0675 0.071667
10 0.6725 0.5904165 0.053749999999999964 0.07083299999999992
10 0.6893750000000001 0.3008335 0.04625000000000001 0.05333300000000004
10 0.7571875 0.9141665 0.05062499999999992 0.088333
10 0.9393750000000001 0.5466665 0.03500000000000003 0.048333000000000105
10 0.944375 0.23416650000000003 0.04500000000000004 0.09166700000000001
