6 0.3525 0.54 0.664167 0.733125
6 0.0 0.649375 0.048332999999999994 0.755625
6 0.0 0.494375 0.12333299999999998 0.593125
6 0.036667 0.53375 0.255 0.643125
6 0.06666699999999999 0.569375 0.34 0.74375
6 0.148333 0.67375 0.44250000000000006 0.816875
6 0.654167 0.149375 0.7541670000000001 0.195
6 0.676667 0.615625 0.9616669999999999 0.798125
6 0.733333 0.50625 0.9225 0.620625
6 0.75 0.173125 0.831667 0.2075
6 0.759167 0.195 0.875 0.248125
6 0.7858329999999999 0.25 0.9725 0.359375
6 0.865833 0.2125 0.98 0.275625
