0 0.830625 0.5201690000000001 0.9673138427734375 0.6924844055636896
0 0.3928125 0.664634 0.42086639404296877 0.7973378901903367
0 0.4646875 0.23545950000000004 0.5270462036132812 0.3570662569546121
0 0.5115625 0.6988745000000001 0.6013754272460938 0.8873447576866765
0 0.523125 0.3883675 0.5744891357421874 0.4994313799414348
0 0.60625 0.5623830000000001 0.7137829589843749 0.7336985988286969
0 0.6278125 0.2884615 0.7237619018554687 0.4113976551976574
0 0.715 0.8921199999999999 0.8074267578125 0.9639848213762812
0 0.7528125 0.7321765 0.8773898315429688 0.8638439992679355
0 0.7265625 0.246717 0.7624154663085938 0.29138377452415815
0 0.819375 0.337242 0.9260748291015625 0.44322123426061494
0 0.8640625 0.9591935 0.9985311889648437 0.9976576171303077
0 0.816875 0.2115385 0.8685772705078125 0.2595402803806735
0 0.8265625000000001 0.0 0.8879428100585938 0.18667899999999998
0 0.903125 0.4287055 0.9984930419921875 0.5453383199121523
0 0.9299999999999999 0.2420265 0.9984667968750001 0.35705664202049786
0 0.95875 0.5919325000000001 0.998438720703125 0.6736173345534407
0 0.963125 0.708255 0.9984344482421875 0.7522460234260615
