0 0.5021875 0.1345835 0.6138845825195313 0.25232476106770835
0 0.0 0.565417 0.129375 0.7109307799479166
0 0.2021875 0.6904165 0.33417755126953125 0.8316010201822918
0 0.344375 0.6325 0.4221636962890625 0.7383434322916665
0 0.39125 0.8616670000000001 0.504617919921875 0.9980450377604168
0 0.4403125 0.5741665 0.5701950073242188 0.7900853873697916
0 0.6246875000000001 0.8504165 0.7900149536132812 0.9947256868489581
0 0.6740625 0.16 0.7612167358398437 0.23812466666666665
0 0.8525 0.7945829999999999 0.9822924804687501 0.96729838671875
0 0.9303125 0.44416700000000003 0.9984664916992188 0.6235886575520834
