0 0.30874999999999997 0.505 0.392823486328125 0.6118424479166668
0 0.2953125 0.345833 0.36408660888671873 0.40788269661458326
0 0.42093749999999996 0.3475 0.46958892822265624 0.4303805260416666
0 0.63375 0.2845835 0.708756103515625 0.3562964485677083
0 0.6925 0.30624999999999997 0.78744873046875 0.36376823697916666
0 0.69 0.86 0.764326171875 0.9655472083333333
0 0.77 0.822917 0.873623046875 0.9880954934895834
0 0.7859375 0.4016665 0.8904824829101562 0.5028099967447918
0 0.806875 0.7399999999999999 0.8842120361328125 0.8140364583333333
0 0.815 0.5591665 0.8710791015624999 0.6367719186197917
0 0.8565625 0.63875 0.9254135131835938 0.7575012942708335
