2 0.17698599999999998 0.348749 0.266417 0.460197
2 0.30456500000000003 0.575436 0.389619 0.6891579999999999
2 0.317073 0.755876 0.406504 0.858984
2 0.32145100000000004 0.178923 0.355222 0.276725
2 0.378361 0.17361600000000002 0.48843000000000003 0.306293
2 0.41526 0.359363 0.508443 0.457165
2 0.41651000000000005 0.8278999999999999 0.484678 0.905231
2 0.433396 0.694466 0.49718599999999996 0.7763459999999999
2 0.454034 0.5011369999999999 0.570982 0.599697
2 0.669794 0.11523900000000001 0.729206 0.18726299999999999
2 0.73546 0.08642899999999999 0.789243 0.16376
2 0.8455280000000001 0.53298 0.920575 0.601213
2 0.875547 0.35254 0.9374610000000001 0.420773
