11 0.0 0.6041275 0.23875 0.9118734795021962
11 0.0215625 0.1346155 0.03747894287109375 0.1527109055636896
11 0.056875 0.0698875 0.0643194580078125 0.0824496756954612
11 0.0734375 0.041745 0.09117828369140625 0.06091487994143485
11 0.2165625 0.1782365 0.28353851318359374 0.2914840387994143
11 0.2746875 0.7570355000000001 0.2922317504882812 0.780317602489019
11 0.3325 0.0 0.40655029296875 0.12288900000000001
11 0.29312499999999997 0.5290805 0.2997137451171875 0.5433153579795021
11 0.3040625 0.498593 0.3090780639648438 0.5095889956076134
11 0.34625 0.6571295 0.361536865234375 0.6753978777452416
11 0.3659375 0.9066605 0.37526763916015626 0.9208115322108344
11 0.3828125 0.9469985000000001 0.39837615966796874 0.9629664721815521
11 0.3828125 0.8090995000000001 0.39212615966796877 0.8252693740849196
11 0.4034375 0.7983115000000001 0.4152310180664063 0.8130901691068816
11 0.40718750000000004 0.8742965 0.4164773559570312 0.8870879172767204
11 0.42093749999999996 0.641651 0.42958892822265626 0.6529065402635431
11 0.4528125 0.0 0.46518280029296877 0.037523
11 0.5621875000000001 0.07739199999999999 0.5700759887695312 0.08619068814055636
11 0.5778125000000001 0.057223 0.5856857299804688 0.07027221815519764
11 0.596875 0.058161 0.6069171142578126 0.0702708448023426
