13 0.2616425 0.6067794999999999 0.3799304897460938 0.6943218626588464
13 0.2658765 0.37330500000000005 0.36807235498046875 0.5343810879765396
13 0.371719 0.6258474999999999 0.4882059931640625 0.7078632233626588
13 0.36917849999999997 0.3322035 0.4450244741210938 0.4979802653958944
13 0.44326849999999995 0.6398305 0.5795841206054687 0.7493745547409579
13 0.4674005 0.35762700000000003 0.5558515541992187 0.5165994134897361
13 0.5025405000000001 0.6491525 0.6260972377929688 0.7646194423264907
13 0.5808639999999999 0.6241525000000001 0.68444575 0.7307458802541544
13 0.5952585 0.352542 0.7030596928710937 0.5132143841642229
13 0.6964440000000001 0.6550845000000001 0.82743187890625 0.8129186436950147
