8 0.26460649999999997 0.598305 0.261643 0.16610200000000006
8 0.2624895 0.36567800000000006 0.19813699999999998 0.30254200000000003
8 0.362828 0.6165255 0.254868 0.17711900000000008
8 0.37341250000000004 0.3271185 0.19305699999999998 0.3254230000000001
8 0.444115 0.6432205 0.26503 0.21694899999999995
8 0.452159 0.36567800000000006 0.20660399999999995 0.3313560000000001
8 0.5143945 0.6584745 0.22099899999999995 0.21355900000000003
8 0.5774765000000001 0.6233049999999999 0.22523300000000002 0.26356
8 0.5791705 0.3521185 0.211685 0.3449150000000001
8 0.7002539999999999 0.65 0.24047399999999997 0.3203399999999999
