0 0.33499999999999996 0.5775 0.4109228515625 0.659248046875
0 0.35625 0.325833 0.405902099609375 0.38790873828125
0 0.385625 0.39416650000000003 0.4371234130859375 0.45948676236979175
0 0.4675 0.3233335 0.5282934570312501 0.3962459928385417
0 0.49249999999999994 0.425 0.53326904296875 0.47444661458333326
0 0.509375 0.27166650000000003 0.5357525634765625 0.29797926757812504
0 0.535625 0.5758335 0.5769769287109375 0.6259172167968751
0 0.5625 0.7166665 0.61195068359375 0.7673998404947917
0 0.558125 0.37833350000000004 0.5982049560546875 0.4361743782552084
0 0.590625 0.6549999999999999 0.6544232177734375 0.7291471354166666
0 0.566875 0.3125 0.6019464111328126 0.3462600989583333
0 0.568125 0.25 0.6019451904296875 0.2863414791666667
0 0.6025 0.5383330000000001 0.64191162109375 0.5876320455729166
0 0.626875 0.28750000000000003 0.6581378173828124 0.3246256510416667
0 0.649375 0.35083349999999996 0.6843658447265626 0.401210185546875
0 0.665625 0.23083299999999998 0.7080999755859375 0.26803243619791667
0 0.7025 0.283333 0.75056396484375 0.3379640768229166
0 0.715 0.391667 0.7505517578124999 0.44615701692708337
