11 0.2028125 0.66125 0.2541769409179688 0.8016389973958332
11 0.2353125 0.44625000000000004 0.28789520263671875 0.48191894531249996
11 0.255 0.372917 0.2722509765625 0.38868143098958335
11 0.3125 0.6633334999999999 0.36781982421875 0.7608032845052083
11 0.3003125 0.372917 0.32408172607421876 0.38868143098958335
11 0.3021875 0.3025 0.32782989501953125 0.32210611979166665
11 0.305 0.44541650000000005 0.3278271484375 0.4627530305989583
11 0.3371875 0.5216664999999999 0.3884207153320312 0.5693207467447917
11 0.3678125 0.44625000000000004 0.39776580810546874 0.46608594531249997
11 0.3728125 0.37875 0.4040109252929687 0.3936738359375
11 0.3765625 0.306667 0.40900726318359376 0.32376769401041666
11 0.4640625 0.735417 0.5514218139648438 0.9082094257812501
11 0.5175000000000001 0.0 0.61199462890625 0.246667
11 0.5265625 0.414167 0.6194857788085938 0.5211277200520833
11 0.5625 0.907917 0.65570068359375 0.99798481640625
11 0.5103125 0.5370835 0.5357516479492187 0.5468006725260417
11 0.6040625 0.49 0.6700350952148437 0.6160289791666665
11 0.655 0.7654165 0.7462353515625 0.9065033639322917
11 0.58875 0.894167 0.605050048828125 0.9130027200520833
11 0.7778125 0.15166700000000002 0.8804904174804687 0.29646951692708334
11 0.7790625 0.4929165 0.8792391967773437 0.631858181640625
11 0.8159375 0.6491665 0.8854531860351562 0.7274877311197917
11 0.8503125 0.73375 0.9179196166992187 0.7740445963541668
