6 0.41176499999999994 0.147059 0.70098 0.433007
6 0.0 0.736928 0.093137 0.9820260000000001
6 0.0 0.49183000000000004 0.10130700000000001 0.718954
6 0.0 0.0 0.117647 0.155229
6 0.0 0.181373 0.143791 0.428105
6 0.102941 0.49183000000000004 0.382353 0.771242
6 0.125817 0.772876 0.33986900000000003 0.9820260000000001
6 0.133987 0.0 0.42483699999999996 0.21568600000000002
6 0.138889 0.20751599999999998 0.43137299999999995 0.465686
6 0.367647 0.42156899999999997 0.660131 0.718954
6 0.37745100000000004 0.710784 0.627451 0.965686
6 0.446078 0.0 0.722222 0.16503299999999999
6 0.676471 0.696078 0.94281 0.957516
6 0.696078 0.400327 0.998366 0.6846409999999999
6 0.77451 0.084967 0.977124 0.29738600000000004
6 0.800654 0.0 0.998366 0.058824
