6 0.0 0.3952945 0.07888300000000001 0.45591814055944063
6 0.0649135 0.5176474999999999 0.10675660791015625 0.5957470174825175
6 0.208299 0.470588 0.2553425830078125 0.5569888349650349
6 0.2773215 0.44058849999999994 0.2889651782226562 0.4687957923076923
6 0.32456850000000004 0.5835295 0.36122803857421876 0.6685958748251749
6 0.3274445 0.45588249999999997 0.35876022998046875 0.4970094020979022
6 0.44207050000000003 0.544706 0.4679332905273437 0.6192381734265734
6 0.5497125 0.606471 0.6034071713867186 0.6979757888111888
6 0.638866 0.46411749999999996 0.646048107421875 0.4946448846153846
6 0.7506160000000001 0.477647 0.7659059765625 0.5099199622377623
6 0.7769105000000001 0.561765 0.7864232983398437 0.6062733146853148
6 0.8106 0.644118 0.8291183984375 0.6979231356643356
6 0.8463434999999999 0.6341175 0.8693464926757812 0.6944071223776224
6 0.8800325 0.5658825 0.8939635932617187 0.5886205559440558
6 0.91249 0.5217645 0.933373896484375 0.5522112594405595
