0 0.333203 0.65918 0.39498660644531247 0.7413831404151403
0 0.21601600000000004 0.5161134999999999 0.298227046875 0.5892138247863247
0 0.210547 0.39257800000000004 0.2622943876953125 0.4409266617826618
0 0.2683595 0.26416 0.32395693017578125 0.3121774603174603
0 0.2753905 0.595215 0.32160606396484376 0.6652892417582417
0 0.3257815 0.19677700000000004 0.37390085400390627 0.26050173504273505
0 0.457031 0.657227 0.5183036806640625 0.750174525030525
0 0.492969 0.21191400000000002 0.5417065849609375 0.2956392527472527
0 0.5699215 0.57666 0.6314744360351563 0.6633578974358976
0 0.6070310000000001 0.297363 0.6783131962890625 0.36487091941391936
0 0.609375 0.4238279999999999 0.6798739072265625 0.4906935054945054
