11 0.4265625 0.7654165 0.4727084350585938 0.8290033639322916
11 0.1253125 0.3675 0.17175262451171874 0.423688484375
11 0.26468749999999996 0.492083 0.31349151611328124 0.5526922669270834
11 0.32625000000000004 0.38625 0.361556396484375 0.4303300703124999
11 0.37687499999999996 0.5325000000000001 0.4146319580078125 0.585139640625
11 0.4 0.9529169999999999 0.435234375 0.9979262226562501
11 0.4340625 0.7050000000000001 0.47645111083984376 0.7349150312499999
11 0.5240625 0.2854165 0.5488632202148437 0.32212836393229166
11 0.576875 0.7904165000000001 0.6263116455078125 0.8573038118489583
11 0.5928125 0.390833 0.6387960815429687 0.4378241028645833
11 0.573125 0.5825 0.5938153076171875 0.6059085364583333
11 0.6296875 0.22958350000000002 0.6775100708007812 0.2772010631510417
11 0.6990625 0.7408335 0.7630673217773438 0.8157023730468751
11 0.753125 0.6954165 0.7861395263671875 0.739927509765625
11 0.7893749999999999 0.5425000000000001 0.8117291259765625 0.5959606197916667
11 0.809375 0.446667 0.8467095947265625 0.4785854023437501
11 0.8815625 0.7704165 0.9097640991210938 0.808996853515625
11 0.9328125 0.5499999999999999 0.9847140502929688 0.6109508541666666
11 0.9706250000000001 0.421667 0.9984271240234375 0.4461179544270833
11 0.989375 0.18166650000000004 0.9984088134765625 0.205596455078125
