4 0.0 0.1674485 0.16875 0.3027568338213763
4 0.0 0.815666 0.30375 0.9978677598828698
4 0.2809375 0.542683 0.5197256469726562 0.7984554421669107
4 0.1246875 0.2617265 0.13925323486328126 0.28760979868228403
4 0.140625 0.369137 0.1686126708984375 0.43097953587115656
4 0.16 0.23686700000000002 0.17671875 0.26044119619326506
4 0.2009375 0.31003749999999997 0.23042877197265624 0.3607090651537335
4 0.22125 0.1838645 0.245408935546875 0.23331379868228402
4 0.2675 0.193715 0.29161376953125 0.24737137628111275
4 0.2559375 0.272514 0.2660000610351562 0.2913460043923865
4 0.3046875 0.09802999999999999 0.33532745361328126 0.15651647144948755
4 0.3015625 0.18152000000000001 0.31220550537109376 0.20236123133235723
4 0.4040625 0.1904315 0.4902304077148437 0.2933421837481699
4 0.34187500000000004 0.16275799999999999 0.3527911376953125 0.18175070131771598
4 0.3559375 0.11866799999999998 0.3684024047851563 0.13772525475841874
4 0.52125 0.19746749999999996 0.570740966796875 0.24548988213762812
4 0.5034375 0.05863049999999999 0.5182583618164063 0.08340415739385065
4 0.5387500000000001 0.064728 0.559473876953125 0.09746622986822841
4 0.5615625 0.09615399999999999 0.5782015991210937 0.10680121815519766
4 0.5809375 0.48686700000000005 0.6106826782226562 0.5311821639824305
4 0.5753125 0.07223299999999999 0.5875631713867188 0.08338424158125915
4 0.6212500000000001 0.5089119999999999 0.650018310546875 0.5292738872620789
4 0.6321875 0.403846 0.6500076293945313 0.45625671742313323
4 0.6671875 0.4859285 0.7062234497070313 0.53118353806735
4 0.800625 0.3982175 0.8717181396484376 0.458140958272328
