17 0.883138 0.6523435000000001 0.180338 0.28710899999999995
17 0.073893 0.6787110000000001 0.136068 0.24804600000000007
17 0.0970055 0.42431649999999993 0.177083 0.22363299999999997
17 0.1634115 0.168457 0.179687 0.223632
17 0.3216145 0.444336 0.170573 0.23632800000000004
17 0.34700549999999997 0.7412110000000001 0.17708300000000005 0.253906
17 0.3548175 0.16650400000000004 0.171875 0.23535200000000006
17 0.5683595 0.2231445 0.16536499999999998 0.229493
17 0.5738935 0.040039 0.15950499999999995 0.080078
17 0.5797525 0.5346679999999999 0.15559900000000004 0.22558599999999993
17 0.623047 0.7685544999999999 0.17838599999999993 0.2109370000000001
17 0.78125 0.37304649999999995 0.17057200000000006 0.251953
17 0.7701825 0.10351550000000001 0.145833 0.20703100000000002
17 0.9527995 0.0458985 0.09309899999999993 0.091797
