16 0.12875 0.8560039999999999 0.205499267578125 0.9546566998535871
16 0.04125 0.06754249999999999 0.062459716796875 0.08151510907759882
16 0.1428125 0.14446499999999998 0.25736053466796877 0.1780244846266471
16 0.4403125 0.7570355000000001 0.8358200073242188 0.9979536024890191
16 0.2609375 0.3241085 0.45537017822265624 0.3925834633967789
16 0.4871875 0.104597 0.6026492309570313 0.12555085651537337
16 0.4328125 0.023452 0.44520233154296873 0.03186066325036604
16 0.47062499999999996 0.017354500000000002 0.4864154052734375 0.029993590775988288
16 0.6678125 0.215291 0.8380978393554688 0.2679777862371889
16 0.844375 0.47138849999999993 0.9985504150390625 0.617508826500732
16 0.7565625 0.044558999999999994 0.7692611694335938 0.05528175988286969
