11 0.12062500000000001 0.858818 0.19363220214843752 0.9546525797950219
11 0.04 0.06707300000000001 0.0637109375 0.08057679648609077
11 0.140625 0.1482175 0.2623626708984375 0.18270999048316253
11 0.43718749999999995 0.7551595 0.8295730590820312 0.9979563491947293
11 0.2628125 0.32879900000000006 0.46286834716796876 0.39539059590043923
11 0.49031250000000004 0.09802999999999999 0.6013961791992188 0.11899347144948756
11 0.4340625 0.024859500000000003 0.44770111083984376 0.032796602489019035
11 0.474375 0.0154785 0.49266174316406247 0.02718233748169839
11 0.6678125 0.2115385 0.8368478393554688 0.2595402803806735
11 0.8434375000000001 0.478424 0.9985513305664062 0.6259415256222547
11 0.7528125 0.042214 0.7673898315429687 0.05340919326500732
