16 0.49861150000000004 0.297222 0.11388900000000002 0.10185199999999998
16 0.3354165 0.22685149999999998 0.06805500000000003 0.061111000000000026
16 0.358333 0.2212965 0.07777799999999996 0.109259
16 0.3645835 0.34166649999999993 0.08194499999999993 0.1648149999999999
16 0.4 0.35648149999999995 0.07500000000000001 0.15370299999999992
16 0.39166700000000004 0.203704 0.05277799999999999 0.12592599999999998
16 0.44375 0.14351850000000002 0.018055999999999905 0.046297
16 0.48888849999999995 0.3916665 0.061110999999999915 0.14259300000000005
16 0.5152780000000001 0.139815 0.02777799999999997 0.03148199999999999
16 0.5520835 0.38888900000000004 0.056945000000000134 0.155556
16 0.5958334999999999 0.2824075 0.06944500000000009 0.10555499999999995
16 0.615278 0.18981499999999998 0.05555600000000005 0.14259200000000002
16 0.6499999999999999 0.38148150000000003 0.08055599999999996 0.129629
16 0.6499999999999999 0.2175925 0.066666 0.105555
16 0.6840280000000001 0.34907400000000005 0.068056 0.157408
16 0.7041664999999999 0.24537050000000002 0.09166700000000005 0.094445
