0 0.303588 0.3271875 0.4188152300884956 0.4078054809570313
0 0.0 0.588125 0.115203 0.6431756591796876
0 0.177526 0.525 0.30663116224188786 0.5919873046875
0 0.28564649999999997 0.673125 0.437727692477876 0.7330926513671875
0 0.4627005 0.1890625 0.6206585508849558 0.28981536865234375
0 0.4844195 0.388125 0.6177935169616519 0.4452459716796875
0 0.727101 0.6590625 0.8912785796460178 0.7318563842773438
0 0.8201135 0.35562499999999997 0.9477993930678464 0.4071527099609375
0 0.877243 0.541875 0.9977621312684365 0.6107208251953125
0 0.891407 0.44625 0.9977412404129794 0.511439208984375
