4 0.3914065 0.5625 0.6089927670898437 0.69945068359375
4 0.06328099999999999 0.070313 0.10462520214843749 0.12336933496093751
4 0.18125 0.0953125 0.254509998046875 0.13115692138671875
4 0.325 0.0 0.3715576171875 0.110937
4 0.3804685 0.1015625 0.44181544873046874 0.13583781787109375
4 0.4898435 0.075781 0.5323336372070312 0.1374259951171875
4 0.598437 0.0796875 0.6291025888671875 0.11867218017578124
4 0.6328125 0.297656 0.6915690190429687 0.34658432031249997
4 0.696094 0.46562499999999996 0.794633220703125 0.5589202880859374
4 0.8312495 0.6125 0.9882502329101563 0.75565185546875
4 0.8226564999999999 0.11640600000000001 0.8851346245117186 0.151448322265625
4 0.8671875 0.06875 0.9194661372070312 0.106182861328125
4 0.9195315 0.3625 0.9975400200195312 0.48089599609375
