17 0.0228125 0.1571295 0.045625 0.314259
17 0.034375 0.3489685 0.06875 0.16135099999999994
17 0.086875 0.760788 0.17375 0.3339579999999999
17 0.09 0.9338650000000002 0.18 0.13039400000000007
17 0.1246875 0.501876 0.249375 0.37523399999999996
17 0.0790625 0.196529 0.076875 0.27861199999999997
17 0.1996875 0.1998125 0.253125 0.38649100000000003
17 0.2734375 0.9530955 0.270625 0.09193300000000006
17 0.2778125 0.7762665 0.26437499999999997 0.4268289999999998
17 0.3871875 0.44605999999999996 0.27312500000000006 0.43245800000000006
17 0.43843750000000004 0.17260799999999998 0.23437500000000006 0.23827399999999999
17 0.416875 0.9742025000000001 0.15749999999999997 0.049719000000000006
17 0.5275000000000001 0.7992495 0.26375000000000004 0.39962500000000006
17 0.6115625 0.42682899999999996 0.268125 0.39399600000000007
17 0.6628125 0.1683865 0.249375 0.334897
17 0.7012499999999999 0.834897 0.22624999999999995 0.32833000000000007
17 0.7050000000000001 0.546435 0.20125000000000004 0.28236400000000006
17 0.85375 0.34240149999999997 0.23750000000000004 0.382739
17 0.8328125 0.727955 0.17937499999999995 0.39211999999999986
17 0.9140625 0.6360224999999999 0.17062500000000003 0.3189489999999999
17 0.9403125 0.869137 0.11812500000000004 0.2598500000000001
17 0.9762500000000001 0.369137 0.04625000000000001 0.2598500000000001
