0 0.0 0.755417 0.218125 0.9981833841145834
0 0.150625 0.4725 0.2986029052734375 0.723551765625
0 0.1440625 0.0 0.27485931396484375 0.3075
0 0.3578125 0.775417 0.5821505737304687 0.9981573424479168
0 0.31375 0.362917 0.40906860351562496 0.5236944518229167
0 0.42093749999999996 0.18499999999999997 0.5589639282226562 0.3647591145833333
0 0.48 0.5775 0.66515625 0.810915046875
0 0.6365624999999999 0.36708349999999995 0.7618783569335937 0.6145220266927084
0 0.6084375 0.9270835000000001 0.6494058227539062 0.9979598600260418
0 0.7453125 0.7979165 0.8955221557617188 0.9964610462239584
0 0.7718750000000001 0.0 0.9086212158203125 0.22583300000000003
0 0.8343750000000001 0.48541700000000004 0.9985601806640625 0.8110349466145834
0 0.9428125 0.0 0.9984542846679688 0.305
0 0.95 0.872917 0.998447265625 0.9980303893229167
