6 0.07 0.30395099999999997 0.128 0.27355599999999997
6 0.198 0.3282675 0.07200000000000001 0.19452899999999998
6 0.262 0.19452850000000002 0.11200000000000002 0.17021299999999998
6 0.33199999999999996 0.2446805 0.064 0.11854100000000004
6 0.393 0.29179350000000004 0.062 0.09118499999999999
6 0.406 0.180851 0.05199999999999999 0.136778
6 0.45599999999999996 0.31307 0.08000000000000002 0.151976
6 0.51 0.5455925 0.06000000000000005 0.142857
6 0.5309999999999999 0.273556 0.09399999999999997 0.164134
6 0.5329999999999999 0.5243159999999999 0.09399999999999997 0.167174
6 0.6399999999999999 0.3480245 0.10399999999999998 0.24012100000000006
6 0.6970000000000001 0.37234049999999996 0.05399999999999994 0.15501499999999996
6 0.74 0.506079 0.04400000000000004 0.13070000000000004
6 0.8180000000000001 0.35410349999999996 0.14400000000000002 0.282675
6 0.815 0.525836 0.03799999999999992 0.09118599999999999
