6 0.121111 0.45583349999999995 0.1621037275390625 0.5143326010248902
6 0.166667 0.5858335 0.2053932392578125 0.6408092642752562
6 0.275 0.6841665 0.3152874453125 0.7423312920937042
6 0.373889 0.7533335000000001 0.4218568740234375 0.823897022693997
6 0.373889 0.21833300000000003 0.4185238740234375 0.2830133323572474
6 0.377222 0.12083300000000001 0.41407561914062496 0.15815608491947292
6 0.42000000000000004 0.6416665 0.46292284375 0.6973935175695462
6 0.43944449999999996 0.1691665 0.46734885498046874 0.22475231844802346
6 0.48666699999999996 0.71 0.5250807392578125 0.7672934685212298
6 0.5522225000000001 0.6749999999999999 0.5772387202148438 0.7473447130307467
6 0.6866665000000001 0.36 0.7882184272460938 0.49947291361639823
