10 0.7128380000000001 0.72079 0.19256799999999996 0.14604800000000012
10 0.070946 0.8144330000000001 0.06756799999999999 0.15464000000000003
10 0.069257 0.6872855000000001 0.057432000000000004 0.07216500000000013
10 0.1765205 0.7431275 0.146959 0.07388300000000009
10 0.1942565 0.6159789999999999 0.14864900000000003 0.06357399999999996
10 0.325169 0.7379724999999999 0.17060799999999995 0.077319
10 0.322635 0.5876285 0.101352 0.05498300000000001
10 0.33783799999999997 0.638316 0.08783800000000003 0.04639199999999995
10 0.5236485 0.731959 0.209459 0.13058400000000006
10 0.7035469999999999 0.524055 0.11655399999999994 0.06529199999999992
10 0.693412 0.5773195 0.09290599999999993 0.06185500000000005
10 0.716216 0.6271479999999999 0.07094600000000006 0.0481099999999999
10 0.7989865 0.652062 0.114865 0.11855600000000001
10 0.8133445 0.4879725 0.072635 0.03780099999999983
10 0.879223 0.7199315000000001 0.14020199999999994 0.13402100000000003
10 0.850507 0.5455325000000001 0.06587799999999988 0.04295499999999997
10 0.883446 0.6219934999999999 0.10135199999999978 0.058418999999999915
10 0.912162 0.5773195 0.09459400000000007 0.08247499999999999
