6 0.0 0.5300185 0.090625 0.22889299999999987
6 0.0 0.30956849999999997 0.101875 0.22701700000000002
6 0.10062499999999999 0.0 0.16875 0.209193
6 0.083125 0.304409 0.10125 0.20919399999999996
6 0.113125 0.5295500000000001 0.09875 0.21669799999999997
6 0.1634375 0.2847095 0.12062500000000001 0.18480300000000005
6 0.22375 0.455441 0.16625 0.2579739999999999
6 0.2025 0.21247649999999998 0.09875 0.10975700000000001
6 0.2290625 0.0 0.130625 0.091932
6 0.2915625 0.2776735 0.12312500000000001 0.14446499999999998
6 0.31937499999999996 0.133208 0.14999999999999997 0.236398
6 0.3653125 0.640244 0.12937500000000002 0.14915600000000012
6 0.3915625 0.555347 0.156875 0.24202600000000002
6 0.461875 0.0 0.14125 0.207317
6 0.48125 0.7077859999999999 0.08750000000000002 0.13039399999999982
6 0.540625 0.23639749999999998 0.15999999999999998 0.24577899999999997
6 0.573125 0.4507505 0.15500000000000003 0.24108899999999997
6 0.618125 0.8499065 0.14875000000000005 0.16510300000000003
6 0.6284375 0.7851785 0.125625 0.16697900000000004
6 0.6534375 0.6721385 0.13687500000000008 0.20544100000000004
6 0.655625 0.45403350000000003 0.11250000000000004 0.22701699999999997
6 0.7515625 0.618199 0.13312499999999994 0.2326460000000001
