16 0.54 0.6828449999999999 0.08375000000000005 0.10041799999999994
16 0.0 0.6715479999999999 0.045625 0.10460199999999993
16 0.0653125 0.6736399999999999 0.099375 0.12384999999999985
16 0.054375 0.5556485 0.04625 0.06025100000000008
16 0.0609375 0.376569 0.035625000000000004 0.05690400000000002
16 0.1134375 0.4794975000000001 0.059375 0.051883000000000075
16 0.16562500000000002 0.558577 0.035 0.05104599999999991
16 0.599375 0.665272 0.08125000000000004 0.11715399999999995
16 0.604375 0.553138 0.04249999999999998 0.05857800000000005
16 0.6384375 0.37907949999999996 0.030625000000000013 0.058577000000000046
16 0.6765625 0.4715485 0.06312499999999999 0.04602499999999996
16 0.7103124999999999 0.5523015000000001 0.030625000000000013 0.05020900000000004
