10 0.1015625 0.7533335000000001 0.13937500000000003 0.176667
10 0.0 0.7533335000000001 0.04375 0.1716670000000001
10 0.0 0.576667 0.050625 0.15
10 0.074375 0.9162499999999999 0.11499999999999999 0.135834
10 0.128125 0.5525000000000001 0.155 0.19166600000000003
10 0.1925 0.9725000000000001 0.11875000000000002 0.05333399999999999
10 0.213125 0.8537500000000001 0.15500000000000003 0.17750000000000007
10 0.2059375 0.4804165 0.09187500000000001 0.1808330000000001
10 0.2375 0.6733335 0.155 0.16333300000000003
10 0.3196875 0.520833 0.128125 0.18999999999999995
10 0.306875 0.4045835 0.09999999999999998 0.09416699999999996
10 0.320625 0.9158335000000001 0.11375000000000002 0.16333300000000003
10 0.3559375 0.7579165 0.135625 0.18083299999999994
10 0.39656250000000004 0.38041649999999994 0.085625 0.12916700000000003
10 0.42125 0.8875000000000001 0.07500000000000001 0.1383340000000001
10 0.475625 0.625833 0.15000000000000002 0.17500000000000004
10 0.44499999999999995 0.476667 0.08124999999999999 0.11500000000000006
10 0.5109375 0.818333 0.12812499999999993 0.15499999999999994
10 0.5490625 0.495833 0.11937500000000001 0.17
10 0.5721875 0.7620835 0.09812500000000002 0.1758329999999999
10 0.5974999999999999 0.9199999999999999 0.13 0.1550000000000001
10 0.6690625 0.7000000000000001 0.1343749999999999 0.16500000000000004
10 0.7253125 0.93125 0.130625 0.135834
10 0.7375 0.44875 0.11625000000000008 0.18250000000000002
10 0.745 0.8154170000000001 0.11499999999999999 0.11750000000000016
10 0.8021875 0.69875 0.12437500000000001 0.1774999999999999
10 0.8187500000000001 0.46125 0.07750000000000001 0.1458340000000001
10 0.8275 0.1666665 0.08125000000000004 0.101667
10 0.8456250000000001 0.945 0.10750000000000004 0.108334
10 0.85 0.3633335 0.08499999999999996 0.10166700000000002
10 0.87 0.8270835 0.10499999999999998 0.18583300000000014
10 0.8996875 0.587917 0.13312500000000005 0.13749999999999987
10 0.8803125 0.45458350000000003 0.09187500000000004 0.11916700000000002
10 0.909375 0.1408335 0.06500000000000006 0.06333299999999997
10 0.9199999999999999 0.23124999999999998 0.07750000000000001 0.079166
10 0.9365625 0.319583 0.09062500000000007 0.12750000000000003
10 0.9209375 0.07125 0.05687500000000001 0.079166
10 0.9490625 0.9545835 0.09687500000000004 0.08916700000000007
10 0.9512499999999999 0.717083 0.09625000000000006 0.16249999999999995
10 0.9590624999999999 0.4458330000000001 0.08062500000000006 0.12500000000000008
10 0.9615625 0.8533335000000001 0.055625000000000036 0.11333300000000006
10 0.9578125 0.1858335 0.045624999999999916 0.046667000000000014
10 0.9696875 0.14375000000000002 0.055625000000000036 0.06916599999999999
10 0.9725 0.57 0.053749999999999964 0.10500000000000013
10 0.9865625 0.24916649999999999 0.02562500000000001 0.101667
