15 0.2617185 0.094531 0.3372444155273438 0.12021968457031249
15 0.284375 0.47500000000000003 0.3559722900390625 0.5651611328125
15 0.25390650000000003 0.2281245 0.2763150444335937 0.25446422216796877
15 0.33515649999999997 0.36093800000000004 0.40904769873046876 0.42308552148437506
15 0.3039065 0.2156255 0.3247032163085938 0.23885242822265626
15 0.330469 0.9695315 0.37624027636718754 0.9974911918945312
15 0.33437550000000005 0.1882815 0.35436146142578123 0.21075413134765628
15 0.34765650000000003 0.1398435 0.37153549169921873 0.16861343408203125
15 0.4140625 0.9890629999999999 0.44022064208984374 0.9974721181640624
15 0.6234375 0.147656 0.6665791743164062 0.1936058046875
15 0.6554685 0.6265625 0.7274848940429688 0.7072001225585938
15 0.671875 0.4851565 0.7227808720703125 0.5526512143554687
15 0.6835935 0.0281255 0.7071444282226562 0.05466053369140625
15 0.7781255 0.6374995 0.8539281118164062 0.7259394418945313
15 0.7226565 0.029688 0.7414822807617187 0.0546590078125
