18 0.551389 0.694444 0.777778 0.879167
18 0.098611 0.277778 0.152778 0.330556
18 0.105556 0.23333299999999998 0.155556 0.283333
18 0.105556 0.330556 0.155556 0.35277800000000004
18 0.1375 0.618056 0.244444 0.718056
18 0.148611 0.21527800000000002 0.20416700000000002 0.270833
18 0.148611 0.3 0.205556 0.345833
18 0.152778 0.273611 0.201389 0.304167
18 0.175 0.595833 0.269444 0.630556
18 0.20277799999999999 0.319444 0.24722199999999997 0.351389
18 0.20277799999999999 0.266667 0.251389 0.318056
18 0.218056 0.220833 0.268056 0.266667
18 0.22222199999999998 0.29027800000000004 0.269444 0.338889
18 0.251389 0.713889 0.3125 0.781944
18 0.255556 0.268056 0.30277800000000005 0.3125
18 0.255556 0.31666700000000003 0.30833299999999997 0.34444400000000003
18 0.273611 0.223611 0.327778 0.279167
18 0.28055599999999997 0.638889 0.32361100000000004 0.7111109999999999
18 0.284722 0.755556 0.329167 0.8222219999999999
18 0.291667 0.677778 0.34444400000000003 0.736111
18 0.306944 0.319444 0.358333 0.345833
18 0.318056 0.24166700000000002 0.372222 0.288889
18 0.325 0.747222 0.383333 0.8194440000000001
18 0.326389 0.630556 0.38611100000000004 0.694444
18 0.336111 0.8111109999999999 0.408333 0.8611110000000001
18 0.348611 0.7055560000000001 0.39722199999999996 0.755556
18 0.376389 0.845833 0.445833 0.9069440000000001
18 0.37916700000000003 0.747222 0.43888900000000003 0.816667
18 0.388889 0.672222 0.458333 0.736111
18 0.390278 0.347222 0.44305600000000006 0.420833
18 0.43055600000000005 0.718056 0.490278 0.784722
18 0.445833 0.361111 0.516667 0.415278
18 0.45 0.41805600000000004 0.5236109999999999 0.477778
18 0.468056 0.784722 0.488889 0.85
18 0.491667 0.851389 0.7486109999999999 0.983333
18 0.573611 0.6013890000000001 0.758333 0.701389
18 0.752778 0.6013890000000001 0.913889 0.7
18 0.766667 0.652778 0.963889 0.85
18 0.775 0.8472219999999999 0.9861110000000001 0.9861110000000001
