10 0.06666699999999999 0.6071875 0.04499999999999999 0.02562500000000001
10 0.14625000000000002 0.45 0.040834 0.03249999999999997
10 0.20458299999999996 0.556875 0.04749999999999999 0.04499999999999993
10 0.2045835 0.815625 0.03916700000000003 0.028749999999999942
10 0.26625 0.801875 0.034165999999999995 0.028750000000000053
10 0.3183335 0.89 0.048333000000000036 0.02750000000000008
10 0.32041650000000005 0.7653125000000001 0.03416700000000006 0.03437499999999993
10 0.32375 0.6559375000000001 0.04083399999999996 0.026875000000000093
10 0.3687500000000001 0.44218749999999996 0.05249999999999999 0.044375
10 0.4208335 0.7490625 0.04833299999999996 0.03187499999999999
10 0.44958349999999997 0.5184375 0.040832999999999973 0.043125000000000024
10 0.4675 0.559375 0.04999999999999997 0.04625000000000001
10 0.5075 0.5884375 0.05666599999999996 0.03937500000000005
10 0.6508335000000001 0.251875 0.048333000000000105 0.0325
10 0.7125 0.042499999999999996 0.061666000000000075 0.0375
10 0.7275 0.1428125 0.06833399999999996 0.049375000000000016
10 0.7645835 0.0196875 0.08916699999999993 0.039375
10 0.83625 0.3159375 0.059165999999999976 0.04812500000000003
10 0.8366669999999999 0.15968749999999998 0.04999999999999997 0.03562499999999999
10 0.8466665 0.26375000000000004 0.03833300000000003 0.028749999999999998
10 0.86375 0.1015625 0.04083399999999996 0.029375000000000012
10 0.9279164999999999 0.1921875 0.05916699999999997 0.053125000000000006
