0 0.3309375 0.2420835 0.37655181884765626 0.296351787109375
0 0.075 0.38916649999999997 0.1136767578125 0.4403262727864583
0 0.1125 0.3 0.15989013671875 0.372942375
0 0.1440625 0.40375 0.19235931396484376 0.44864128385416663
0 0.1803125 0.339583 0.22607391357421874 0.4053908346354167
0 0.17375000000000002 0.2758335 0.188580322265625 0.302140841796875
0 0.26093750000000004 0.5104164999999999 0.34224517822265627 0.5826683951822916
0 0.241875 0.24291649999999998 0.3010137939453125 0.3080167024739583
0 0.3103125 0.19375 0.33969696044921877 0.23058072135416666
0 0.4128125 0.17124999999999999 0.4814718627929688 0.2406100182291667
0 0.4375 0.3520835 0.51894775390625 0.43870855794270835
0 0.499375 0.288333 0.5707623291015625 0.37295756640624994
0 0.4821875 0.13249999999999998 0.5295291137695313 0.20816047395833334
0 0.5940624999999999 0.2570835 0.6400448608398438 0.321332255859375
