0 0.33625 0.9061914999999999 0.382171630859375 0.9836642188872621
0 0.20281249999999998 0.0 0.28480194091796873 0.22514099999999998
0 0.22843750000000002 0.4502815 0.32290191650390626 0.6053447298682284
0 0.27 0.8006565000000001 0.38723632812500003 0.9978897357247439
0 0.36875 0.0 0.438389892578125 0.18667899999999998
0 0.441875 0.398687 0.5470684814453125 0.549135270863836
0 0.5449999999999999 0.75 0.6738427734375 0.9585639033674964
0 0.6878124999999999 0.34146300000000007 0.8030783081054688 0.4826140541727673
0 0.784375 0.662758 0.9129840087890625 0.8667596368960467
0 0.7678125 0.0 0.8130001831054687 0.100375
0 0.8678125 0.31144499999999997 0.9822775268554688 0.4535780043923865
0 0.943125 0.5867729999999999 0.9984539794921875 0.7552388887262078
