18 0.52375 0.3780489999999999 0.64875 0.547842
18 0.168125 0.194184 0.305625 0.338649
18 0.185 0.326454 0.325625 0.48405299999999996
18 0.3325 0.08818 0.4325 0.190432
18 0.34125 0.39774899999999996 0.45625 0.60788
18 0.360625 0.212946 0.44125 0.34803
18 0.409375 0.182927 0.49375 0.37711100000000003
18 0.45625 0.181051 0.531875 0.355535
18 0.485 0.17823599999999998 0.571875 0.322702
18 0.4925 0.17823599999999998 0.578125 0.276735
18 0.50125 0.078799 0.59375 0.159475
18 0.60625 0.13414600000000002 0.724375 0.243902
18 0.634375 0.255159 0.781875 0.390244
