0 0.45625000000000004 0.44666649999999997 0.488304443359375 0.508113537326389
0 0.0 0.284444 0.065 0.3839501736111111
0 0.0 0.603333 0.08125 0.763396546875
0 0.078125 0.0 0.1499237060546875 0.162222
0 0.08625000000000001 0.2922225 0.166165771484375 0.4083816692708333
0 0.143125 0.6466665 0.2073602294921875 0.8122103151041666
0 0.19312500000000002 0.328889 0.2748114013671875 0.4505400121527777
0 0.273125 0.671111 0.33723327636718753 0.8521678767361112
0 0.308125 0.3533335 0.38844909667968747 0.4793865737847222
0 0.401875 0.7155555 0.46960754394531246 0.9032017161458332
0 0.444375 0.386667 0.5283160400390625 0.525995703125
0 0.5075000000000001 0.15888899999999997 0.57075439453125 0.2597241510416667
0 0.5587500000000001 0.758889 0.638204345703125 0.9453494843750002
0 0.59375 0.408889 0.665670166015625 0.5548461232638889
0 0.6275 0.1677775 0.69063720703125 0.27304171961805557
0 0.7106250000000001 0.81 0.7955560302734375 0.9963717500000002
0 0.7625 0.4555555000000001 0.83175537109375 0.5858761050347223
0 0.76625 0.2 0.823001708984375 0.31743077777777784
0 0.8787499999999999 0.828889 0.952891845703125 0.9963389565972223
0 0.8899999999999999 0.227778 0.944130859375 0.32849355208333336
0 0.91125 0.48888899999999996 0.977860107421875 0.639151234375
