10 0.1734375 0.137917 0.09437499999999999 0.12250000000000001
10 0.025 0.7549999999999999 0.05 0.03166599999999997
10 0.031875 0.43041650000000004 0.04375 0.060832999999999915
10 0.09968750000000001 0.47750000000000004 0.029375 0.051666000000000066
10 0.1228125 0.5020835 0.024375000000000008 0.020832999999999952
10 0.130625 0.40708300000000003 0.022500000000000006 0.027500000000000007
10 0.17125 0.9554170000000001 0.06499999999999997 0.08750000000000006
10 0.18875 0.38916700000000004 0.044999999999999984 0.03999999999999996
10 0.239375 0.525 0.07874999999999999 0.09833399999999992
10 0.28 0.31124999999999997 0.03624999999999995 0.07416600000000002
10 0.3534375 0.48208350000000005 0.03562500000000002 0.03916699999999995
10 0.49812500000000004 0.44416700000000003 0.031250000000000056 0.014999999999999902
10 0.660625 0.6266664999999999 0.31000000000000005 0.3633329999999999
10 0.5271875 0.443333 0.026874999999999982 0.06500000000000002
10 0.6875 0.315 0.26750000000000007 0.3466660000000001
