12 0.0 0.7491665 0.044375 0.7748575227864584
12 0.0 0.43083350000000004 0.046875 0.4544390188802083
12 0.1525 0.9570835000000001 0.20860107421875 0.9979207975260418
12 0.1846875 0.1504165 0.23669464111328126 0.21563714518229168
12 0.18406250000000002 0.395 0.21607025146484374 0.42031867708333337
12 0.239375 0.523333 0.2791412353515625 0.5751515768229167
12 0.2728125 0.30875 0.30160858154296877 0.3512649817708334
12 0.35124999999999995 0.487083 0.375906982421875 0.52519877734375
12 0.375 0.15125 0.3965087890625 0.1723030598958333
12 0.66 0.630833 0.81123046875 0.8075116028645831
12 0.5353125000000001 0.43458299999999994 0.5607272338867187 0.47026713671875003
12 0.685 0.3133335 0.8187060546875 0.489592013671875
