13 0.14250000000000002 0.3625 0.16236083984375 0.38786099479166664
13 0.161875 0.40625 0.1804669189453125 0.42863802864583334
13 0.1796875 0.365 0.19294952392578124 0.3878577395833333
13 0.19124999999999998 0.459583 0.208563232421875 0.4877345846354167
13 0.206875 0.40958300000000003 0.2279229736328125 0.4252996888020834
13 0.2003125 0.3812499999999999 0.21105438232421875 0.38950358072916663
13 0.21 0.34 0.22666992187499999 0.36205729166666667
13 0.2171875 0.5404165 0.23416290283203126 0.5576293326822916
13 0.21968749999999998 0.39250000000000007 0.23541046142578126 0.39948893229166677
13 0.2165625 0.49500000000000005 0.22791351318359374 0.52685546875
13 0.22875 0.3508335 0.242276611328125 0.373710185546875
13 0.2428125 0.42958349999999995 0.2691378784179687 0.44944064648437504
13 0.24624999999999997 0.56 0.269134521484375 0.5851038333333334
13 0.24375000000000002 0.30624999999999997 0.25913696289062504 0.3254342369791666
13 0.2609375 0.62125 0.2897451782226562 0.6608580807291667
13 0.263125 0.50875 0.2859930419921875 0.5443375651041668
13 0.265 0.32958299999999996 0.2822412109375 0.35290385546874997
13 0.2834375 0.54125 0.31159820556640627 0.5801282473958334
13 0.27875 0.3916665 0.29785278320312497 0.415323017578125
13 0.2953125 0.4329165 0.31721160888671873 0.46193630664062507
13 0.301875 0.6687499999999998 0.3247052001953125 0.6991292317708332
13 0.2971875 0.4675 0.30908477783203125 0.48772427604166674
13 0.306875 0.3204165 0.3247003173828125 0.332915791015625
13 0.30937499999999996 0.5695834999999999 0.3284478759765625 0.6059253548177083
13 0.3128125 0.334583 0.33531951904296875 0.3478973450520833
13 0.3075 0.2866665 0.32094970703125 0.307126736328125
13 0.32625000000000004 0.7162499999999999 0.358431396484375 0.7540673828125001
13 0.32375 0.3775 0.350308837890625 0.40284146354166667
13 0.31875 0.505417 0.33656372070312496 0.5235089049479167
13 0.32875 0.7858335000000002 0.351553955078125 0.8106437792968751
13 0.3340625 0.45125 0.3546737670898437 0.48607943489583333
13 0.34625 0.6166665 0.379036865234375 0.642530048828125
13 0.3378125 0.295833 0.3502951049804688 0.32044780078125
13 0.3590625 0.5545835 0.38527435302734375 0.5909448860677083
13 0.35750000000000004 0.32625 0.37902587890625 0.34624219531249995
13 0.356875 0.41125000000000006 0.3740264892578125 0.4286315182291667
13 0.3684375 0.6679164999999999 0.39714019775390624 0.7041303170572916
13 0.380625 0.835 0.4202532958984375 0.8672457604166667
13 0.3696875 0.47958349999999994 0.39463897705078127 0.5118755423177083
13 0.370625 0.7429165000000001 0.3902630615234375 0.7765326608072917
13 0.3690625 0.2995835 0.3790145874023438 0.3171099173177083
13 0.39156250000000004 0.38916700000000004 0.41274261474609375 0.41366027213541673
13 0.41000000000000003 0.6 0.44834960937499996 0.6408857499999999
13 0.39375000000000004 0.3366665 0.412740478515625 0.3620616321614583
13 0.40375 0.7637499999999999 0.428980712890625 0.8006725338541667
13 0.4 0.3441665 0.413984375 0.3620518665364583
13 0.4078125 0.30875 0.4202267456054688 0.32043098177083335
13 0.4290625 0.5129165 0.46270599365234377 0.5543321399739584
13 0.423125 0.43375 0.44833679199218746 0.46193522135416676
13 0.42562500000000003 0.7145834999999999 0.4445843505859375 0.7332365527343749
13 0.44125 0.5716665 0.47206909179687495 0.589255642578125
13 0.4284375 0.8195834999999999 0.4395816040039063 0.8364328339843751
13 0.443125 0.3441665 0.4639422607421875 0.3620518665364583
13 0.448125 0.38999999999999996 0.4676873779296875 0.42032518750000003
13 0.4465625 0.3129165 0.46018890380859373 0.32542555664062495
13 0.46781249999999996 0.764583 0.5014181518554687 0.8023374492187499
13 0.46187500000000004 0.6370835 0.48704895019531247 0.6733374641927083
13 0.45999999999999996 0.7066669999999999 0.47580078125 0.7332468606770832
13 0.4846875 0.4879170000000001 0.5095266723632813 0.5185316914062501
13 0.4825 0.36166649999999995 0.50140380859375 0.389529080078125
13 0.481875 0.31666649999999996 0.4951544189453125 0.332920673828125
13 0.48343749999999996 0.4020835 0.49515289306640625 0.43447645377604166
13 0.49874999999999997 0.537083 0.522012939453125 0.5751336731770834
13 0.499375 0.4329165 0.5220123291015625 0.46193630664062507
13 0.52 0.7516665000000001 0.5532421875 0.781521267578125
13 0.5065625 0.33208350000000003 0.5170053100585937 0.35123459960937503
13 0.5296875 0.5979165 0.5607327270507813 0.6367214628906249
13 0.5246875 0.53625 0.5494876098632813 0.5493017578125
13 0.52375 0.675833 0.5438635253906251 0.7024530091145834
13 0.5240625000000001 0.35625 0.5338632202148438 0.37870313281250007
13 0.54125 0.3054165 0.5594714355468751 0.32543532226562494
13 0.54375 0.4716665 0.5644689941406249 0.4977188509114583
13 0.5478125 0.34 0.5644650268554687 0.3570572916666667
13 0.5531250000000001 0.3820835 0.5750848388671875 0.3995024954427084
13 0.55875 0.42250000000000004 0.583829345703125 0.4494498697916667
13 0.5684374999999999 0.53125 0.5956948852539062 0.5493082682291667
13 0.5728125 0.715417 0.6031906127929687 0.7507354674479166
13 0.5640624999999999 0.6541665 0.5788241577148437 0.681648220703125
13 0.581875 0.5904165 0.6019317626953126 0.6267312285156249
13 0.589375 0.37166650000000007 0.6100494384765625 0.39451605924479166
13 0.6034375 0.47874999999999995 0.6269107055664062 0.5118766276041666
13 0.6034375 0.409583 0.6256607055664062 0.4302996888020833
13 0.6171875 0.6629164999999999 0.6462722778320312 0.6991368274739581
13 0.613125 0.36000000000000004 0.6331512451171876 0.38286424999999996
13 0.6131249999999999 0.435417 0.6306512451171875 0.45610005078125004
13 0.6365625 0.6008334999999999 0.6643783569335938 0.6317176647135416
13 0.6434375 0.5441665 0.6718716430664062 0.5751244498697917
13 0.65125 0.5033335 0.675614013671875 0.5285116178385417
13 0.65375 0.4749999999999999 0.6756115722656251 0.49771451041666664
13 0.6478125 0.4458335 0.6599923706054688 0.4619194876302084
13 0.6634375 0.6729164999999999 0.6912271118164063 0.7074568066406249
13 0.6575 0.4175 0.6731079101562499 0.43612338020833336
13 0.67625 0.5833335000000001 0.698714599609375 0.6059074511718751
13 0.6775 0.45625000000000004 0.69621337890625 0.47523892447916666
13 0.694375 0.6275000000000001 0.7261968994140625 0.6475159427083333
13 0.694375 0.48708350000000006 0.7118218994140625 0.5185327766927085
13 0.7240625 0.542917 0.7542929077148438 0.5784600768229167
13 0.7203125 0.4829165 0.7311715698242188 0.5027042024739584
13 0.7253125 0.4458335 0.7386666870117188 0.45441948763020834
13 0.7396875 0.5962500000000001 0.7624026489257814 0.6317236328125
13 0.7662500000000001 0.485417 0.789251708984375 0.5135349466145834
13 0.7725 0.5908335 0.78924560546875 0.616730685546875
13 0.7971874999999999 0.5370830000000001 0.8192214965820312 0.5651336731770834
