16 0.041875 0.5079165 0.07875 0.135833
16 0.0690625 0.5945835 0.060625000000000005 0.06916699999999998
16 0.1290625 0.70375 0.13687500000000002 0.18083399999999994
16 0.125 0.5266665 0.11499999999999999 0.17666700000000005
16 0.13 0.85125 0.08375 0.11083399999999995
16 0.2125 0.821667 0.1225 0.15499999999999994
16 0.2040625 0.655833 0.08812500000000001 0.16999999999999993
16 0.7324999999999999 0.1683335 0.08999999999999997 0.153333
16 0.7846875 0.0825 0.09687500000000004 0.08833400000000002
16 0.8415625 0.18125 0.12312499999999993 0.1925
16 0.830625 0.44416700000000003 0.08999999999999997 0.15000000000000005
16 0.869375 0.589583 0.11375000000000002 0.14749999999999996
16 0.8984375 0.36375 0.1043750000000001 0.18583400000000003
16 0.9043749999999999 0.48958299999999993 0.0675 0.09250000000000003
