0 0.7035 0.358974 0.77025 0.413568439453125
0 0.0 0.6662085 0.07 0.7191294057617187
0 0.9380000000000001 0.3553115 0.068 0.4007520161132812
0 0.06649999999999999 0.246337 0.12092910447761193 0.2909684365234375
0 0.19950000000000004 0.8676740000000001 0.26078731343283584 0.924976662109375
0 0.241 0.2486265 0.2887430703624734 0.29737620068359377
0 0.2715 0.3402015 0.32471055437100216 0.39618777197265626
0 0.2845 0.5668495 0.33969669509594885 0.6157464360351562
0 0.3 0.9400184999999999 0.35168017057569295 0.9917560131835937
0 0.40249999999999997 0.37042149999999996 0.4565708955223881 0.4309572602539062
0 0.40449999999999997 0.2330585 0.46056876332622604 0.29281240380859375
0 0.446 0.749084 0.5005245202558635 0.7968874726562499
0 0.6134999999999999 0.5320515 0.671345948827292 0.5782354184570313
0 0.806 0.0 0.8521407249466951 0.025641000000000004
0 0.845 0.6387365 0.8940991471215352 0.6880212338867187
0 0.9375 0.3150185 0.9940005330490405 0.37240336474609376
0 0.9694999999999999 0.20421250000000002 0.9979664179104477 0.2635365737304688
