4 0.0 0.5304165 0.063125 0.624309353515625
4 0.0 0.7525 0.191875 0.9206871822916666
4 0.0 0.20291649999999997 0.999375 0.3680687858072916
4 0.1409375 0.529167 0.22423736572265623 0.5809779804687502
4 0.1559375 0.44875 0.23984771728515625 0.5369156901041666
4 0.1721875 0.6408335000000001 0.24358184814453124 0.7466655813802084
4 0.348125 0.8145835 0.4821600341796875 0.9114393444010416
4 0.34625 0.46166650000000004 0.439661865234375 0.5593988717447917
4 0.40718750000000004 0.6345835000000001 0.49647735595703124 0.7341737194010417
4 0.4859375 0.4204165 0.5714004516601563 0.5127855826822917
4 0.5543750000000001 0.935417 0.6657086181640625 0.9979490091145834
4 0.6040625000000001 0.7183335 0.7469100952148438 0.8832316699218751
4 0.5343749999999999 0.5541665 0.5957281494140625 0.6017784290364584
4 0.6681250000000001 0.560417 0.7055975341796875 0.5934372903645834
4 0.785625 0.6183335 0.8823577880859376 0.7191948782552084
4 0.84375 0.8612500000000001 0.972926025390625 0.9980455807291667
