16 0.5726565 0.407031 0.11718699999999993 0.12031199999999997

16 0.1312505 0.5703125 0.146875 0.18437499999999996

16 0.2710935 0.7820309999999999 0.160937 0.15468800000000005

16 0.31562500000000004 0.3882815 0.1375 0.151563

16 0.40625 0.5281255 0.1875 0.19062500000000004

16 0.40234349999999997 0.25390599999999997 0.15156300000000006 0.14531199999999997

16 0.44609350000000003 0.675 0.18906300000000004 0.10625000000000007

16 0.652344 0.2140625 0.15468800000000005 0.11875100000000002

16 0.6929685 0.8406245000000001 0.16406300000000007 0.2031250000000001

