13 0.049168 0.06469499999999999 0.077156 0.09242199999999998
13 0.049168 0.5868759999999998 0.07413 0.10166399999999993
13 0.054463000000000004 0.677449 0.081694 0.07948200000000011
13 0.057488500000000005 0.1561925 0.081695 0.09796700000000003
13 0.058245000000000005 0.369686 0.077156 0.1035119999999999
13 0.065053 0.2661740000000001 0.07261799999999999 0.10351200000000006
13 0.06580949999999999 0.7929759999999999 0.071105 0.11090600000000009
13 0.068835 0.8807765000000001 0.071104 0.05730100000000013
13 0.135401 0.41866900000000007 0.08320799999999999 0.09796600000000007
13 0.135401 0.845656 0.06807800000000001 0.101664
13 0.1293495 0.034196000000000004 0.043872999999999995 0.031424
13 0.1437215 0.5240295 0.06959100000000001 0.10905700000000002
13 0.2208775 0.6783735 0.07866899999999999 0.08502699999999982
13 0.2170955 0.034196000000000004 0.06505299999999997 0.049908
13 0.221634 0.787431 0.06807799999999997 0.10351200000000016
13 0.21028750000000002 0.59427 0.03933500000000001 0.10535999999999998
13 0.744327 0.0628465 0.06354000000000004 0.09981499999999999
13 0.8298035 0.20979649999999997 0.08018100000000006 0.09057300000000003
13 0.835855 0.10813299999999999 0.077156 0.109058
13 0.8282905 0.322551 0.05295100000000008 0.10535999999999998
13 0.9092285 0.06654349999999999 0.07564300000000002 0.09242099999999998
13 0.91528 0.1487985 0.0877460000000001 0.09057299999999999
13 0.9077155000000001 0.25878 0.06959100000000007 0.09981600000000002
13 0.921331 0.37061000000000005 0.0877460000000001 0.08318000000000006
13 0.9114975 0.5887245 0.06505300000000003 0.10166300000000002
13 0.924357 0.477819 0.09077200000000007 0.11275400000000003
13 0.919062 0.8807765000000001 0.06807799999999997 0.05730100000000013
13 0.967474 0.5212570000000001 0.031770000000000076 0.085028
