7 0.6878124999999999 0.479265 0.1606249999999999 0.24787999999999996
7 0.0 0.3171535 0.045 0.09142299999999996
7 0.039375 0.48727600000000004 0.035 0.045239999999999975
7 0.1059375 0.7686145000000001 0.019375000000000003 0.02733300000000006
7 0.140625 0.48727599999999993 0.042499999999999996 0.06032000000000011
7 0.2609375 0.49010349999999997 0.03937500000000002 0.058435000000000056
7 0.355625 0.3171535 0.0625 0.10273299999999996
7 0.3928125 0.5673895 0.041874999999999996 0.05089499999999987
7 0.9590624999999999 0.09802050000000001 0.07562499999999994 0.054664999999999984
7 0.9853125 0.1983975 0.015625 0.01602300000000002
