9 0.7353125 0.3498115 0.8267819213867188 0.49195257132352943
9 0.065 0.1544255 0.0730615234375 0.16738090367647057
9 0.1021875 0.2782485 0.11552520751953126 0.2990258110294118
9 0.1853125 0.36958599999999997 0.19731903076171875 0.39117049117647057
9 0.2028125 0.3907725 0.21417694091796877 0.4109133345588235
9 0.2328125 0.42137499999999994 0.24852264404296875 0.43535033088235287
9 0.2759375 0.1737285 0.28723052978515623 0.1946595169117647
9 0.2815625 0.037194000000000005 0.29597503662109376 0.057384302941176475
9 0.8584375 0.9279659999999998 0.9204116821289062 0.997693344117647
9 0.8843749999999999 0.353107 0.9285113525390625 0.39496072499999996
9 0.9393750000000001 0.833804 0.9984576416015625 0.9272108176470589
