18 0.2125 0.218333 0.26125 0.25416700000000003
18 0.240625 0.20083299999999996 0.271875 0.223333
18 0.270625 0.1925 0.295 0.2075
18 0.28625 0.2075 0.32625 0.223333
18 0.2925 0.22666700000000004 0.319375 0.23666700000000004
18 0.2975 0.181667 0.313125 0.199167
18 0.3275 0.22833299999999998 0.350625 0.25416700000000003
18 0.32875 0.213333 0.356875 0.22666700000000004
18 0.3625 0.181667 0.388125 0.20416700000000002
18 0.394375 0.218333 0.435625 0.23666700000000004
18 0.40375 0.20583300000000002 0.445 0.223333
18 0.53125 0.4675 0.57125 0.509167
18 0.551875 0.44 0.584375 0.473333
18 0.555625 0.515833 0.589375 0.5475
18 0.581875 0.4675 0.63375 0.506667
18 0.583125 0.431667 0.61 0.450833
18 0.591875 0.496667 0.630625 0.530833
18 0.6 0.44 0.63375 0.4675
18 0.6 0.529167 0.6375 0.565833
18 0.614375 0.265 0.6725 0.32
18 0.615625 0.250833 0.669375 0.285
18 0.63625 0.410833 0.685 0.43333299999999997
18 0.63875 0.503333 0.694375 0.543333
18 0.64125 0.4675 0.69 0.4991670000000001
18 0.64375 0.4366670000000001 0.69 0.46916699999999995
18 0.64375 0.543333 0.69 0.570833
18 0.645 0.22666700000000004 0.69 0.266667
18 0.668125 0.295833 0.72625 0.345833
18 0.6725 0.245833 0.69 0.288333
18 0.68 0.2575 0.703125 0.2925
18 0.695625 0.4275 0.71375 0.443333
18 0.698125 0.4383329999999999 0.736875 0.465833
18 0.698125 0.503333 0.736875 0.5275
18 0.699375 0.464167 0.745625 0.5
18 0.700625 0.23333299999999998 0.7175 0.25416700000000003
18 0.705625 0.5341670000000001 0.739375 0.558333
18 0.71125 0.27 0.730625 0.3025
18 0.71125 0.2925 0.7675 0.333333
18 0.71625 0.23 0.7625 0.268333
18 0.7175 0.25416700000000003 0.733125 0.275
18 0.72625 0.255833 0.79125 0.304167
18 0.72875 0.4275 0.755 0.451667
18 0.746875 0.520833 0.776875 0.545
18 0.75 0.44833300000000004 0.785625 0.4725
18 0.765 0.46916699999999995 0.805 0.503333
18 0.769375 0.501667 0.808125 0.529167
