6 0.546875 0.35272 0.61625 0.453096
6 0.551875 0.22795500000000005 0.609375 0.318011
6 0.57 0.314259 0.625 0.38367699999999993
6 0.57625 0.8564729999999999 0.63125 0.949343
6 0.58125 0.168856 0.61125 0.23358299999999999
6 0.586875 0.48029999999999995 0.649375 0.572233
6 0.589375 0.572233 0.640625 0.674484
6 0.591875 0.745779 0.6725 0.8630389999999999
6 0.594375 0.27579699999999996 0.640625 0.330206
6 0.604375 0.65666 0.6775 0.7682929999999999
6 0.606875 0.139775 0.660625 0.21857399999999996
6 0.609375 0.399625 0.660625 0.48029999999999995
6 0.61375 0.202627 0.67375 0.28424
6 0.6175 0.31238299999999997 0.68375 0.409006
6 0.6225 0.8264540000000001 0.709375 0.9530959999999999
6 0.63 0.541276 0.68375 0.581613
6 0.635 0.577861 0.68625 0.660413
6 0.641875 0.268293 0.700625 0.341463
6 0.659375 0.160413 0.698125 0.198874
6 0.660625 0.193246 0.705625 0.257036
6 0.660625 0.36491599999999996 0.71875 0.44559099999999996
6 0.67 0.579737 0.748125 0.693246
6 0.67 0.760788 0.753125 0.8799249999999998
6 0.67125 0.44559099999999996 0.748125 0.564728
6 0.675 0.260788 0.7175 0.318011
6 0.695625 0.322702 0.744375 0.410882
6 0.696875 0.401501 0.76625 0.493433
6 0.699375 0.160413 0.748125 0.23170700000000002
6 0.708125 0.8911819999999999 0.72875 0.9399629999999999
6 0.71375 0.21857399999999996 0.7675 0.30675399999999997
6 0.72875 0.664165 0.82 0.753283
6 0.73 0.14728 0.7675 0.17636
6 0.73 0.5243899999999999 0.791875 0.574109
6 0.741875 0.30487800000000004 0.785 0.368668
6 0.745625 0.46998100000000004 0.78875 0.5300189999999999
6 0.750625 0.198874 0.7825 0.23921199999999998
6 0.750625 0.15853699999999998 0.803125 0.198874
6 0.750625 0.5487810000000001 0.825 0.674484
6 0.77 0.270169 0.8175 0.322702
6 0.7725 0.193246 0.835 0.29549699999999995
6 0.78 0.44559099999999996 0.854375 0.559099
6 0.78375 0.318011 0.844375 0.38367699999999993
6 0.78375 0.810507 0.8675 0.929644
6 0.805625 0.17636 0.850625 0.22232600000000005
6 0.808125 0.376173 0.865625 0.43339600000000006
6 0.809375 0.630394 0.89 0.73546
6 0.835 0.212946 0.8875 0.293621
6 0.83625 0.268293 0.899375 0.366792
6 0.845625 0.885553 0.93 0.9840530000000001
6 0.849375 0.7429640000000001 0.929375 0.881801
6 0.853125 0.5431520000000001 0.9225 0.6088180000000001
6 0.860625 0.356473 0.92625 0.453096
6 0.865625 0.599437 0.925 0.6763600000000001
6 0.901875 0.660413 0.968125 0.772045
6 0.913125 0.812383 0.999375 0.9399629999999999
