16 0.805 0.6080000000000001 0.09375 0.08640000000000012
16 0.5653125 0.6596000000000001 0.11312499999999992 0.12400000000000001
16 0.5840624999999999 0.5496 0.11312500000000003 0.1232
16 0.6759375000000001 0.7472 0.11687499999999995 0.13439999999999988
16 0.68625 0.436 0.10250000000000004 0.11040000000000003
16 0.693125 0.5196 0.10999999999999999 0.12240000000000005
16 0.69625 0.6272 0.10875000000000001 0.11040000000000003
16 0.8071875 0.5 0.11562499999999998 0.11680000000000008
16 0.8165625000000001 0.7035999999999999 0.12312500000000004 0.1256
16 0.8253125 0.8248 0.130625 0.1472
16 0.916875 0.5504 0.1087499999999999 0.11199999999999999
16 0.9334374999999999 0.6432 0.12312500000000004 0.1424000000000001
