12 0.1190625 0.346667 0.12738372802734374 0.3562156106770833
12 0.1246875 0.47041649999999996 0.13362823486328126 0.481887478515625
12 0.23781249999999998 0.37166649999999996 0.24851776123046876 0.3803490592447916
12 0.2546875 0.3345835 0.2616262817382813 0.34623134440104164
12 0.2728125 0.43625 0.28098358154296876 0.4477649661458334
12 0.3521875 0.44125 0.3621560668945312 0.4527584557291666
12 0.365 0.487083 0.3708935546875 0.49269877734374995
12 0.4015625 0.31666649999999996 0.41085784912109374 0.32542067382812495
12 0.4109375 0.47000000000000003 0.41647369384765626 0.47688802083333326
12 0.42593749999999997 0.31458349999999996 0.43458404541015627 0.3237573860677083
12 0.4534375 0.3191665 0.46268218994140625 0.3345844186197917
12 0.45718749999999997 0.0 0.46892852783203126 0.019167
12 0.459375 0.4854164999999999 0.46642639160156246 0.49270094726562497
12 0.4825 0.33708299999999997 0.49515380859374997 0.34789408984375
12 0.48906249999999996 0.0 0.5001473999023437 0.0175
12 0.49031250000000004 0.3175 0.5026461791992188 0.33291958854166664
12 0.4921875 0.5320835 0.49764434814453123 0.5393071829427084
12 0.5046875 0.042917000000000004 0.5145071411132812 0.05911111848958333
12 0.5303125 0.425 0.5413571166992187 0.44111361458333337
12 0.5684374999999999 0.27791649999999996 0.5788198852539063 0.2946381295572917
12 0.5796875 0.395 0.5881838989257813 0.41031867708333336
12 0.5909375 0.28458350000000004 0.6031729125976563 0.3012964485677084
12 0.6115625 0.4670835 0.6225277709960938 0.481891818359375
12 0.676875 0.4416665 0.6912139892578125 0.4619249134114584
12 0.714375 0.415 0.7299273681640625 0.4377926354166666
12 0.7590625 0.09375 0.7673837280273437 0.1057109296875
12 0.8003125 0.023750000000000004 0.8060934448242187 0.033302075520833335
12 0.8790625000000001 0.44333350000000005 0.8897665405273437 0.46358974283854165
12 0.9028125 0.06 0.9141183471679688 0.07075487500000001
12 0.9046875000000001 0.10125 0.9141165161132813 0.11403516406250001
12 0.9309375 0.07958349999999999 0.9403408813476563 0.09656337565104166
12 0.9521875 0.07125 0.9609451293945312 0.0832402265625
12 0.9690624999999999 0.38625 0.9740536499023438 0.39949707031250004
