16 0.6128125 0.08489649999999999 0.08812500000000001 0.11726099999999998
16 0.3675 0.184803 0.05125000000000002 0.14258999999999997
16 0.418125 0.1580675 0.08875 0.09662300000000003
16 0.42625 0.268762 0.05624999999999997 0.12851800000000005
16 0.473125 0.4821764999999999 0.06749999999999995 0.10131300000000007
16 0.471875 0.22701649999999998 0.04749999999999999 0.142589
16 0.5065625 0.48311449999999995 0.08312499999999995 0.1388369999999999
16 0.5071875 0.41088149999999996 0.05937500000000001 0.09380899999999993
16 0.5603125 0.46622899999999995 0.05812499999999998 0.14634199999999994
16 0.59875 0.4629455 0.07000000000000006 0.13977499999999998
16 0.6040625 0.7420260000000001 0.07437499999999997 0.133208
16 0.6346875 0.724672 0.07687500000000003 0.10975599999999991
16 0.6387499999999999 0.6805815 0.05874999999999997 0.09474699999999998
16 0.655625 0.8189495000000002 0.09250000000000003 0.07317099999999993
16 0.675625 0.75 0.0625 0.12664199999999992
16 0.7153125 0.7753285000000001 0.07562500000000005 0.11350900000000004
16 0.8696875 0.6191369999999999 0.259375 0.45403400000000005
