6 0.39249999999999996 0.5095835000000001 0.3525 0.29083300000000006
6 0.3934375 0.9504164999999999 0.02562500000000001 0.03583300000000008
6 0.4196875 0.92875 0.021874999999999978 0.03083399999999988
6 0.4475 0.9362499999999999 0.036250000000000004 0.03583400000000007
6 0.446875 0.9787500000000001 0.027500000000000024 0.04083400000000011
6 0.4971875 0.6633335 0.08187499999999998 0.106667
6 0.4821875 0.8804164999999999 0.02562500000000001 0.03416699999999991
6 0.50625 0.8616665 0.02999999999999997 0.041667000000000044
6 0.5559375 0.650833 0.04937499999999995 0.05000000000000012
6 0.5678125 0.5904165 0.06187500000000001 0.09083299999999994
6 0.58125 0.5170835 0.05249999999999999 0.07916700000000006
6 0.599375 0.62875 0.03249999999999997 0.07250000000000001
6 0.61625 0.5470835 0.03249999999999997 0.08083300000000009
6 0.66125 0.58 0.02750000000000008 0.05333399999999999
