16 0.7189544999999999 0.6633985 0.13398699999999997 0.10784299999999991
16 0.1625815 0.8137254999999999 0.08986899999999998 0.1437909999999999
16 0.2377455 0.7614375 0.14542500000000003 0.11437900000000001
16 0.2312095 0.9526144999999999 0.11274500000000001 0.091503
16 0.2867645 0.6928105 0.12908500000000006 0.08823499999999995
16 0.32271249999999996 0.8529415 0.15196099999999996 0.14052300000000006
16 0.38071900000000003 0.9403595 0.2450980000000001 0.11601299999999992
16 0.33169950000000004 0.622549 0.09803899999999999 0.049020000000000064
16 0.4133985 0.5718955000000001 0.15359499999999998 0.09477100000000005
16 0.4379085 0.7965685 0.150327 0.12581699999999996
16 0.4321895 0.6960785 0.125817 0.06535900000000006
16 0.4534315 0.6053925 0.14215700000000003 0.0996729999999999
16 0.4419935 0.46486950000000005 0.106209 0.08006500000000011
16 0.4346405 0.3676475 0.04901899999999998 0.13398700000000002
16 0.5343134999999999 0.404412 0.13398699999999997 0.05065400000000003
16 0.5334965 0.6486925 0.11928099999999997 0.10130700000000004
16 0.5825165 0.8954245000000001 0.16503299999999999 0.1601309999999999
16 0.5539215 0.4697715 0.10130699999999992 0.07352900000000001
16 0.5727125 0.751634 0.129085 0.11764799999999997
16 0.5661765000000001 0.5718955 0.11274499999999998 0.13071900000000003
16 0.5784315 0.8464054999999999 0.10784299999999991 0.10784300000000002
16 0.6486925 0.482843 0.07843099999999992 0.063726
16 0.6781045 0.9477125 0.08823500000000006 0.10130699999999992
16 0.7197715 0.8284315 0.16503299999999999 0.14052300000000006
16 0.7785945 0.9591505 0.13888900000000004 0.07843099999999992
16 0.7736925 0.8733660000000001 0.11928099999999997 0.10294200000000009
16 0.8480395000000001 0.7834965 0.09477100000000005 0.14215699999999998
