17 0.028125 0.422285 0.03875 0.06179800000000001
17 0.10625000000000001 0.09925099999999999 0.13 0.164794
17 0.060625 0.46254700000000004 0.026249999999999996 0.05243400000000004
17 0.09062500000000001 0.385768 0.018750000000000003 0.05243400000000004
17 0.12437500000000001 0.9681645 0.02625000000000001 0.048688999999999975
17 0.144375 0.735019 0.03875000000000001 0.05056200000000008
17 0.15875 0.8782769999999999 0.027499999999999997 0.041198000000000026
17 0.2025 0.9859549999999999 0.037500000000000006 0.024344000000000168
17 0.210625 0.9382020000000001 0.04125000000000001 0.06367000000000006
17 0.21250000000000002 0.26966300000000004 0.035 0.052434
17 0.235 0.9569285 0.03749999999999998 0.048688999999999975
17 0.244375 0.8970034999999998 0.04125000000000001 0.05992499999999999
17 0.24562499999999998 0.266854 0.03624999999999998 0.07303400000000003
17 0.2425 0.04681649999999999 0.02749999999999997 0.03745299999999999
17 0.26749999999999996 0.041198500000000006 0.03250000000000003 0.044943
17 0.273125 0.9382020000000001 0.036250000000000004 0.056180000000000084
17 0.278125 0.8136705 0.026249999999999996 0.058052999999999855
17 0.304375 0.7649815 0.036250000000000004 0.054307000000000064
17 0.306875 0.8164795 0.03875000000000001 0.06367099999999987
17 0.33499999999999996 0.39513099999999995 0.08749999999999997 0.27715399999999996
17 0.31 0.0205995 0.030000000000000027 0.037453
17 0.32375 0.8661045 0.04249999999999998 0.065543
17 0.33875 0.251873 0.05499999999999999 0.07303400000000003
17 0.33499999999999996 0.9101124999999999 0.03999999999999998 0.06741500000000014
17 0.361875 0.20786500000000002 0.03874999999999995 0.029962000000000013
17 0.364375 0.82397 0.043749999999999956 0.05617999999999992
17 0.3675 0.172285 0.03500000000000003 0.05617999999999998
17 0.37312500000000004 0.08333349999999999 0.03375 0.054306999999999994
17 0.390625 0.0599255 0.026249999999999996 0.037453
17 0.469375 0.45037449999999996 0.048750000000000016 0.06928899999999996
17 0.47875 0.6151685 0.03749999999999998 0.039325000000000006
17 0.504375 0.32584250000000003 0.08874999999999994 0.16104900000000005
17 0.48375 0.1516855 0.034999999999999976 0.048688999999999975
17 0.4875 0.1104865 0.039999999999999925 0.04868900000000002
17 0.48874999999999996 0.196629 0.03749999999999998 0.05243400000000004
17 0.49 0.5758424999999999 0.040000000000000036 0.05805300000000002
17 0.495625 0.512172 0.043749999999999956 0.06928799999999999
17 0.5525 0.6722845000000001 0.04249999999999998 0.07490699999999988
17 0.5562499999999999 0.1245315 0.03749999999999998 0.06554299999999999
17 0.55625 0.2256555 0.03249999999999997 0.03183500000000003
17 0.5675 0.5355804999999999 0.04249999999999998 0.05243499999999993
17 0.600625 0.7284645000000001 0.05125000000000002 0.06741500000000006
17 0.5925 0.07116099999999999 0.022499999999999964 0.052433999999999995
17 0.6268750000000001 0.6020599999999999 0.04874999999999996 0.06928799999999999
17 0.69 0.6853935 0.039999999999999925 0.048688999999999975
17 0.725625 0.3174155 0.016249999999999987 0.043071000000000005
17 0.7625 0.255618 0.032500000000000084 0.05805199999999997
17 0.76625 0.70412 0.02750000000000008 0.06741599999999993
17 0.78125 0.7705995 0.040000000000000036 0.07677900000000001
17 0.80625 0.22846450000000001 0.03249999999999997 0.05992499999999999
17 0.814375 0.0299625 0.04125000000000001 0.048689
17 0.831875 0.7734084999999999 0.04125000000000001 0.07116100000000009
17 0.84125 0.053371 0.025000000000000022 0.02809
17 0.844375 0.1310865 0.03125 0.05992499999999999
17 0.844375 0.2022475 0.018750000000000044 0.05992499999999999
17 0.861875 0.715356 0.03125 0.04494399999999982
17 0.8756250000000001 0.6694755 0.04625000000000001 0.06554300000000009
17 0.910625 0.47752799999999995 0.10375000000000001 0.19101200000000004
17 0.880625 0.2621725 0.023749999999999938 0.03745299999999996
17 0.8975 0.9728465000000001 0.057499999999999996 0.050561000000000106
17 0.8925 0.202247 0.030000000000000027 0.044944000000000005
17 0.899375 0.2453185 0.026249999999999996 0.02621700000000002
17 0.905 0.6554305 0.022499999999999964 0.04868900000000014
17 0.9275 0.9176030000000002 0.0625 0.07865200000000012
17 0.9175 0.212547 0.03749999999999998 0.04681600000000004
17 0.97375 0.983146 0.050000000000000044 0.02996200000000018
17 0.9906250000000001 0.5299625 0.016249999999999987 0.041199
17 0.9918750000000001 0.4016855 0.01375000000000004 0.043070999999999963
