0 0.430625 0.3825 0.48207946777343746 0.432834953125
0 0.254375 0.25958299999999995 0.30912658691406253 0.3079950013020833
0 0.2628125 0.337917 0.31286834716796874 0.41122700390625
0 0.3325 0.37083350000000004 0.39655029296875 0.44951714388020836
0 0.31375 0.200833 0.33594360351562497 0.2255714986979167
0 0.48624999999999996 0.1633335 0.645775146484375 0.239787326171875
0 0.5675 0.4208334999999999 0.62882080078125 0.4944520397135416
0 0.6956249999999999 0.37666649999999996 0.7530706787109376 0.444509548828125
0 0.720625 0.3225 0.7617962646484374 0.3737470781250001
0 0.724375 0.27916650000000004 0.7642926025390625 0.330469501953125
