16 0.27832049999999997 0.5013124999999999 0.181641 0.2073489999999999
16 0.0 0.43110200000000004 0.023438 0.0380580000000001
16 0.0 0.1738845 0.029297000000000004 0.05118100000000002
16 0.0 0.098425 0.064453 0.07086600000000001
16 0.0 0.3208665 0.071289 0.09842500000000001
16 0.0 0.2099735 0.106445 0.07611499999999996
16 0.0 0.3418635 0.166992 0.10892299999999996
16 0.0 0.5091865 0.18066400000000002 0.2467190000000001
16 0.080078 0.2362205 0.15039 0.08136499999999998
16 0.057616999999999995 0.1423885 0.080078 0.03280900000000003
16 0.09472649999999999 0.17979 0.101563 0.060367999999999984
16 0.095703 0.08595799999999999 0.08007800000000001 0.051182
16 0.1396485 0.26181099999999996 0.128907 0.08267800000000002
16 0.1313475 0.1148295 0.06738300000000003 0.048556999999999996
16 0.14257799999999998 0.1535435 0.06640599999999999 0.06036700000000001
16 0.2177735 0.16863499999999998 0.13085900000000003 0.11154800000000002
16 0.231445 0.358924 0.128906 0.13779600000000009
16 0.202148 0.105643 0.0625 0.064304
16 0.2568355 0.2644355 0.109375 0.090551
16 0.3623045 0.340551 0.14843699999999993 0.11942199999999996
16 0.35302750000000005 0.16076149999999997 0.11230500000000004 0.07480299999999998
16 0.3632815 0.23490799999999998 0.10546900000000003 0.06299199999999998
16 0.44140650000000003 0.4632545 0.20703100000000002 0.21259900000000004
16 0.4047855 0.195538 0.11621099999999995 0.060367999999999984
16 0.48632800000000004 0.30380599999999996 0.16992200000000002 0.09317600000000001
16 0.454102 0.120735 0.09375 0.055118
16 0.4833985 0.1581365 0.11328100000000008 0.07480300000000004
16 0.5424804999999999 0.257218 0.19628900000000005 0.09973800000000001
16 0.56543 0.422572 0.23632799999999993 0.1469820000000001
16 0.51709 0.183071 0.13183599999999995 0.07217799999999999
16 0.555176 0.2165355 0.16699199999999997 0.05774300000000001
16 0.6162110000000001 0.12335950000000001 0.12890600000000008 0.07611500000000002
16 0.6694335 0.3661415 0.21386700000000003 0.136483
16 0.6494145 0.15879300000000002 0.140625 0.06299200000000003
16 0.6953125 0.196194 0.1542969999999999 0.06955400000000002
16 0.7368165 0.276903 0.22167899999999996 0.09186399999999997
16 0.7299805 0.33595800000000003 0.20019500000000012 0.10761199999999994
16 0.7529299999999999 0.23490849999999996 0.1562499999999999 0.07349100000000001
