16 0.285625 0.308989 0.10749999999999998 0.14232200000000003
16 0.29375 0.42649849999999995 0.08875 0.12265899999999999
16 0.3565625 0.2083335 0.078125 0.11704099999999998
16 0.44125000000000003 0.5421345 0.10625000000000001 0.16292100000000004
16 0.43656249999999996 0.1521535 0.07687499999999997 0.118913
16 0.50875 0.304307 0.10250000000000004 0.14045000000000002
16 0.5646875 0.1690075 0.08187499999999992 0.10767700000000001
16 0.645625 0.49906350000000005 0.10250000000000004 0.14606700000000009
16 0.65375 0.23033699999999996 0.08875 0.13857599999999995
16 0.7084375 0.3689135 0.0893750000000001 0.13857700000000012
