8 0.0 0.8772970000000001 0.132439 0.9973465672782874
8 0.0 0.5570864999999999 0.139983 0.6684391857798164
8 0.0 0.23162749999999996 0.145851 0.33560382951070333
8 0.259849 0.7887139999999999 0.3467702412109375 0.8806840152905198
8 0.2678125 0.534777 0.35598346435546874 0.6277912981651376
8 0.2728415 0.2565615 0.3559785532226562 0.35918770412844037
8 0.290863 0.0 0.3584749541015625 0.086614
8 0.308466 0.968504 0.341693763671875 0.997207107033639
8 0.425398 0.9271655 0.482400572265625 0.9972703157492354
8 0.429589 0.7276900000000001 0.48574947949218744 0.7967873241590213
8 0.435457 0.5164045 0.4924497490234375 0.5871373906727829
8 0.440905 0.29002649999999996 0.4966354287109375 0.3696355344036697
8 0.44803000000000004 0.0 0.503334470703125 0.15879300000000002
8 0.7493715000000001 0.0 0.9984301918945313 0.9986879999999999
