8 0.035625 0.5164165 0.07125 0.13977500000000007
8 0.0715625 0.128049 0.08937500000000001 0.128518
8 0.143125 0.24906199999999998 0.105 0.136022
8 0.21875 0.534709 0.10499999999999998 0.153846
8 0.311875 0.7570355 0.10625000000000001 0.16697900000000004
8 0.48875 0.16041249999999999 0.10125000000000006 0.144465
8 0.52875 0.3348965 0.09999999999999998 0.142589
8 0.584375 0.6941835 0.09375 0.1425889999999999
8 0.721875 0.6172610000000001 0.09875 0.150094
8 0.735625 0.8714825 0.10375000000000001 0.16510300000000003
8 0.849375 0.2448405 0.10000000000000009 0.148217
8 0.886875 0.8367730000000001 0.10375000000000001 0.15384599999999984
8 0.955625 0.1791745 0.08750000000000002 0.15009300000000003
8 0.9671875000000001 0.71576 0.06437499999999996 0.150094
