16 0.0 0.0 0.134375 0.310078
16 0.0 0.927061 0.21 0.144468
16 0.0 0.41895699999999997 0.290625 0.3037360000000001
16 0.0 0.6804089999999999 0.291875 0.4489079999999999
16 0.2475 0.0 0.32999999999999996 0.275546
16 0.361875 0.6649045 0.2825000000000001 0.3699790000000001
16 0.42125 0.3520085 0.24625000000000008 0.28964100000000004
16 0.5525 0.135659 0.29750000000000004 0.26709
16 0.64625 0.5997180000000001 0.32499999999999996 0.35940800000000006
16 0.6637500000000001 0.878788 0.33625000000000005 0.22974
16 0.7078125 0.33227599999999996 0.271875 0.30514399999999997
16 0.8409375 0.0 0.27937499999999993 0.287526
16 0.8865625 0.815715 0.22562499999999996 0.36715999999999993
16 0.913125 0.467935 0.1725 0.325582
16 0.936875 0.21071199999999998 0.125 0.33544799999999997
16 0.9746874999999999 0.8689214999999999 0.04937500000000006 0.26074699999999995
