0 0.253125 0.63625 0.3047528076171875 0.7025045494791667
0 0.0 0.27 0.02625 0.3038154375
0 0.0 0.20583300000000002 0.049375 0.23056498828124997
0 0.051875 0.265 0.0724493408203125 0.2988219479166667
0 0.0640625 0.20916700000000002 0.08806243896484374 0.23389464713541666
0 0.0796875 0.26208349999999997 0.09179718017578124 0.2763257454427083
0 0.0834375 0.23750000000000002 0.09929351806640625 0.2580237552083333
0 0.2465625 0.42416649999999995 0.27913421630859375 0.46528069986979165
0 0.25375000000000003 0.560833 0.286002197265625 0.5851027486979167
0 0.2525 0.35374999999999995 0.27787841796875 0.39120638802083335
0 0.290625 0.3 0.3128411865234375 0.322109375
0 0.308125 0.5995835 0.34657409667968747 0.6367192923177083
0 0.32999999999999996 0.6570830000000001 0.372177734375 0.6949774231770833
0 0.35062499999999996 0.4104165 0.3915325927734375 0.452798603515625
0 0.3384375 0.35708350000000005 0.36591949462890627 0.3770350475260417
0 0.3571875 0.3179165 0.40090118408203124 0.3579190462239583
0 0.4 0.27708350000000004 0.43085937500000004 0.31463921419270835
0 0.40875 0.450833 0.444600830078125 0.5127459778645834
0 0.4246875 0.35624999999999996 0.47083526611328125 0.39870313281249997
0 0.4275 0.54125 0.46270751953125 0.5701282473958335
0 0.4384375 0.472917 0.4845718383789062 0.5110512226562499
0 0.44343750000000004 0.24416649999999998 0.47081695556640624 0.27301507486979165
0 0.4634375 0.31583350000000004 0.49017242431640623 0.3562557584635417
0 0.4903125 0.41500000000000004 0.5363961791992188 0.4711266354166666
0 0.49375 0.22124999999999997 0.537642822265625 0.25304491406249996
0 0.5059374999999999 0.28 0.5470059204101563 0.3338024166666667
0 0.490625 0.555 0.5138958740234375 0.61094434375
0 0.515 0.35458300000000004 0.5457470703125 0.39037130338541665
0 0.5325 0.38625 0.5532299804687499 0.4261640703125
0 0.5396875000000001 0.215 0.5650979614257813 0.24555305208333333
0 0.5815625 0.21833349999999999 0.6231820678710938 0.24388271158854166
0 0.5628124999999999 0.349167 0.5844503784179688 0.40371235546875
0 0.56625 0.5354165 0.5863220214843751 0.5768028430989584
0 0.619375 0.35041649999999996 0.6587701416015626 0.397043728515625
0 0.6396875 0.267917 0.6668753051757812 0.3063181497395833
0 0.6771875 0.28041699999999997 0.7287136840820313 0.3163018736979167
0 0.6812499999999999 0.4404165 0.734959716796875 0.48692654101562494
0 0.670625 0.34333299999999994 0.7055950927734376 0.3778859518229167
0 0.7253125 0.3916665 0.7699166870117188 0.442823017578125
0 0.7671874999999999 0.7279165 0.8186257934570312 0.7865521920572917
0 0.7375 0.29583299999999996 0.75177978515625 0.31544780078124995
0 0.7715624999999999 0.3425 0.8004965209960938 0.37372103645833343
0 0.8071875 0.6758335000000001 0.8560867309570312 0.7282870084635418
0 0.8115625 0.5741664999999999 0.8429574584960937 0.6250853873697916
0 0.8440624999999999 0.614167 0.8848007202148438 0.6883673033854167
