8 0.805 0.329167 0.97375 0.5525
8 0.0 0.0 0.3025 0.685
8 0.209375 0.689167 0.321875 0.845833
8 0.236875 0.523333 0.349375 0.6833329999999999
8 0.270625 0.735 0.33625 0.9125
8 0.305 0.505833 0.38125 0.660833
8 0.318125 0.215 0.433125 0.39583299999999993
8 0.33375 0.655833 0.351875 0.6833329999999999
8 0.358125 0.366667 0.388125 0.415
8 0.359375 0.621667 0.65375 0.999167
8 0.361875 0.340833 0.4875 0.48916699999999996
8 0.400625 0.09500000000000001 0.511875 0.25666700000000003
8 0.45875 0.20333299999999999 0.56875 0.311667
8 0.481875 0.34416699999999995 0.520625 0.4025
8 0.49 0.15 0.816875 0.644167
8 0.7675 0.540833 0.9225 0.750833
8 0.868125 0.21666700000000003 0.999375 0.389167
8 0.896875 0.710833 0.9875 0.7925
8 0.9125 0.565 0.999375 0.7783329999999999
8 0.981875 0.415 0.999375 0.56
