18 0.0 0.29366600000000004 0.1225 0.48900272113943033
18 0.153125 0.269194 0.2304754638671875 0.4813624107946026
18 0.2796875 0.265355 0.34285186767578124 0.4871261664167916
18 0.365 0.285029 0.4515185546875 0.4774996701649175
18 0.47062499999999996 0.2643955 0.5426654052734374 0.47753060494752625
18 0.5596875 0.2888675 0.6244534301757813 0.47941291529235386
18 0.669375 0.28119 0.7230963134765626 0.4794244257871065
18 0.771875 0.2576775 0.8292462158203124 0.47370167691154424
18 0.87875 0.3075815 0.962266845703125 0.4755468583208396
18 0.9493750000000001 0.2855085 0.9984478759765625 0.46694195127436283
