16 0.0278125 0.6224105 0.055625 0.08662899999999989
16 0.041875 0.3601695 0.08375 0.21751500000000004
16 0.06625 0.47975500000000004 0.1325 0.25329599999999997
16 0.1090625 0.768832 0.218125 0.46045199999999986
16 0.4996875 0.49952899999999995 0.999375 0.9990579999999999
16 0.188125 0.1120525 0.27 0.224105
16 0.19375 0.4204335 0.21625 0.28907700000000003
16 0.23843750000000002 0.858757 0.286875 0.28060199999999985
16 0.2346875 0.17467049999999998 0.16937500000000003 0.17984899999999995
16 0.3078125 0.740584 0.223125 0.41148800000000013
16 0.370625 0.29613900000000004 0.23875000000000002 0.48493400000000003
16 0.5096875 0.4402075000000001 0.29562499999999997 0.39830499999999996
16 0.46906250000000005 0.1770245 0.18187500000000006 0.23728900000000003
16 0.5309375000000001 0.7561205 0.23812500000000003 0.48587499999999995
16 0.6615625 0.912429 0.340625 0.17325799999999994
16 0.5878125000000001 0.05885100000000001 0.11187500000000006 0.11770200000000001
16 0.67375 0.2490585 0.20875 0.25141300000000005
16 0.806875 0.6572505 0.355 0.5160070000000001
16 0.731875 0.1172315 0.16875000000000007 0.19491499999999998
16 0.7875 0.3253295 0.26249999999999996 0.194915
16 0.7165625 0.4863465 0.08937499999999998 0.17796700000000001
16 0.815 0.4227875 0.26375000000000004 0.2749529999999999
16 0.8940625 0.083804 0.17812499999999998 0.152542
16 0.9265625 0.880885 0.145625 0.236346
16 0.9565625 0.22598850000000004 0.08562500000000006 0.20150700000000007
16 0.968125 0.41666650000000005 0.0625 0.2740110000000001
16 0.9846874999999999 0.6633709999999999 0.02937500000000004 0.19491599999999995
