13 0.10239599999999999 0.7970014999999999 0.13823100390624998 0.8488961902332361
13 0.1448995 0.2883505 0.18610249658203123 0.3571346639941691
13 0.14219500000000002 0.7104955000000001 0.17683213769531253 0.7625162922740526
13 0.1970635 0.5126875 0.23241955517578122 0.5724936421282799
13 0.212519 0.696078 0.2501784619140625 0.751003309037901
13 0.2183155 0.136678 0.25944680126953124 0.20164576093294462
13 0.23183950000000003 0.598039 0.2671615942382813 0.6415732230320699
13 0.25425 0.3356405 0.288777708984375 0.3939747281341108
13 0.274343 0.4642445 0.3196700869140625 0.5298882587463556
13 0.307187 0.574971 0.3443680126953125 0.6277658498542275
13 0.3813755 0.6799305 0.41771056298828124 0.7452598476676384
13 0.50425 0.13379449999999998 0.5250095683593751 0.16358796428571426
13 0.632535 0.07900800000000001 0.6763532900390625 0.1405998279883382
13 0.659969 0.5374855000000001 0.6987374990234374 0.5978324934402333
13 0.6765845 0.3154555 0.7211322729492188 0.3743961523323615
13 0.708269 0.476932 0.7365573310546875 0.5148757638483966
13 0.7755019999999999 0.08189149999999999 0.811452673828125 0.1290616246355685
13 0.81221 0.5530565 0.8539208261718749 0.6070367951895044
13 0.8678515 0.361592 0.8917334887695312 0.40893089795918375
13 0.9238795 0.590542 0.9620037739257812 0.6531181516034985
13 0.924266 0.7335640000000001 0.9620033964843749 0.791318664723032
13 0.9787480000000001 0.6009225 0.9982711914062501 0.6623300196793004
13 0.9810665000000001 0.13956149999999998 0.9982689272460938 0.19010755758017486
13 0.9845440000000001 0.9083044999999998 0.99749253125 0.9617669409620991
