16 0.071875 0.4 0.04375 0.04999999999999999
16 0.1156255 0.44296900000000006 0.06562500000000002 0.054688000000000014
16 0.1265625 0.382031 0.07187500000000001 0.06718800000000003
16 0.16875 0.41562449999999995 0.07499999999999998 0.05312500000000003
16 0.174219 0.4539065 0.035938 0.03281300000000004
16 0.340625 0.650781 0.08437399999999995 0.07968800000000009
16 0.346875 0.7242185000000001 0.06874999999999998 0.067187
16 0.3765625 0.6046875 0.09687499999999999 0.06562499999999993
16 0.38437449999999995 0.5749995 0.10312499999999997 0.07187499999999991
16 0.4078125 0.6695315 0.09062500000000001 0.09531300000000009
16 0.4078125 0.739844 0.07499899999999998 0.07656199999999991
