17 0.6196875 0.6942565 0.10812499999999992 0.12668899999999983
17 0.1925 0.42229700000000003 0.11125000000000002 0.11317600000000004
17 0.208125 0.33657099999999995 0.11375000000000002 0.08023599999999999
17 0.22843750000000002 0.617821 0.083125 0.08530400000000009
17 0.511875 0.711571 0.10125 0.10557400000000004
17 0.503125 0.163429 0.05375000000000002 0.044763999999999964
17 0.5425 0.616132 0.0675 0.08868200000000008
17 0.6481250000000001 0.2288855 0.036250000000000004 0.06925699999999999
17 0.7390625 0.3391045 0.07687499999999992 0.09206099999999998
17 0.7446875 0.4155405 0.07562499999999994 0.08445899999999994
