4 0.0 0.44746749999999996 0.11375 0.399625
4 0.10843749999999999 0.5018765000000001 0.07437500000000001 0.07879899999999995
4 0.165625 0.4502815 0.10875 0.40525300000000003
4 0.29625 0.4606 0.09125 0.39211999999999997
4 0.358125 0.3456845 0.10125 0.184803
4 0.3725 0.5394 0.09750000000000003 0.2157600000000001
4 0.4859375 0.464822 0.13437499999999997 0.349906
4 0.5487500000000001 0.5037524999999999 0.09124999999999994 0.07129499999999998
4 0.6115625 0.44840499999999994 0.13937500000000003 0.3283299999999999
4 0.7621875 0.489681 0.06187500000000001 0.300188
4 0.8275 0.4756095 0.09749999999999992 0.23264500000000005
4 0.9009375 0.45403400000000005 0.07562499999999994 0.24014999999999997
4 0.9634375 0.5060975000000001 0.07187500000000002 0.344277
