6 0.489375 0.505629 0.6625 0.6848029999999999
6 0.05875 0.9530959999999999 0.1175 0.9990620000000001
6 0.091875 0.893058 0.15125 0.9530959999999999
6 0.133125 0.9549719999999999 0.185625 0.9990620000000001
6 0.144375 0.6857409999999999 0.2125 0.7570359999999999
6 0.175625 0.621951 0.250625 0.6913699999999999
6 0.176875 0.7570359999999999 0.22375 0.810507
6 0.22 0.760788 0.275 0.8264540000000001
6 0.235625 0.5300189999999999 0.294375 0.595685
6 0.235625 0.687617 0.32375 0.7898689999999999
6 0.25375 0.595685 0.3175 0.687617
6 0.289375 0.555347 0.3225 0.606942
6 0.37 0.595685 0.5325 0.806754
6 0.53 0.6763600000000001 0.655625 0.9455910000000001
6 0.546875 0.381801 0.650625 0.48968100000000003
6 0.62 0.39493399999999995 0.748125 0.587242
6 0.67625 0.7701690000000001 0.850625 0.9380860000000001
