16 0.022876 0.136438 0.039216 0.024510000000000032
16 0.054738499999999995 0.48202599999999995 0.063725 0.03267999999999999
16 0.0678105 0.45669950000000004 0.08006500000000001 0.04411700000000002
16 0.120098 0.24264699999999995 0.053922 0.03104599999999999
16 0.119281 0.162582 0.045752000000000015 0.02124200000000001
16 0.121732 0.14624199999999998 0.047386 0.027777999999999997
16 0.13480399999999998 0.22875800000000002 0.04738600000000001 0.026144
16 0.134804 0.3325165 0.04085000000000001 0.03758100000000003
16 0.143791 0.352941 0.045752 0.03267999999999993
16 0.17238550000000002 0.31209149999999997 0.04738499999999998 0.039214999999999944
16 0.1781045 0.21895399999999998 0.03594700000000001 0.019607999999999987
16 0.19771249999999999 0.41748399999999997 0.05882299999999996 0.03431400000000001
16 0.245098 0.49183 0.07189600000000002 0.042483999999999966
16 0.23284300000000002 0.40032700000000004 0.04411799999999999 0.03921600000000003
16 0.254085 0.521242 0.076798 0.06862800000000008
16 0.254085 0.411765 0.05392200000000005 0.042483999999999966
16 0.252451 0.160131 0.04411799999999996 0.029411999999999994
16 0.261438 0.17565350000000002 0.045752000000000015 0.037581
16 0.3039215 0.26634 0.045750999999999986 0.035948000000000035
16 0.3210785 0.29330100000000003 0.04411699999999996 0.027778000000000025
16 0.3406865 0.276144 0.06372499999999998 0.029411999999999994
16 0.354575 0.16503299999999999 0.04575200000000007 0.019607999999999987
16 0.36928099999999997 0.371732 0.07516400000000006 0.037582000000000004
16 0.35866 0.18709150000000002 0.05065399999999998 0.031045000000000017
16 0.37581699999999996 0.4256535 0.06536000000000003 0.04411700000000002
16 0.386438 0.5008170000000001 0.06372600000000006 0.053921999999999914
16 0.38480400000000003 0.15359499999999998 0.05065400000000003 0.019607999999999987
16 0.39951000000000003 0.5343135000000001 0.07026199999999999 0.06535900000000006
16 0.4297385 0.48447700000000005 0.06209100000000006 0.05065400000000003
16 0.481209 0.2001635 0.06045800000000007 0.027776999999999996
16 0.48366 0.21732 0.05882400000000004 0.02287599999999998
16 0.5359475 0.3194445 0.07189499999999993 0.03431300000000004
16 0.5441175 0.297386 0.05882299999999996 0.022876000000000007
16 0.5792485 0.6078429999999999 0.08660100000000004 0.04901999999999995
16 0.5751634999999999 0.5727125 0.06535900000000006 0.040849000000000024
16 0.5727125 0.1772875 0.037580999999999976 0.03104499999999996
16 0.5882355 0.4281045 0.05228699999999997 0.04248299999999999
16 0.584967 0.294118 0.03921599999999992 0.022875999999999952
16 0.598856 0.16339900000000002 0.03431400000000007 0.032680000000000015
16 0.612745 0.4509805 0.062092000000000036 0.04575100000000004
16 0.621732 0.40359500000000004 0.05718999999999996 0.04902000000000001
16 0.625 0.173203 0.04085000000000005 0.029411999999999994
16 0.64134 0.22303900000000002 0.053922000000000025 0.027778000000000025
16 0.6568625 0.241013 0.06535899999999994 0.04085
16 0.7075165 0.534314 0.07189500000000004 0.04901999999999995
16 0.7099675000000001 0.140523 0.06372499999999992 0.032680000000000015
16 0.7320260000000001 0.512255 0.062091999999999925 0.044118000000000046
16 0.734477 0.1732025 0.04738600000000004 0.032679000000000014
16 0.760621 0.344771 0.07679799999999992 0.04901999999999995
16 0.75817 0.22303900000000002 0.042483999999999966 0.027778000000000025
16 0.779412 0.531863 0.06536000000000008 0.053921999999999914
16 0.77451 0.245915 0.052288 0.03104599999999999
16 0.7973855000000001 0.349673 0.07516299999999998 0.04901999999999995
16 0.7875815 0.212418 0.05228699999999997 0.03267999999999999
16 0.7965684999999999 0.379902 0.057188999999999934 0.02777799999999997
16 0.8153595 0.630719 0.08496700000000001 0.052288
16 0.8398694999999999 0.6715685 0.09150299999999989 0.07843100000000003
16 0.888889 0.4763069999999999 0.07843199999999995 0.044118000000000046
16 0.9044120000000001 0.173203 0.04085000000000005 0.029411999999999994
16 0.9240195 0.264706 0.06372500000000003 0.029411999999999994
16 0.9330065000000001 0.287582 0.068627 0.03267999999999999
16 0.9264705 0.159314 0.049018999999999924 0.027777999999999997
16 0.9256535000000001 0.1887255 0.04411700000000007 0.02124100000000001
16 0.9338235 0.5465685 0.06045699999999998 0.07352899999999996
16 0.97549 0.638889 0.045752000000000015 0.052288
16 0.989379 0.6919934999999999 0.017973999999999934 0.060457000000000094
16 0.993464 0.619281 0.009803999999999924 0.042483999999999966
