0 0.0246875 0.43458299999999994 0.03997589111328125 0.47026713671875003
0 0.0575 0.39833349999999995 0.08244384765625 0.4269813365885417
0 0.13125 0.7695835000000001 0.154871826171875 0.8156649381510418
0 0.1325 0.35125 0.14862060546875 0.38954264322916665
0 0.16499999999999998 0.31625 0.1860888671875 0.35292121614583327
0 0.2046875 0.7233335 0.23480010986328123 0.7715581595052083
0 0.22 0.265833 0.23916015625 0.29798686328125007
0 0.2446875 0.6841665 0.27226104736328127 0.7366091582031252
0 0.2584375 0.23583350000000003 0.28037261962890625 0.2671929251302083
0 0.31656249999999997 0.6325 0.3509408569335938 0.6783434322916665
0 0.3359375 0.177083 0.3577969360351563 0.20560242317708333
0 0.36125 0.610833 0.397772216796875 0.65753764453125
0 0.49312500000000004 0.22458299999999998 0.6288934326171876 0.4380405742187499
0 0.458125 0.5541665 0.4933026123046875 0.6026114290364583
0 0.503125 0.5041665000000001 0.5382586669921875 0.5576765332031249
0 0.5821875000000001 0.4583335 0.6131814575195312 0.5094032115885417
0 0.69375 0.0 0.833697509765625 0.548333
0 0.6071875 0.0 0.6362820434570312 0.064167
0 0.826875 0.318333 0.8454425048828125 0.36541850390625
0 0.8625 0.2975 0.87915771484375 0.34127963020833335
