8 0.09375 0.845052 0.142578 0.889323
8 0.106445 0.8098959999999998 0.14941400000000002 0.867188
8 0.386719 0.627604 0.410156 0.66276
8 0.398438 0.178385 0.42480500000000004 0.213542
8 0.44433599999999995 0.619792 0.47949200000000003 0.654948
8 0.445312 0.097656 0.474609 0.144531
8 0.47363299999999997 0.158854 0.5058590000000001 0.20572899999999997
8 0.5097659999999999 0.34895799999999993 0.541992 0.390625
8 0.5742189999999999 0.20052100000000003 0.606445 0.255208
8 0.610352 0.167969 0.642578 0.204427
8 0.6152340000000001 0.7369790000000002 0.6601560000000001 0.782552
8 0.6445310000000001 0.217448 0.6757810000000001 0.260417
8 0.671875 0.269531 0.6835939999999999 0.296875
8 0.674805 0.739583 0.71582 0.782552
8 0.686523 0.311198 0.719727 0.356771
8 0.725586 0.742188 0.765625 0.7942709999999998
8 0.7597659999999999 0.553385 0.791992 0.588542
8 0.8310549999999999 0.528646 0.8496090000000001 0.559896
8 0.839844 0.7695310000000001 0.864258 0.7929689999999999
8 0.8496090000000001 0.53125 0.8691409999999999 0.559896
8 0.891602 0.005208 0.914062 0.036458
8 0.8925780000000001 0.47395799999999993 0.916992 0.5039060000000001
8 0.9003909999999999 0.088542 0.9248049999999999 0.111979
8 0.907227 0.316406 0.9248049999999999 0.335938
8 0.9189450000000001 0.270833 0.9404299999999999 0.309896
