17 0.23125 0.502809 0.21 0.26779000000000003
17 0.151875 0.5 0.03375 0.14606800000000006
17 0.236875 0.293071 0.14625 0.200374
17 0.25125 0.710674 0.155 0.21535600000000013
17 0.313125 0.11985 0.14625 0.21722799999999998
17 0.341875 0.34644199999999997 0.09875 0.134832
17 0.36812500000000004 0.5908239999999999 0.14375 0.23782799999999993
17 0.36124999999999996 0.4794005 0.1275 0.13857700000000003
17 0.469375 0.777154 0.25625000000000003 0.29588000000000003
17 0.42562500000000003 0.21348300000000003 0.13125000000000003 0.209738
17 0.4625 0.38295850000000003 0.13250000000000006 0.18539300000000006
17 0.48750000000000004 0.5608615 0.14500000000000007 0.16292100000000004
17 0.586875 0.3426965 0.10625000000000007 0.21722899999999995
17 0.6875 0.6601125 0.27249999999999996 0.39513099999999995
17 0.701875 0.23689150000000003 0.14125 0.275281
17 0.78 0.37359549999999997 0.13749999999999996 0.20786499999999997
