17 0.0071875 0.7095834999999999 0.014375 0.019167000000000083
17 0.035625 0.7683335000000001 0.07125 0.09833300000000007
17 0.0390625 0.6645835 0.078125 0.12916700000000012
17 0.056875 0.8195830000000001 0.07625 0.03250000000000005
17 0.386875 0.45791650000000006 0.73375 0.2258330000000001
17 0.4346875 0.750833 0.6793750000000001 0.26
17 0.7703125 0.45999999999999996 0.013124999999999942 0.04333400000000006
17 0.7909375000000001 0.4641665 0.028125000000000067 0.041667000000000044
17 0.7971874999999999 0.5433335 0.020625000000000004 0.031666999999999966
17 0.8078125 0.4512500000000001 0.02312499999999995 0.022500000000000037
17 0.8109375000000001 0.5808335 0.021874999999999978 0.04833299999999996
17 0.8159375 0.5341665 0.024375000000000036 0.053333
17 0.8321875000000001 0.45375000000000004 0.020625000000000004 0.04083400000000004
17 0.9046875 0.7320829999999999 0.13937500000000003 0.18749999999999992
