2 0.12625 0.611842 0.1675 0.675752
2 0.16375 0.578947 0.2075 0.6372180000000001
2 0.165 0.6306390000000001 0.2075 0.681391
2 0.194375 0.261278 0.253125 0.31109000000000003
2 0.198125 0.145677 0.244375 0.19736800000000004
2 0.199375 0.168233 0.241875 0.224624
2 0.215 0.20958600000000002 0.2725 0.270677
2 0.2175 0.334586 0.2725 0.428571
2 0.248125 0.120301 0.27625 0.151316
2 0.253125 0.168233 0.298125 0.20958600000000002
2 0.255625 0.138158 0.291875 0.18421099999999999
2 0.255625 0.290414 0.306875 0.336466
2 0.27625 0.549812 0.325 0.62312
2 0.28 0.20958600000000002 0.31875 0.259398
2 0.286875 0.608083 0.33 0.733083
2 0.286875 0.496241 0.334375 0.6062029999999999
2 0.298125 0.24811999999999998 0.340625 0.29981199999999997
2 0.301875 0.12594 0.334375 0.16071400000000002
2 0.31125 0.677632 0.348125 0.7509399999999999
2 0.32625 0.18985 0.37125 0.255639
2 0.32875 0.7161649999999999 0.390625 0.7875939999999999
2 0.33 0.48684200000000005 0.365 0.5253760000000001
2 0.334375 0.578947 0.375 0.642857
2 0.336875 0.5253760000000001 0.375 0.582707
2 0.344375 0.09774400000000001 0.375 0.14943599999999999
2 0.349375 0.758459 0.394375 0.8374060000000001
2 0.353125 0.235902 0.395625 0.278196
2 0.353125 0.134398 0.398125 0.19172899999999998
2 0.356875 0.6306390000000001 0.42125 0.733083
2 0.36125 0.155075 0.41125 0.22650399999999996
2 0.36125 0.8684209999999999 0.4225 0.9586469999999999
2 0.3675 0.567669 0.42125 0.6522560000000001
2 0.3725 0.8101499999999999 0.41375 0.8740600000000001
2 0.37875 0.49248100000000006 0.41375 0.571429
2 0.38375 0.46898500000000004 0.4175 0.5037590000000001
2 0.388125 0.278196 0.449375 0.353383
2 0.390625 0.931391 0.460625 0.9990600000000001
2 0.401875 0.6372180000000001 0.444375 0.683271
2 0.405625 0.758459 0.456875 0.828008
2 0.41125 0.659774 0.456875 0.727444
2 0.416875 0.8261280000000001 0.48625 0.943609
2 0.41875 0.567669 0.459375 0.6372180000000001
2 0.41875 0.5075189999999999 0.475 0.578947
2 0.42875 0.4727439999999999 0.453125 0.519737
2 0.436875 0.710526 0.490625 0.773496
2 0.444375 0.5845859999999999 0.48 0.681391
2 0.455625 0.446429 0.499375 0.50188
2 0.459375 0.49060200000000004 0.506875 0.571429
2 0.459375 0.796992 0.51875 0.8599620000000001
2 0.48375 0.8599620000000001 0.52875 0.947368
2 0.494375 0.671992 0.5225 0.7528199999999999
2 0.495625 0.608083 0.545625 0.6654140000000001
2 0.498125 0.484962 0.5375 0.549812
2 0.51375 0.5441729999999999 0.555625 0.611842
2 0.5225 0.675752 0.56375 0.734962
2 0.52875 0.738722 0.594375 0.8101499999999999
2 0.5325 0.8214290000000001 0.58375 0.9182330000000001
2 0.545625 0.565789 0.591875 0.640977
2 0.551875 0.531015 0.57625 0.56015
2 0.556875 0.6287590000000001 0.609375 0.703947
2 0.575 0.7913529999999999 0.62875 0.896617
2 0.5825 0.7753760000000002 0.649375 0.8562030000000002
2 0.590625 0.703947 0.653125 0.769737
2 0.595625 0.675752 0.644375 0.700188
2 0.603125 0.594925 0.641875 0.659774
2 0.63625 0.7509399999999999 0.6875 0.8449250000000001
