0 0.0 0.7840625 0.069257 0.8292343139648437
0 0.0 0.7215625 0.08277000000000001 0.7524203491210938
0 0.0 0.35562499999999997 0.10641899999999999 0.41340270996093753
0 0.0 0.8721875 0.110642 0.9266482543945312
0 0.0 0.621875 0.133446 0.6725177001953124
0 0.0 0.5025 0.168074 0.56700927734375
0 0.0 0.230625 0.170608 0.34852478027343753
0 0.093328 0.076875 0.1797758759894459 0.1467999267578125
0 0.110642 0.9575 0.17046203430079154 0.99843994140625
0 0.147804 0.8115625 0.24220400791556726 0.8867074584960937
0 0.17609750000000002 0.7009375 0.2717266813984169 0.7505654907226562
0 0.265625 0.115625 0.40421057124010557 0.1861370849609375
0 0.241976 0.964375 0.34089677044854877 0.9984332275390625
0 0.2512665 0.0 0.35946551385224274 0.07875
0 0.247044 0.5971875 0.34595808443271764 0.6587918090820313
0 0.322635 0.38625 0.4953513601583114 0.515872802734375
0 0.2719595 0.48968750000000005 0.3915332143799473 0.5395217895507813
0 0.31165550000000003 0.263125 0.46833884498680745 0.3428680419921875
0 0.278294 0.8578125 0.3805448575197889 0.9635372924804687
0 0.311655 0.96 0.3551628456464381 0.9984375
0 0.371622 0.8946875000000001 0.4522127335092348 0.9760012817382813
0 0.43032099999999995 0.556875 0.5188582941952508 0.6263311767578125
0 0.446368 0.6996875 0.5509311240105541 0.7836917114257813
0 0.4548145 0.0 0.5627449808707125 0.145
0 0.46959449999999997 0.964375 0.5762384821899735 0.9984332275390625
0 0.4489020000000001 0.8040625 0.5323467810026387 0.8485897827148438
0 0.5477194999999999 0.188125 0.6681964149076516 0.3023162841796875
0 0.535473 0.47 0.6268275712401055 0.525791015625
0 0.54772 0.880625 0.633568414248021 0.9541400146484375
0 0.5874155 0.3325 0.7010830455145118 0.47217529296875
0 0.5620775 0.6190625 0.6386164729551451 0.6893954467773437
0 0.6047295 0.775625 0.6571412038258576 0.8211175537109375
0 0.6465375000000001 0.9234374999999999 0.7102960481530344 0.9797232055664062
0 0.6887669999999999 0.9762500000000001 0.7930103364116095 0.998421630859375
0 0.71326 0.8278125000000001 0.8368970237467018 0.9185665893554688
0 0.6866555 0.7106250000000001 0.7769661220316623 0.7818060302734374
0 0.7787160000000001 0.18937500000000002 0.9381616701846965 0.3173150634765625
0 0.7630914999999998 0.5790625 0.9018652829815302 0.7081845092773438
0 0.8471285000000001 0.0609375 0.9777674162269129 0.11869049072265625
0 0.8099660000000001 0.924375 0.8942014432717679 0.9984722900390625
0 0.8619085 0.2940625 0.998017917546174 0.38596282958984374
0 0.8724660000000001 0.4525 0.9980039894459102 0.53580810546875
0 0.8910475 0.953125 0.9498384755936675 0.9984442138671875
0 0.9172294999999999 0.7831250000000001 0.9979449346965699 0.8567352294921875
0 0.9391889999999999 0.6799999999999999 0.9979159643799471 0.7718359375
0 0.9725505 0.1490625 0.9978719518469656 0.20610443115234373
