6 0.0 0.0 0.04 0.151424
6 0.098 0.4752619999999999 0.28 0.7886059999999999
6 0.18 0.241379 0.38 0.50075
6 0.374 0.0 0.487 0.09595199999999998
6 0.383 0.12443800000000001 0.562 0.42728599999999994
6 0.529 0.12143899999999999 0.663 0.43778100000000003
6 0.548 0.0 0.724 0.12143899999999999
6 0.605 0.254873 0.76 0.53973
6 0.67 0.964018 0.795 0.998501
6 0.672 0.508246 0.872 0.736132
6 0.694 0.728636 0.812 0.8755620000000001
6 0.711 0.190405 0.845 0.353823
6 0.813 0.082459 0.95 0.307346
6 0.815 0.274363 0.999 0.541229
6 0.873 0.44677700000000004 0.999 0.736132
