13 0.0 0.5104164999999999 0.015625 0.5426683951822916
13 0.035625000000000004 0.631667 0.0480902099609375 0.6558445169270833
13 0.0853125 0.57 0.10866668701171875 0.5942578125
13 0.113125 0.307917 0.1436395263671875 0.34626606640625
13 0.19187500000000002 0.8616670000000001 0.2248126220703125 0.9055450377604166
13 0.2078125 0.3391665 0.23729705810546875 0.372058376953125
13 0.2215625 0.7324999999999999 0.26353363037109373 0.7798792239583334
13 0.2540625 0.23625 0.2828768920898438 0.27385938281249994
13 0.2915625 0.6620834999999999 0.3372152709960938 0.718304912109375
13 0.2996875 0.2958335 0.32283233642578124 0.3221148001302084
13 0.35062499999999996 0.7575 0.3909075927734375 0.8006806718749999
13 0.380625 0.35250000000000004 0.3952532958984375 0.377041015625
13 0.4896875 0.510417 0.5320217895507813 0.56350239453125
13 0.535625 0.39250000000000007 0.5732269287109375 0.42532193229166676
13 0.58375 0.7441665 0.617554931640625 0.7848640332031249
13 0.8215625 0.6345835 0.8635726928710937 0.6941737194010417
13 0.905 0.8333335000000001 0.9447412109375001 0.8830819303385417
13 0.9043749999999999 0.98375 0.9384918212890625 0.9978860755208334
13 0.9284375 0.6808335 0.9759683227539063 0.7282804980468751
13 0.943125 0.7862499999999999 0.9772039794921875 0.8264762369791666
13 0.9918750000000001 0.2708335 0.9984063720703125 0.3171473522135417
