16 0.32999999999999996 0.49500000000000005 0.15999999999999998 0.18999999999999995
16 0.204375 0.51125 0.08250000000000002 0.11583399999999999
16 0.271875 0.7145830000000001 0.19749999999999998 0.2874999999999999
16 0.3228125 0.34875000000000006 0.173125 0.17583400000000007
16 0.41875 0.15874999999999997 0.15000000000000002 0.18916599999999995
16 0.4321875 0.7775 0.12062499999999998 0.2549999999999999
16 0.49093749999999997 0.462917 0.15812499999999996 0.1774999999999999
16 0.6084375 0.6495829999999999 0.294375 0.3274999999999999
16 0.5690625 0.275417 0.135625 0.14249999999999996
16 0.6621874999999999 0.4937499999999999 0.21062499999999995 0.23583400000000002
16 0.818125 0.509583 0.15375000000000005 0.2775000000000001
