4 0.2975 0.8525 0.31345947265624996 0.8705569739583333
4 0.3146875 0.7324999999999999 0.3265676879882813 0.7473792239583333
4 0.3425 0.6645835 0.35779052734375005 0.6783016569010415
4 0.34968750000000004 0.789583 0.36153350830078124 0.8023048971354166
4 0.35625 0.8195834999999999 0.374652099609375 0.833099833984375
4 0.35875 0.7204165000000001 0.375899658203125 0.7415619576822916
4 0.3759375 0.7920835 0.3883828735351562 0.8056356412760417
4 0.38 0.63875 0.39525390625 0.6491682942708333
4 0.3940625 0.69625 0.4039901733398437 0.7107604244791667
4 0.405 0.785 0.42085449218750004 0.8023108645833333
4 0.4096875 0.7308335 0.4195999145507812 0.7507153938802084
4 0.4284375 0.7912499999999999 0.44020660400390627 0.8073027265624999
4 0.4509375 0.8825 0.46830963134765624 0.9088509114583333
