6 0.104375 0.31426200000000004 0.16052247053045185 0.35531180468750007
6 0.15375 0.517413 0.16484896856581532 0.53912728515625
6 0.1640625 0.455224 0.17483883840864436 0.48199426041666665
6 0.18874999999999997 0.4879765 0.20356458742632613 0.5184356139322917
6 0.19125 0.9249585000000001 0.20731213163064832 0.9357776269531249
6 0.21875 0.5020729999999999 0.23478511787819253 0.5358302591145833
6 0.22562499999999996 0.9291044999999999 0.24227836444007855 0.938259228515625
6 0.79375 0.3967665 0.8129702848722985 0.444757376953125
6 0.7915625000000001 0.2441955 0.8035974336935167 0.27580103710937504
6 0.8053125 0.8432835000000001 0.8179589268172888 0.867060974609375
6 0.9353125 0.257048 0.9909562254420432 0.29651430208333335
6 0.9540625 0.8441125 0.9984378069744597 0.8670598951822917
6 0.9784375000000001 0.46019899999999997 0.9877888629666012 0.4819877825520833
6 0.9915625 0.3905475 0.9984009700392927 0.41823147460937493
