13 0.5256700000000001 0.189338 0.6211386503906251 0.277983065380493
13 0.1473215 0.675858 0.20632913134765624 0.7443736077170419
13 0.3058035 0.5 0.3847463637695312 0.5864740943193998
13 0.297991 0.7285539999999999 0.35127099316406246 0.8019151275455519
13 0.5831474999999999 0.678309 0.6422875200195313 0.7284399807073955
13 0.7109375 0.509804 0.7783237250976562 0.6220025862808145
13 0.732701 0.0 0.7950434716796875 0.078431
13 0.8331475 0.6887255 0.9143653793945313 0.7749968161843516
13 0.893415 0.18321099999999998 0.9522525244140625 0.2461276323687031
13 0.8950895000000001 0.0 0.9366258891601562 0.094363
13 0.923549 0.322917 0.9834730966796875 0.4089678938906752
