4 0.6171875 0.528125 0.6728342778320312 0.5776092529296875
4 0.6859375000000001 0.5929690000000001 0.7274551391601562 0.6400459287109375
4 0.7210939999999999 0.5265625 0.761795806640625 0.5588607788085938
4 0.7695315 0.597656 0.8086235043945312 0.6462913515625
4 0.79375 0.540625 0.821099853515625 0.5666590458984375
4 0.83125 0.4625 0.880438232421875 0.49642333984375003
4 0.816406 0.646875 0.849202728515625 0.6821812861328125
4 0.857031 0.7085935000000001 0.8991630556640625 0.7571200141601563
4 0.8648435000000001 0.571875 0.9069674262695313 0.6025665283203125
4 0.9007814999999999 0.6429685 0.9475583305664061 0.6899971010742187
4 0.9351565 0.5593755 0.9787747612304687 0.6072667348632813
