0 0.5803125 0.44625000000000004 0.6781832885742187 0.5319189453125
0 0.299375 0.3508335 0.3784576416015625 0.433710185546875
0 0.34875 0.4695835 0.465284423828125 0.5385555631510416
0 0.3853125 0.2629165 0.45087371826171874 0.3321576608072917
0 0.4321875 0.38000000000000006 0.5002029418945312 0.43367220833333336
0 0.4915625 0.3191665 0.5801449584960937 0.3995844186197917
0 0.491875 0.5187499999999999 0.5720196533203125 0.5834915442708334
0 0.47781250000000003 0.19833350000000002 0.5389083862304688 0.26890875325520835
0 0.523125 0.18208349999999998 0.5957391357421874 0.23976291210937498
0 0.5940624999999999 0.23916649999999998 0.6537948608398438 0.2946885852864583
0 0.660625 0.31749999999999995 0.7156048583984376 0.3754195885416666
