11 0.639583 0.42625 0.7800002096354167 0.5389587402343751
11 0.0 0.5896874999999999 0.015833 0.6037991333007813
11 0.0 0.6315625 0.018333000000000002 0.6431332397460938
11 0.02875 0.57 0.04996256510416667 0.5850683593749999
11 0.037917 0.5371874999999999 0.06411762890625 0.5513504028320313
11 0.035 0.24687499999999998 0.04412142708333334 0.2535089111328125
11 0.0479165 0.3346875 0.06743760872395833 0.34717315673828125
11 0.08416649999999999 0.0 0.137390408203125 0.04
11 0.0708335 0.505625 0.08407476888020832 0.5170062255859375
11 0.2233335 0.5821875 0.263876201171875 0.6106814575195312
11 0.2566665 0.0528125 0.324665798828125 0.10307342529296874
11 0.356667 0.7428125 0.5087025898437499 0.8505245971679687
11 0.42375 0.8865624999999999 0.5652812421875001 0.9753842163085937
11 0.42958349999999995 0.2828125 0.563607646484375 0.3978488159179688
11 0.41125000000000006 0.1546875 0.4219645182291667 0.16234893798828126
11 0.6995835 0.2109375 0.8432560839843749 0.32291900634765625
11 0.574167 0.275 0.58841938671875 0.2847314453125
11 0.5750000000000001 0.26125 0.5809183020833334 0.26599487304687497
11 0.6425 0.621875 0.6699964114583333 0.6375177001953125
11 0.6483335 0.6753125 0.6633228157552084 0.6849655151367188
11 0.7254165 0.6053124999999999 0.754055447265625 0.6200338745117188
11 0.7450000000000001 0.6359375 0.7723629479166667 0.6456289672851563
11 0.7470829999999999 0.7471874999999999 0.7698602356770833 0.7567703247070312
11 0.758333 0.9334374999999999 0.7723455872395834 0.9528384399414063
11 0.786667 0.6053125 0.8106426940104168 0.6219088745117188
11 0.798333 0.6412500000000001 0.8247935039062501 0.659373779296875
11 0.7970835 0.3815625 0.813129130859375 0.39400238037109375
11 0.8154165 0.370625 0.824771259765625 0.3771380615234375
11 0.8266665 0.9634375 0.844756611328125 0.9734341430664062
11 0.88625 0.426875 0.9021790286458332 0.4408331298828125
11 0.915 0.598125 0.92630859375 0.6087908935546875
11 0.9841669999999999 0.3259375 0.9953855325520834 0.3315567016601562
