11 0.6778124999999999 0.3996245 0.7124630737304688 0.45063389824304534
11 0.294375 0.7068479999999999 0.3122125244140625 0.7269200834553441
11 0.4128125 0.7776735 0.45897186279296875 0.8290673857979503
11 0.6725 0.304878 0.6943432617187499 0.34101661932650074
11 0.71625 0.6613505 0.740550537109375 0.6969676976573939
11 0.7440625 0.251407 0.7667733764648437 0.29137690775988284
11 0.8440624999999999 0.1294555 0.8629257202148438 0.15740846046852122
11 0.90625 0.04409 0.926614990234375 0.07873444655929722
11 0.9365625 0.8409945 0.9490853881835937 0.8674366756954612
11 0.9515625000000001 0.716229 0.9671957397460937 0.7447303484626647
