4 0.2309375 0.35583349999999997 0.29477447509765625 0.45120367513020826
4 0.0 0.3391665 0.055 0.41955837695312503
4 0.64 0.16 0.0775 0.23395866666666668
4 0.07125000000000001 0.266667 0.114305419921875 0.32131977734375
4 0.14375000000000002 0.9258335000000001 0.217984619140625 0.9979614876302084
4 0.188125 0.1904165 0.28231628417968746 0.32725206184895833
4 0.38656250000000003 0.0 0.47337249755859373 0.195833
4 0.3834375 0.6116670000000001 0.4540005493164062 0.68837055859375
4 0.4096875 0.3845835 0.4845999145507812 0.476166240234375
4 0.4615625 0.48208349999999994 0.5482992553710937 0.593539287109375
4 0.50125 0.9266670000000001 0.576385498046875 0.9979604023437502
4 0.48124999999999996 0.28250000000000003 0.520780029296875 0.3337991614583333
4 0.5065625 0.0 0.5607553100585938 0.09500000000000001
4 0.5228125 0.1575 0.5532394409179687 0.213127921875
4 0.5684374999999999 0.7154165 0.6138198852539063 0.7740684680989585
4 0.6699999999999999 0.6795835 0.733720703125 0.7691151256510417
4 0.7215625 0.9362499999999999 0.7855453491210938 0.9979479244791668
4 0.7578125 0.7491665 0.8061349487304688 0.8190245227864583
