16 0.48165550000000007 0.59375 0.5399809999999999 0.29000000000000004
16 0.0 0.3240625 0.306679 0.19812499999999997
16 0.150988 0.4615625 0.285042 0.305625
16 0.1599245 0.700625 0.27281299999999997 0.265
16 0.37206 0.4275 0.30009399999999997 0.11125000000000002
16 0.43273750000000005 0.3053125 0.34995300000000007 0.166875
16 0.45954849999999997 0.8346875 0.3113829999999999 0.21187500000000004
16 0.626529 0.4453125 0.33113799999999993 0.18437499999999996
16 0.7756355 0.666875 0.2756350000000001 0.12125000000000008
16 0.8264345 0.8025 0.34524900000000003 0.29000000000000004
