2 0.825625 0.637899 0.9375 0.771107
2 0.02875 0.796435 0.14625 0.9118200000000002
2 0.07875 0.7523449999999999 0.161875 0.8386490000000001
2 0.13625 0.80394 0.23125 0.9409010000000001
2 0.228125 0.7870540000000001 0.309375 0.923077
2 0.29625 0.8499059999999999 0.413125 0.9634149999999999
2 0.308125 0.767355 0.385 0.8386490000000001
2 0.4 0.769231 0.49 0.8771110000000001
2 0.419375 0.668856 0.50375 0.7926830000000001
2 0.48875 0.780488 0.566875 0.888368
2 0.505 0.659475 0.5975 0.7926830000000001
2 0.570625 0.761726 0.64375 0.8789870000000002
2 0.6975 0.630394 0.8125 0.761726
2 0.781875 0.576923 0.843125 0.665103
2 0.8075 0.584428 0.893125 0.677298
2 0.91125 0.611632 0.999375 0.7729829999999999
