4 0.220625 0.803125 0.08124999999999999 0.17874999999999996
4 0.2565625 0.8 0.044375 0.19125000000000003
4 0.3046875 0.8128124999999999 0.04437500000000005 0.18937499999999996
4 0.32437499999999997 0.765 0.028749999999999998 0.11499999999999999
4 0.3515625 0.7975 0.03937500000000005 0.16874999999999996
4 0.38375000000000004 0.7809375000000001 0.03250000000000003 0.1606249999999999
4 0.40875 0.78375 0.05125000000000002 0.1449999999999999
4 0.4371875 0.7796875 0.02562500000000001 0.16062500000000002
4 0.4634375 0.7634375 0.024375000000000036 0.11812500000000004
4 0.4940625 0.7634375 0.030625000000000013 0.12812500000000004
4 0.5240625 0.7659375 0.02562500000000001 0.109375
4 0.5471874999999999 0.7675000000000001 0.03437499999999993 0.09875
4 0.5796875 0.7709375 0.016874999999999973 0.1193749999999999
4 0.6028125 0.7625 0.02562500000000001 0.10249999999999992
4 0.6231249999999999 0.7375 0.028749999999999942 0.04249999999999998
4 0.6481250000000001 0.7625 0.02749999999999997 0.11625000000000008
4 0.6753125 0.7459375 0.016874999999999973 0.09062499999999996
4 0.6896875 0.7565625 0.02937499999999993 0.073125
4 0.704375 0.74875 0.02375000000000005 0.03374999999999995
4 0.7221875 0.74875 0.015625 0.03374999999999995
4 0.739375 0.7665625 0.014999999999999902 0.05312499999999998
4 0.7571874999999999 0.74375 0.020625000000000004 0.04125000000000001
