16 0.1878125 0.575985 0.09562499999999999 0.12945600000000002
16 0.13 0.517824 0.09625 0.17636000000000004
16 0.141875 0.4099435 0.11499999999999999 0.09943699999999996
16 0.134375 0.6716694999999999 0.09500000000000001 0.138837
16 0.1915625 0.7246714999999999 0.083125 0.10225100000000013
16 0.2146875 0.5140710000000001 0.075625 0.08442800000000003
16 0.24312499999999998 0.316604 0.0975 0.12476599999999997
16 0.25625000000000003 0.801595 0.11000000000000001 0.10975599999999999
16 0.24843749999999998 0.6984055 0.076875 0.12288900000000014
16 0.28218750000000004 0.4437145 0.09062500000000001 0.07504700000000004
16 0.289375 0.650563 0.0875 0.11538399999999993
16 0.3059375 0.29362099999999997 0.07687499999999997 0.121952
16 0.30843750000000003 0.7349904999999999 0.06937500000000002 0.111633
16 0.3521875 0.8358344999999999 0.135625 0.14071300000000003
16 0.3284375 0.5909945 0.083125 0.07692300000000009
16 0.36 0.359756 0.09999999999999998 0.12289000000000005
16 0.3725 0.437617 0.08999999999999997 0.10600399999999992
16 0.36875 0.5215759999999999 0.06124999999999997 0.06941799999999997
16 0.4040625 0.282364 0.111875 0.082552
16 0.43343750000000003 0.4638835 0.06812500000000005 0.06097499999999997
16 0.4409375 0.417448 0.073125 0.06566600000000007
16 0.47375 0.848499 0.11000000000000004 0.11163199999999995
16 0.49187499999999995 0.30159499999999995 0.09249999999999997 0.11350800000000003
16 0.52125 0.3714825 0.08499999999999996 0.07692299999999992
16 0.544375 0.7992495 0.12 0.144465
16 0.5621875000000001 0.42542199999999997 0.06437499999999996 0.08161400000000002
16 0.599375 0.370544 0.07125000000000004 0.13320799999999997
16 0.624375 0.696529 0.07000000000000006 0.14915599999999987
16 0.6353125 0.44746749999999996 0.07187500000000002 0.09756099999999991
16 0.6409374999999999 0.5187615 0.07062500000000005 0.097561
16 0.6934375 0.5684804999999999 0.078125 0.06003699999999999
16 0.7025 0.659944 0.09624999999999995 0.126642
16 0.7084375 0.496248 0.07937500000000008 0.08818000000000002
