16 0.5915625 0.3208255 0.12812500000000004 0.16322700000000004
16 0.0559375 0.7621950000000001 0.06187499999999999 0.1266420000000001
16 0.100625 0.7879925 0.09 0.14071300000000012
16 0.171875 0.7181050000000001 0.11125 0.09662199999999997
16 0.18125 0.818949 0.10749999999999998 0.09005599999999997
16 0.15968749999999998 0.6571295 0.03562499999999999 0.10225099999999997
16 0.2640625 0.8015945 0.09812499999999999 0.0947469999999999
16 0.30937499999999996 0.6988740000000001 0.10249999999999998 0.13133200000000006
16 0.3834375 0.774859 0.075625 0.06378999999999986
16 0.4096875 0.6622890000000001 0.12312499999999998 0.17260799999999996
16 0.4615625 0.7729829999999999 0.08062499999999995 0.06754199999999994
16 0.5459375 0.751407 0.046875 0.06378999999999994
16 0.743125 0.7026265 0.05999999999999994 0.09193300000000006
