4 0.39687550000000005 0.47656199999999993 0.44805042626953123 0.532346607421875
4 0.051562500000000004 0.086719 0.09682464599609375 0.13116531347656252
4 0.1125005 0.053125000000000006 0.15770313623046875 0.09213612011718751
4 0.2414065 0.227344 0.27163925146484375 0.262277984375
4 0.2898435 0.747656 0.3106539497070312 0.7742698671875
4 0.39765649999999997 0.42343699999999995 0.44023666357421876 0.4573984873046875
4 0.4578125 0.49843800000000005 0.48080291748046877 0.526076244140625
4 0.48125 0.44140599999999997 0.515155029296875 0.47769393945312505
4 0.49375 0.20390599999999998 0.5292058222656251 0.237300873046875
4 0.5476565 0.028906499999999998 0.5729031791992187 0.05309677099609375
4 0.598438 0.049219 0.6228535878906251 0.0749519345703125
4 0.632031 0.310156 0.6650077822265625 0.34188411328124996
4 0.65625 0.36796850000000003 0.702484130859375 0.4137026557617187
