17 0.5496875 0.5778610000000001 0.05812499999999998 0.09380799999999996
17 0.135625 0.547842 0.04000000000000001 0.06566599999999999
17 0.15281250000000002 0.28752350000000004 0.028124999999999983 0.03283299999999995
17 0.16875 0.30862999999999996 0.04000000000000001 0.045027999999999985
17 0.170625 0.5595685000000001 0.03875000000000001 0.045967000000000015
17 0.17343750000000002 0.5989680000000001 0.03812499999999999 0.04409000000000001
17 0.21281250000000002 0.436679 0.030624999999999986 0.04971800000000003
17 0.2475 0.631801 0.036250000000000004 0.04408999999999993
17 0.239375 0.785647 0.016249999999999987 0.021575999999999974
17 0.25968749999999996 0.569887 0.03437499999999999 0.04408999999999993
17 0.269375 0.24061900000000003 0.04124999999999998 0.049718000000000075
17 0.290625 0.6064729999999999 0.034999999999999976 0.044090000000000094
17 0.31281250000000005 0.19746699999999998 0.023125000000000007 0.03658599999999995
17 0.3284375 0.44605999999999996 0.020625000000000004 0.030956000000000067
17 0.3334375 0.21622899999999998 0.030625000000000013 0.047841999999999996
17 0.3359375 0.45544049999999997 0.02562500000000001 0.03470899999999994
17 0.3490625 0.38789900000000005 0.02562500000000001 0.04033799999999998
17 0.36031250000000004 0.412289 0.043125000000000024 0.05159399999999999
17 0.3771875 0.1890245 0.030625000000000013 0.04033699999999999
17 0.3928125 0.302533 0.029374999999999984 0.036585999999999994
17 0.3984375 0.09615399999999999 0.024375000000000036 0.04221399999999999
17 0.4165625 0.346154 0.03312499999999996 0.06191400000000004
17 0.42374999999999996 0.173077 0.02999999999999997 0.03846199999999999
17 0.4284375 0.26454049999999996 0.03562499999999996 0.05628499999999996
17 0.4446875 0.38930599999999993 0.030625000000000013 0.07129399999999997
17 0.4515625 0.1805815 0.02812500000000001 0.05347099999999999
17 0.4553125 0.4929639999999999 0.02812500000000001 0.04033800000000002
17 0.45781249999999996 0.3405255 0.02812500000000001 0.05065700000000002
17 0.4621875 0.0877115 0.03187500000000004 0.055346999999999986
17 0.47843749999999996 0.29315199999999997 0.033125000000000016 0.047841999999999996
17 0.625625 0.44324549999999996 0.25625000000000003 0.28986900000000004
17 0.5440625 0.7650094999999999 0.024375000000000036 0.03846099999999993
17 0.5465625000000001 0.8710135000000002 0.026875000000000093 0.05722299999999998
17 0.5725 0.8747655000000001 0.013749999999999929 0.04221299999999975
17 0.5871875 0.8039400000000001 0.02562500000000001 0.04690400000000002
17 0.6115625 0.677767 0.02562500000000001 0.0403380000000001
17 0.621875 0.72045 0.04375000000000007 0.06754200000000002
17 0.6275 0.066135 0.039999999999999925 0.047841999999999996
17 0.6509375 0.8114445 0.025624999999999898 0.05440900000000013
17 0.6525000000000001 0.08864899999999999 0.028749999999999942 0.04221400000000001
17 0.6659375 0.8424014999999999 0.026874999999999982 0.0544089999999998
17 0.7209375 0.945122 0.041874999999999996 0.04409000000000001
17 0.729375 0.7959664999999999 0.01750000000000007 0.053471000000000074
17 0.75125 0.815197 0.04125000000000001 0.06191400000000008
17 0.7465625 0.9568479999999999 0.021874999999999978 0.05628600000000006
17 0.7737499999999999 0.8653844999999999 0.04250000000000009 0.06097500000000005
17 0.776875 0.9221384999999998 0.04875000000000007 0.05253300000000002
17 0.7871875 0.5605065 0.02562500000000001 0.05909900000000001
17 0.8031250000000001 0.623827 0.016249999999999987 0.06379000000000003
17 0.8159375 0.6683865 0.03187499999999999 0.06660500000000001
17 0.830625 0.588649 0.04625000000000001 0.05722399999999995
17 0.839375 0.49437149999999996 0.04125000000000001 0.06566700000000004
17 0.86 0.543152 0.03875000000000006 0.052532000000000044
17 0.8621875 0.587711 0.0318750000000001 0.05159399999999999
17 0.8646875 0.6289865 0.03187499999999999 0.034709000000000025
