18 0.47630900000000004 0.34333300000000005 0.640898 0.59
18 0.349127 0.42 0.521197 0.633333
18 0.546135 0.49 0.850374 0.8
18 0.658354 0.21333299999999997 0.8653370000000001 0.523333
18 0.733167 0.093333 0.935162 0.423333
18 0.783042 0.643333 0.997506 0.9266669999999999
18 0.798005 0.363333 0.997506 0.556667
18 0.8254360000000001 0.063333 0.997506 0.246667
18 0.8304239999999999 0.4466669999999999 0.997506 0.673333
18 0.9251870000000001 0.20333299999999999 0.997506 0.42
18 0.930175 0.87 0.997506 0.996667
