17 0.446875 0.5751635 0.08124999999999999 0.11017700000000001
17 0.32499999999999996 0.5499535 0.048750000000000016 0.08029899999999984
17 0.37906249999999997 0.580299 0.07437500000000002 0.114846
17 0.4128125 0.443511 0.03437499999999999 0.08963600000000002
17 0.4365625 0.452848 0.06187500000000001 0.10084
17 0.4634375 0.479925 0.059374999999999956 0.08216600000000006
17 0.484375 0.3515405 0.06000000000000005 0.11297899999999995
17 0.504375 0.497199 0.05125000000000002 0.10177399999999993
17 0.5231250000000001 0.48179249999999996 0.06500000000000006 0.09337100000000001
17 0.5787500000000001 0.466387 0.05625000000000002 0.101774
17 0.5940624999999999 0.407096 0.07437499999999997 0.07843199999999996
17 0.5987499999999999 0.4701215 0.057499999999999996 0.08683500000000005
17 0.611875 0.515873 0.04625000000000001 0.04388399999999984
