18 0.5325 0.63375 0.84 0.781875
18 0.0 0.320625 0.143333 0.436875
18 0.0 0.428125 0.156667 0.558125
18 0.1475 0.3375 0.31666700000000003 0.43
18 0.18000000000000002 0.21125 0.2775 0.279375
18 0.23 0.264375 0.39583299999999993 0.348125
18 0.2575 0.628125 0.445833 0.776875
18 0.311667 0.385625 0.48500000000000004 0.520625
18 0.36833299999999997 0.15625 0.464167 0.194375
18 0.37083299999999997 0.213125 0.505 0.28125
18 0.48500000000000004 0.404375 0.6675 0.53375
18 0.505 0.190625 0.6375 0.250625
18 0.66 0.386875 0.87 0.469375
18 0.6833329999999999 0.161875 0.7966669999999999 0.236875
18 0.7425 0.295 0.9175 0.38375
18 0.7966669999999999 0.55625 0.999167 0.674375
18 0.858333 0.265625 0.999167 0.353125
18 0.9225 0.3925 0.999167 0.5
