18 0.0 0.704331 0.121875 0.9990579999999999
18 0.0 0.0 0.221875 0.519774
18 0.64 0.43032 0.226875 0.7608289999999999
18 0.045 0.708098 0.369375 0.9990579999999999
18 0.074375 0.196798 0.30625 0.47269300000000003
18 0.19 0.011299 0.368125 0.214689
18 0.215625 0.43032 0.44875 0.7721279999999999
18 0.295 0.179849 0.4975 0.46704300000000004
18 0.3425 0.7608289999999999 0.631875 0.9990579999999999
18 0.365625 0.04049 0.521875 0.225989
18 0.430625 0.38983 0.666875 0.7815439999999999
18 0.49375 0.20056500000000002 0.681875 0.45951000000000003
18 0.524375 0.051789 0.70375 0.239171
18 0.634375 0.7570619999999999 0.90125 0.9990579999999999
18 0.666875 0.42467 0.92 0.803201
18 0.695 0.191149 0.888125 0.49246700000000004
18 0.7125 0.067797 0.885625 0.24105500000000002
18 0.891875 0.007533 0.999375 0.23352199999999995
18 0.8975 0.23352199999999995 0.999375 0.46704300000000004
18 0.90625 0.46327700000000005 0.998125 0.7683620000000001
18 0.90875 0.8917139999999999 0.998125 0.9990579999999999
18 0.91375 0.7645950000000001 0.994375 0.8917139999999999
18 0.9175 0.853107 0.983125 0.9246700000000001
18 0.95 0.9689270000000002 0.999375 0.9990579999999999
18 0.983125 0.8804139999999999 0.999375 0.9500940000000001
