6 0.2009375 0.6379165 0.23605377197265623 0.7266693795572917
6 0.26125 0.7075 0.26661987304687496 0.7157457760416667
6 0.2696875 0.692917 0.2747366333007813 0.7007647643229168
6 0.401875 0.6345835000000001 0.4427325439453125 0.7233407194010417
6 0.5309375000000001 0.5375 0.5926065063476562 0.6684671302083333
6 0.5421875 0.7075 0.5650955200195313 0.7290787760416667
6 0.610625 0.6845835 0.6506536865234375 0.771608615234375
6 0.655625 0.45375000000000004 0.6968597412109375 0.5410761796875
6 0.7765625 0.35041649999999996 0.8017416381835938 0.392876728515625
6 0.7793749999999999 0.4875 0.7986138916015625 0.5426982343749999
6 0.8300000000000001 0.65875 0.884189453125 0.8266422526041666
6 0.8196874999999999 0.2379165 0.8241995239257812 0.25052321289062496
