6 0.41830100000000003 0.6830069999999999 0.7549020000000001 0.9460780000000001
6 0.0 0.604575 0.183007 0.883987
6 0.127451 0.45588199999999995 0.254902 0.748366
6 0.212418 0.54902 0.334967 0.665033
6 0.214052 0.555556 0.482026 0.821895
6 0.23365999999999998 0.40032700000000004 0.374183 0.550654
6 0.235294 0.35784299999999997 0.36274500000000004 0.446078
6 0.29902 0.45424799999999993 0.426471 0.591503
6 0.328431 0.22385599999999997 0.596405 0.428105
6 0.36928099999999997 0.482026 0.694444 0.689542
6 0.388889 0.415033 0.514706 0.52451
6 0.47385600000000005 0.328431 0.5718949999999999 0.41830100000000003
6 0.522876 0.334967 0.645425 0.4722220000000001
6 0.611111 0.364379 0.7663399999999999 0.602941
6 0.624183 0.261438 0.8725489999999999 0.45915
6 0.633987 0.6486930000000001 0.810458 0.794118
6 0.643791 0.591503 0.7630719999999999 0.651961
6 0.730392 0.553922 0.8349670000000001 0.6879079999999999
6 0.7450979999999999 0.446078 0.843137 0.553922
6 0.785948 0.691176 0.941176 0.9673200000000001
6 0.794118 0.69281 0.8643790000000001 0.7957519999999999
6 0.7973859999999999 0.366013 0.9918299999999999 0.6764709999999999
