17 0.4090625 0.5469925000000001 0.28937499999999994 0.4436090000000001
17 0.0 0.6405074999999999 0.06625 0.2791349999999999
17 0.0 0.0 0.215 0.324248
17 0.0678125 0.793703 0.130625 0.2659779999999999
17 0.1796875 0.893797 0.34687500000000004 0.210526
17 0.09468750000000001 0.47227450000000004 0.174375 0.3468050000000001
17 0.264375 0.4530075 0.20875000000000002 0.370301
17 0.2553125 0.775846 0.17312499999999997 0.24529999999999993
17 0.3090625 0.0 0.178125 0.28571399999999997
17 0.4590625 0.38533850000000003 0.188125 0.22744300000000003
17 0.5449999999999999 0.8801690000000001 0.3212499999999999 0.23778199999999997
17 0.48531250000000004 0.0 0.19687499999999997 0.265977
17 0.6390625 0.44501900000000005 0.17937500000000006 0.346804
17 0.6603125000000001 0.7913530000000001 0.19562500000000005 0.32518800000000003
17 0.69625 0.0 0.21375 0.287594
17 0.8043750000000001 0.569549 0.2975 0.43421
17 0.8234375 0.30498100000000006 0.186875 0.18891
17 0.85375 0.0 0.14250000000000007 0.23120300000000005
17 0.953125 0.39849599999999996 0.09250000000000003 0.38721800000000006
17 0.95375 0.8204885000000001 0.09125000000000005 0.3571430000000001
