4 0.364407 0.5384375 0.4552081073529411 0.6025991821289063
4 0.0 0.2628125 0.043315 0.3059933471679688
4 0.0 0.15437499999999998 0.071563 0.1798492431640625
4 0.0 0.33187500000000003 0.12805999999999998 0.3740509033203125
4 0.0 0.5340625 0.9990579999999999 0.9988534545898438
4 0.069209 0.1978125 0.13360822205882353 0.23105682373046876
4 0.07674199999999999 0.0 0.12041414411764706 0.046875
4 0.245292 0.0 0.3696962764705883 0.10625
4 0.388418 0.915 0.48530479705882357 0.9828564453125
4 0.5993404999999999 0.0 0.8399846169117646 0.1475
4 0.824859 0.49812500000000004 0.9196909720588237 0.5545135498046876
