6 0.023333000000000003 0.326875 0.2625 0.499375
6 0.041667 0.53375 0.23916700000000002 0.68375
6 0.06666699999999999 0.74375 0.328333 0.94875
6 0.148333 0.58125 0.46 0.77625
6 0.16 0.121875 0.4175 0.3525
6 0.173333 0.085625 0.341667 0.23625
6 0.240833 0.42625 0.5966670000000001 0.62125
6 0.303333 0.74875 0.649167 0.999375
6 0.380833 0.07375 0.5966670000000001 0.2875
6 0.41 0.26875 0.629167 0.444375
6 0.4875 0.60875 0.7158329999999999 0.7775
6 0.558333 0.434375 0.704167 0.610625
6 0.560833 0.10125 0.708333 0.275625
6 0.604167 0.2875 0.751667 0.455
6 0.660833 0.751875 0.854167 0.909375
6 0.676667 0.125 0.943333 0.308125
6 0.7225 0.448125 0.931667 0.596875
6 0.759167 0.2875 0.9775 0.444375
6 0.7675 0.569375 0.9866670000000001 0.75375
6 0.8408329999999999 0.745625 0.999167 0.923125
