0 0.69125 0.154167 0.7993249511718751 0.29146626171875
0 0.0 0.8679165000000001 0.07875 0.984702900390625
0 0.0 0.3741665 0.0825 0.4803458040364583
0 0.0 0.9633335000000001 0.10625 0.9979126595052085
0 0.0 0.6575000000000001 0.213125 0.8466438802083333
0 0.0 0.0 0.244375 0.269167
0 0.146875 0.315833 0.2623565673828125 0.46542175911458333
0 0.2884375 0.7633335 0.4909683227539063 0.998173076171875
0 0.36562500000000003 0.2770835 0.5758929443359375 0.5288062141927083
0 0.26625 0.0 0.337239990234375 0.193333
0 0.3728125 0.5875 0.49463592529296874 0.6917350260416667
0 0.4290625 0.0 0.5527059936523437 0.13
0 0.505625 0.85125 0.6001312255859375 0.9980586015625
0 0.5534375 0.16166700000000003 0.6207095336914062 0.30895649609375003
0 0.6065625 0.44250000000000006 0.7200326538085937 0.621923828125
0 0.6634375 0.6970835000000001 0.8287271118164062 0.9865923391927085
0 0.7746875 0.77375 0.8998684692382812 0.9981595130208335
0 0.794375 0.284583 0.8954742431640625 0.43046244921874993
0 0.8731249999999999 0.4583335 0.9985223388671876 0.6919032115885417
0 0.8809374999999999 0.0 0.9985147094726563 0.35333299999999995
0 0.9434374999999999 0.82125 0.9984536743164063 0.9780976640625001
