13 0.096 0.25 0.11490625 0.2756744791666667
13 0.1905 0.6246665 0.20581396484375 0.6445196321614585
13 0.24 0.3233335 0.257765625 0.3502459928385417
13 0.2715 0.5366665 0.27773486328125 0.5446342154947916
13 0.345 0.5446665 0.35266308593749995 0.555290798828125
13 0.39849999999999997 0.2806665 0.41561083984374997 0.300967548828125
13 0.402 0.2453335 0.414607421875 0.26634755533854165
13 0.4515 0.3873335 0.46355908203125 0.4034956595052084
13 0.4585 0.20133350000000003 0.47755224609374997 0.22240484700520835
13 0.45799999999999996 0.48600000000000004 0.47555273437499995 0.5007001875
13 0.46599999999999997 0.344667 0.483544921875 0.37021821484375
13 0.495 0.38999999999999996 0.5015166015625 0.41415918749999997
13 0.5125 0.328 0.52549951171875 0.34890591666666665
13 0.5635 0.291333 0.57344970703125 0.31695366015625
13 0.611 0.512667 0.6274033203125 0.5379994648437499
13 0.626 0.3866665 0.640388671875 0.40349652799479174
13 0.6305000000000001 0.346667 0.64738427734375 0.3702156106770833
13 0.635 0.6739999999999999 0.6433798828125 0.6911223958333332
13 0.6565000000000001 0.47000000000000003 0.66835888671875 0.4953880208333333
13 0.676 0.6759999999999998 0.68333984375 0.6911197916666665
13 0.687 0.7406665 0.6963291015624999 0.7550355904947916
