17 0.133301 0.623047 0.1590498232421875 0.6671577408854166
17 0.1337895 0.5286460000000001 0.15709634619140625 0.5709266588541667
17 0.13916 0.7291669999999999 0.16490310156250002 0.7776965638020833
17 0.13915999999999998 0.8229165000000002 0.16295010156249998 0.8609074941406251
17 0.147461 0.378255 0.1756369951171875 0.42138248046875
17 0.148926 0.277995 0.174659564453125 0.32515902734375
17 0.149414 0.1796875 0.17563508789062499 0.2276310319010417
17 0.19726549999999998 0.529297 0.22344035791015626 0.5709258111979166
17 0.19775399999999999 0.8242189999999999 0.223439880859375 0.8687187981770834
17 0.2001955 0.628255 0.22734349658203123 0.6723589596354168
17 0.199707 0.7272135 0.2234379736328125 0.7685841074218751
17 0.21679700000000002 0.2734375 0.24392928417968748 0.32125896158854167
17 0.21875 0.37630199999999997 0.243927376953125 0.4213850234375
17 0.2192385 0.176432 0.24392689990234376 0.22372827083333333
17 0.25732449999999996 0.7291669999999999 0.28588170654296874 0.7724885638020833
17 0.2578125 0.5325525 0.28197522998046876 0.572223572265625
17 0.2597655 0.625651 0.2858793227539062 0.6671543502604167
17 0.261719 0.8235679999999999 0.28587741503906244 0.8661156458333332
17 0.305664 0.3704425 0.3336855 0.4213926529947916
17 0.306641 0.275391 0.3356385458984375 0.32125641796875
17 0.31152350000000006 0.17773399999999998 0.33856277783203126 0.22242457552083336
17 0.31933600000000006 0.529297 0.3463681484375 0.5709258111979166
17 0.3203125 0.6282555 0.34441419482421876 0.6671509589843749
17 0.32324250000000004 0.7291665000000002 0.3463643334960938 0.768581564453125
17 0.324707 0.8229165000000002 0.3492919033203125 0.859605494140625
17 0.3735355 0.2734375 0.4019792192382812 0.3238629615885416
17 0.377441 0.374349 0.4049044052734375 0.42138756640625
17 0.38183600000000006 0.17513 0.40880711328125 0.21852196614583333
17 0.5263675 0.2890625 0.5541739692382812 0.3303526165364583
17 0.5278320000000001 0.39127599999999996 0.5571015390625 0.4356885260416666
17 0.5273435 0.20052100000000003 0.5551490161132813 0.23411390494791665
17 0.5356445 0.5768225 0.5609999096679688 0.6320609290364584
17 0.5361325 0.7070310000000001 0.5590464331054688 0.76861038671875
17 0.6069335 0.203125 0.6331962915039063 0.23801651432291668
17 0.607422 0.2936195 0.633195814453125 0.3329506829427083
17 0.6103514999999999 0.3919270000000001 0.6361229536132812 0.4317816783854167
17 0.6118165 0.7128905 0.6370975229492187 0.7646967571614584
17 0.6123049999999999 0.5768225 0.6341680458984374 0.6320609290364584
17 0.6884765 0.3984375 0.7161246596679688 0.44218920117187493
17 0.686035 0.19987 0.7092910439453125 0.24322975260416668
17 0.6875 0.5768225 0.7122196132812499 0.6320609290364584
17 0.6894530000000001 0.294271 0.7131937060546876 0.33815883463541674
17 0.690918 0.7148435000000001 0.716122275390625 0.7646942141927083
17 0.7602535 0.7115885 0.7863665649414063 0.7633964524739584
17 0.763672 0.29947949999999995 0.7892932265625 0.33945405273437496
17 0.765137 0.5729164999999999 0.7922217958984374 0.6242540149739583
17 0.7626955 0.2076825 0.7853881801757813 0.24712558007812502
17 0.7646485000000001 0.395182 0.7892922729492188 0.44089144010416675
