6 0.29875 0.623333 0.399375 0.7658330000000001
6 0.0525 0.454167 0.17 0.6025
6 0.09 0.265 0.179375 0.390833
6 0.13 0.36833299999999997 0.228125 0.513333
6 0.16 0.484167 0.2525 0.615
6 0.4075 0.0 0.489375 0.0375
6 0.409375 0.640833 0.50625 0.7766670000000001
6 0.489375 0.0 0.59125 0.10666700000000001
6 0.5075 0.6975000000000001 0.6225 0.821667
6 0.52 0.809167 0.63125 0.9416670000000001
6 0.538125 0.06166699999999999 0.619375 0.180833
6 0.6775 0.3975 0.768125 0.504167
6 0.693125 0.265 0.771875 0.3875
6 0.745 0.330833 0.845625 0.45249999999999996
6 0.758125 0.450833 0.85875 0.589167
