8 0.0840625 0.6758335 0.151875 0.06833299999999998
8 0.09125 0.6008330000000001 0.15875 0.06999999999999999
8 0.13 0.530417 0.15875 0.07749999999999997
8 0.35343749999999996 0.2658335 0.04812500000000003 0.06166700000000003
8 0.3959375 0.262917 0.05312499999999998 0.07750000000000001
8 0.4575 0.26125 0.07750000000000001 0.07749999999999997
8 0.6809375 0.7549999999999999 0.13437500000000002 0.1550000000000001
8 0.736875 0.72125 0.10999999999999999 0.12916599999999998
8 0.7390625 0.320417 0.06437499999999996 0.07750000000000001
8 0.7640625 0.3812499999999999 0.10187499999999994 0.06916599999999999
8 0.7653125000000001 0.34 0.06562499999999993 0.05166599999999999
8 0.791875 0.6941665 0.07000000000000006 0.053333
8 0.7965625000000001 0.38291650000000005 0.055624999999999925 0.08583300000000005
