11 0.234375 0.0 0.3091461181640625 0.16916699999999998
11 0.0 0.0 0.03125 0.041667
11 0.1415625 0.0891665 0.18361175537109375 0.16738389778645835
11 0.168125 0.2720835 0.2285858154296875 0.339645724609375
11 0.2371875 0.195833 0.28664337158203124 0.22557800911458337
11 0.343125 0.35791649999999997 0.3859149169921875 0.42203396289062506
11 0.438125 0.36541700000000005 0.4920721435546875 0.4336911966145834
11 0.4425 0.9683335 0.48394287109375 0.9979061490885418
11 0.4959375 0.17375 0.5432656860351562 0.22977376302083333
11 0.5334375 0.20375000000000001 0.5626040649414062 0.24973470052083332
11 0.61625 0.9345835 0.638773193359375 0.9737830944010416
11 0.8065625000000001 0.61625 0.9985873413085937 0.8525305911458333
11 0.75125 0.111667 0.806766357421875 0.18652160026041664
11 0.95625 0.0 0.9984411621093751 0.060833000000000005
11 0.9768749999999999 0.3104165 0.9984210205078126 0.38209581184895836
