11 0.68625 0.7055974999999999 0.7584968339843751 0.7892072175283733
11 0.515 0.121636 0.5778300703125 0.1989856128625473
11 0.625833 0.5296015000000001 0.6877218349609375 0.6107421544766709
11 0.7929165 0.63563 0.8550586674804687 0.7107164489281211
11 0.8 0.8740585000000001 0.86005175 0.9547647824716267
11 0.849583 0.44187300000000007 0.9100033291015625 0.5150507831021438
11 0.8674999999999999 0.20021499999999998 0.9299858320312501 0.27531252206809587
11 0.8904164999999999 0.7787945000000001 0.9499634526367188 0.8569299136191678
11 0.9183335 0.949408 0.9766031899414063 0.997726764186633
11 0.9375 0.57535 0.99575147265625 0.6483594640605298
