6 0.0 0.717167 0.015 0.7381619751098096
6 0.0 0.683865 0.023125 0.6978727335285505
6 0.0 0.37242000000000003 0.21375 0.49101172913616403
6 0.0696875 0.7218574999999999 0.13305694580078126 0.8169541076134699
6 0.1715625 0.5914634999999999 0.18045745849609376 0.6154570212298682
6 0.22468749999999998 0.0 0.23540557861328126 0.018762
6 0.2328125 0.9887429999999999 0.24664764404296877 0.9976143528550514
6 0.2528125 0.0 0.26475311279296876 0.022514
6 0.2603125 0.9807695000000002 0.26974578857421877 0.9976260270863838
6 0.3284375 0.0 0.3965542602539062 0.130394
6 0.2859375 0.977955 0.29659576416015626 0.9976301478770133
6 0.5846875 0.0 0.6538040161132813 0.130394
6 0.830625 0.32833 0.9160638427734374 0.43760528257686676
6 0.9409375 0.7312385 0.9984561157226562 0.8216313726207907
6 0.955625 0.533302 0.9715667724609375 0.5526901771595901
6 0.98375 0.5703565000000002 0.998414306640625 0.5910969245973646
