6 0.033125 0.3095685 0.0543426513671875 0.353205751830161
6 0.1846875 0.7875235000000002 0.22669464111328125 0.8778339641288435
6 0.2425 0.11913699999999999 0.27288818359375 0.15367156808199123
6 0.33875 0.7931515 0.44091918945312497 0.9932097240117128
6 0.29718750000000005 0.26594749999999995 0.33720977783203127 0.3223126185944363
6 0.36375 0.432927 0.41526977539062504 0.5762891390922401
6 0.68375 0.0 0.8924572753906249 0.501876
6 0.7831250000000001 0.7903374999999999 0.8579852294921875 0.9144148440702782
6 0.7721875 0.7110695 0.8317459106445313 0.752241902635432
6 0.8065625000000001 0.0 0.8935873413085937 0.202627
6 0.8215625 0.8799250000000001 0.8535726928710937 0.9152216764275258
6 0.9340625 0.28001899999999996 0.9984628295898438 0.3748250161054173
6 0.9828125000000001 0.8311445 0.9984152221679687 0.872141097364568
