0 0.380625 0.1616825 0.3958782958984375 0.1866799671532847
0 0.41125 0.0897195 0.428348388671875 0.11014902262773722
0 0.411875 0.174766 0.4270977783203125 0.20348286715328467
0 0.4375 0.18878499999999998 0.45082275390625 0.20720140145985402
0 0.44 0.0588785 0.4545703125 0.07655004598540145
0 0.44937499999999997 0.0981305 0.4658111572265625 0.11013674379562044
0 0.4575 0.0 0.47955322265625 0.041121
0 0.4525 0.16168200000000002 0.46705810546875004 0.17733396788321168
0 0.463125 0.056075 0.4820477294921875 0.07842313868613138
0 0.46875 0.19158900000000004 0.488292236328125 0.2109353080291971
0 0.4875 0.05794400000000001 0.50577392578125 0.07281241021897811
0 0.489375 0.1700935 0.5020220947265625 0.18853668832116788
0 0.49687499999999996 0.20373850000000002 0.5120147705078124 0.22026357153284673
0 0.494375 0.0 0.5057672119140625 0.042991
0 0.51625 0.1766355 0.5332458496093749 0.18852713795620438
0 0.515625 0.0635515 0.5294964599609375 0.07654322408759123
0 0.528125 0.19345800000000002 0.5482342529296874 0.21467057956204386
0 0.524375 0.044859500000000004 0.5369879150390625 0.06161651167883213
0 0.5331250000000001 0.1654205 0.5444793701171875 0.1773285102189781
0 0.541875 0.1093455 0.5582208251953125 0.1306813715328467
0 0.548125 0.062617 0.5682147216796875 0.08215158832116788
0 0.5531250000000001 0.035514 0.5707098388671875 0.05976115474452555
0 0.5700000000000001 0.19345800000000002 0.585693359375 0.21467057956204386
0 0.5706249999999999 0.2233645 0.5819427490234376 0.2426649204379562
0 0.589375 0.055139999999999995 0.6119244384765625 0.08776950364963504
0 0.59625 0.2168225 0.613167724609375 0.23706647080291968
0 0.598125 0.0 0.6131658935546875 0.031776
0 0.623125 0.1878505 0.6381414794921876 0.19598776569343065
0 0.63 0.22523400000000002 0.645634765625 0.2426621912408759
0 0.635 0.135514 0.6418798828125 0.13998916934306566
0 0.6675 0.2168225 0.68559814453125 0.2351974708029197
0 0.6856249999999999 0.14579450000000002 0.6993304443359375 0.1549271613138686
0 0.7075 0.22523349999999998 0.72430908203125 0.25013819197080295
0 0.713125 0.15327150000000003 0.7205535888671875 0.15865524598540146
0 0.723125 0.21401900000000004 0.7292938232421875 0.22959456350364965
0 0.749375 0.1523365 0.7655181884765625 0.1717406109489051
