0 0.5814499999999999 0.8184374999999999 0.7505569264705881 0.8998257446289063
0 0.3027305 0.635 0.4618898080882353 0.7025048828125
0 0.303672 0.7340625000000001 0.4590634235294118 0.8480331420898437
0 0.5061205000000001 0.17375000000000002 0.801515705147059 0.31170532226562503
0 0.5047079999999999 0.5856250000000001 0.6310847823529412 0.6431781005859375
0 0.564972 0.460625 0.7468151588235294 0.5414251708984374
0 0.514124 0.3496875 0.6395449352941176 0.41403350830078123
0 0.525424 0.681875 0.6159883176470589 0.7330841064453125
0 0.665725 0.6246875 0.7730319926470589 0.6943899536132812
0 0.672316 0.39156250000000004 0.7730223 0.4296176147460937
0 0.7283424999999999 0.76125 0.862393908088235 0.830506591796875
0 0.746234 0.35750000000000004 0.8416525970588237 0.38715087890625
0 0.789077 0.5015625 0.9037355926470587 0.5676351928710938
0 0.7933144999999999 0.6675 0.9065543610294118 0.71809814453125
0 0.8573445000000001 0.41625 0.965782199264706 0.465218505859375
