11 0.311875 0.49208349999999995 0.3315704345703125 0.5318592662760416
11 0.3696875 0.557083 0.41026397705078127 0.5776076315104167
11 0.3403125 0.5279165 0.34716766357421874 0.5393126087239584
11 0.40718750000000004 0.45125 0.4164773559570312 0.4702454348958333
11 0.4253125 0.4658335 0.43458465576171873 0.46939344596354166
11 0.4265625 0.44708299999999995 0.43458343505859376 0.45775086067708326
11 0.4509375 0.45375000000000004 0.46205963134765626 0.4727421796875
11 0.4734375 0.455417 0.48391265869140626 0.4710740091145833
11 0.5431250000000001 0.445 0.5613446044921875 0.4510875729166666
11 0.7003125 0.455417 0.7068161010742188 0.4685740091145833
