11 0.0 0.670073 0.032227 0.7085107912408759
11 0.0 0.32043799999999995 0.03418 0.35135720729927006
11 0.027832000000000003 0.6992705 0.049777820312500005 0.7230671671532847
11 0.043457 0.6364965 0.0653875615234375 0.6706038080291971
11 0.050293000000000004 0.5832115 0.07123988574218751 0.6093675963503649
11 0.1293945 0.836496 0.22448263818359376 0.9549828379562045
11 0.127441 0.9700730000000002 0.1463595458984375 0.9942038350364966
11 0.151855 0.9839415 0.17074970410156248 0.9971035890510949
11 0.19335950000000002 0.649635 0.21465517236328124 0.6691246277372261
11 0.24804649999999998 0.9262775 0.2624527670898437 0.9402537700729927
11 0.270996 0.9554745000000001 0.28879735546874996 0.9752471467153284
11 0.33935550000000003 0.6437959999999999 0.3609965981445313 0.6735131518248174
11 0.35009749999999995 0.6970805 0.3717281079101562 0.7230703642335766
11 0.37353500000000006 0.6737225000000001 0.39221321972656253 0.7055854635036497
11 0.421875 0.089051 0.4351350126953125 0.121037998540146
11 0.4570315 0.13503600000000002 0.4800226801757812 0.16476586715328467
11 0.4711915 0.520438 0.4927038520507813 0.5569042364963503
11 0.4921875 0.47007299999999996 0.5131913481445313 0.5058827620437956
11 0.5112304999999999 0.5284675000000001 0.5375867514648437 0.5627325145985402
11 0.548828 0.8065690000000001 0.56098703515625 0.8353185270072992
11 0.5585935 0.8941605000000001 0.5795324985351562 0.9213226562043797
11 0.5654295 0.9270070000000001 0.5863618227539062 0.9548507051094892
11 0.57666 0.0744525 0.5990458554687501 0.1064603102189781
11 0.585449 0.8043794999999999 0.5951312724609374 0.8324027233576643
11 0.611328 0.338686 0.631239 0.3703085678832117
11 0.616699 0.1051095 0.6400227548828125 0.13415355547445254
11 0.626465 0.26569349999999997 0.6497792177734374 0.30326212627737226
11 0.647949 0.34598500000000004 0.6702652373046875 0.3746769124087592
11 0.6606445 0.24525550000000002 0.6731828393554687 0.2770139627737226
11 0.6845705 0.7620439999999999 0.7053864741210938 0.7930485270072993
11 0.6884764999999999 0.159854 0.7122186596679687 0.1924676364963504
11 0.693848 0.7 0.7141664140624999 0.731825102189781
11 0.6972659999999999 0.291241 0.7141630761718749 0.32220283065693434
11 0.7197264999999999 0.3138685 0.7405081420898437 0.34552679781021894
11 0.7216795 0.7489049999999999 0.7444122348632812 0.785767708029197
11 0.734375 0.11094899999999999 0.7580718369140625 0.1502030306569343
11 0.770508 0.691241 0.7892865507812501 0.723078889051095
11 0.7988284999999999 0.6970805 0.8126968940429687 0.7332893642335765
11 0.8217775 0.7430654999999999 0.8390414829101562 0.7697182328467154
11 0.854004 0.5343065 0.87514301171875 0.5627239905109489
11 0.8530275 0.16131350000000003 0.8692839653320312 0.17494650583941607
11 0.9018555 0.47591200000000006 0.9229472817382813 0.5058742379562043
11 0.9345705 0.49197050000000003 0.9610013334960937 0.526288794890511
11 0.9360355 0.313869 0.9600239028320312 0.33384879708029197
