6 0.0209375 0.554581 0.041875 0.10981200000000002
6 0.04656249999999999 0.397986 0.049374999999999995 0.06302800000000007
6 0.1034375 0.35899949999999997 0.06062500000000001 0.094217
6 0.3040625 0.237817 0.33062499999999995 0.475634
6 0.3296875 0.711176 0.36812500000000004 0.5763479999999999
6 0.6950000000000001 0.25730949999999997 0.2300000000000001 0.362573
6 0.8084375 0.4649120000000001 0.38187499999999996 0.7712800000000001
6 0.815 0.308967 0.04625000000000001 0.046134000000000036
6 0.8296875 0.2722545 0.03562500000000002 0.02729099999999993
6 0.9121874999999999 0.5409355 0.17437500000000006 0.6192330000000001
