10 0.39125 0.7012194999999999 0.0625 0.10975699999999988
10 0.45218749999999996 0.631332 0.06687499999999996 0.08818000000000002
10 0.46499999999999997 0.704503 0.06624999999999998 0.06566599999999999
10 0.5171875 0.7565665 0.080625 0.11538500000000007
10 0.5240625 0.9652910000000002 0.06437500000000002 0.06754199999999994
10 0.5990625 0.9371485 0.08562499999999995 0.12382700000000019
10 0.66125 0.4863974999999999 0.09000000000000008 0.12101300000000001
10 0.6746875000000001 0.6697934999999999 0.083125 0.135085
10 0.8200000000000001 0.8316135 0.061249999999999916 0.12664100000000003
10 0.8959375 0.7556285 0.1293749999999999 0.18292699999999984
