0 0.7309375 0.6309625 0.8211611938476563 0.7263722124183006
0 0.0 0.802929 0.061875 0.9688254196078432
0 0.0 0.272803 0.090625 0.3101033947712418
0 0.083125 0.227197 0.1261688232421875 0.2758540104575164
0 0.270625 0.8899579999999999 0.4222357177734375 0.9979996562091503
0 0.18562499999999998 0.6514645 0.2160687255859375 0.7213244124183007
0 0.30843750000000003 0.21673650000000003 0.36907379150390623 0.2691726843137255
0 0.274375 0.12552300000000002 0.29973205566406247 0.15548491764705882
0 0.353125 0.0368205 0.3965301513671875 0.06271386862745099
0 0.3934375 0.189958 0.4564907836914062 0.25498168888888895
0 0.4371875 0.04518849999999999 0.48394805908203126 0.07609193006535947
0 0.4596875 0.14686149999999998 0.5083010864257813 0.19311302418300652
0 0.5059374999999999 0.8418409999999998 0.5801309204101562 0.8951335542483659
0 0.486875 0.20795 0.5313995361328124 0.2482641699346405
0 0.53625 0.922594 0.626351318359375 0.9979569947712418
0 0.5425 0.6238495 0.58634521484375 0.7004395104575164
0 0.6421874999999999 0.7456064999999998 0.7343728637695313 0.8642973509803921
0 0.6675 0.9418410000000002 0.71747314453125 0.9895638352941178
0 0.781875 0.8531380000000001 0.8911114501953125 0.9796377869281048
0 0.803125 0.05397500000000001 0.8485906982421875 0.08863244444444447
0 0.82125 0.20627599999999996 0.881072998046875 0.2415713581699346
0 0.8571875 0.7004184999999999 0.9166629028320312 0.753896420261438
0 0.89625 0.15815900000000002 0.943499755859375 0.20899825620915033
0 0.9315625000000001 0.8728035000000002 0.9984652709960937 0.9796120803921569
0 0.9553125 0.1686195 0.9984420776367188 0.21567958235294116
0 0.959375 0.4974895 0.9953131103515624 0.5734086869281045
