0 0.060312500000000005 0.3225 0.11431610107421876 0.372913078125
0 0.07062500000000001 0.4191665 0.1143060302734375 0.46445421028645834
0 0.2025 0.7125 0.29292724609375004 0.788239265625
0 0.22375 0.09208350000000003 0.270406494140625 0.17404709960937503
0 0.24000000000000002 0.16 0.292890625 0.23895866666666668
0 0.31656249999999997 0.49833299999999997 0.36719085693359377 0.60018412890625
0 0.364375 0.8941665 0.40464416503906253 0.9688357207031251
0 0.374375 0.4870835 0.41525939941406254 0.6035327766927084
0 0.39875 0.8133335 0.444610595703125 0.8931079720052084
0 0.5040625000000001 0.23958349999999998 0.5651327514648438 0.3288550423177083
0 0.6021875000000001 0.61 0.6381619262695313 0.6833727291666666
0 0.7965625000000001 0.4066665 0.8267221069335937 0.457803486328125
0 0.8121875000000001 0.7104165 0.8423318481445312 0.777407978515625
0 0.850625 0.7324999999999999 0.8910443115234374 0.8073792239583333
0 0.8565625 0.37708350000000007 0.8822885131835938 0.41617600585937503
