18 0.021242 0.348039 0.187909 0.498366
18 0.0 0.0 0.053922000000000005 0.086601
18 0.0 0.50817 0.055555999999999994 0.627451
18 0.10784300000000001 0.0 0.19280999999999998 0.055555999999999994
18 0.140523 0.26634 0.263072 0.385621
18 0.197712 0.0 0.30392199999999997 0.119281
18 0.320261 0.047386000000000005 0.410131 0.150327
18 0.48692799999999997 0.08169900000000001 0.570261 0.168301
18 0.607843 0.089869 0.686275 0.181373
18 0.612745 0.892157 0.789216 0.998366
18 0.728758 0.718954 0.8986930000000001 0.846405
18 0.7320260000000001 0.127451 0.8169930000000001 0.214052
18 0.80719 0.560458 0.960784 0.70098
18 0.8611110000000001 0.143791 0.9673200000000001 0.25
18 0.8660129999999999 0.446078 0.985294 0.576797
