0 0.289226 0.6114105000000001 0.186532 0.26504900000000003
0 0.0 0.38948750000000004 0.022896 0.15363899999999997
0 0.0 0.8054809999999999 0.108418 0.24348599999999992
0 0.0 0.5876009999999999 0.138047 0.2174299999999999
0 0.093266 0.38858950000000003 0.151516 0.19317100000000004
0 0.460943 0.5880505 0.5838380000000001 0.671159
0 0.8703704999999999 0.35220099999999993 0.17037099999999994 0.21742999999999996
0 0.8959595 0.560647 0.18383900000000009 0.249776
0 0.9084175000000001 0.792902 0.18181900000000006 0.25606400000000007
0 0.9781145 0.342767 0.042425000000000046 0.20575
