8 0.066875 0.357798 0.055 0.05004200000000003
8 0.0809375 0.442869 0.058125 0.05838200000000008
8 0.1434375 0.381151 0.10312500000000001 0.12010000000000003
8 0.1765625 0.563386 0.10187500000000002 0.12760599999999997
8 0.18375 0.30608799999999997 0.05375000000000002 0.05671399999999993
8 0.2265625 0.5179315 0.05937499999999998 0.09841500000000007
8 0.26875 0.346539 0.07249999999999998 0.06588800000000006
8 0.3190625 0.5145955 0.12937499999999996 0.15012499999999998
8 0.34375 0.6013345000000001 0.11875000000000002 0.161801
8 0.32625 0.41909900000000005 0.06874999999999998 0.06588800000000002
8 0.400625 0.5658880000000001 0.08750000000000002 0.12593799999999997
8 0.5003125 0.41576299999999994 0.21312500000000006 0.12426999999999995
8 0.6540625 0.4620515 0.40687500000000004 0.2035029999999999
8 0.5118750000000001 0.4899915000000001 0.12 0.12760700000000003
8 0.6371875 0.705171 0.10187499999999994 0.13427800000000012
8 0.7503124999999999 0.682235 0.12687499999999996 0.1651380000000001
8 0.84625 0.620517 0.15625 0.216848
