10 0.051875 0.4277675 0.10375 0.22889300000000004
10 0.1871875 0.4643525 0.17062500000000003 0.247655
10 0.16875 0.8836774999999999 0.0925 0.159475
10 0.2296875 0.14212049999999998 0.18312499999999998 0.272983
10 0.2215625 0.9465290000000001 0.130625 0.1050660000000002
10 0.4915625 0.28986850000000003 0.09187499999999998 0.08255099999999999
10 0.5309375000000001 0.2518765 0.073125 0.09662299999999999
10 0.600625 0.6988745 0.09750000000000003 0.16322700000000007
10 0.62375 0.24906200000000003 0.14375000000000004 0.16041200000000003
10 0.6865625 0.782833 0.130625 0.21107000000000012
10 0.81125 0.796435 0.11124999999999996 0.1726079999999998
10 0.9456249999999999 0.47889299999999996 0.10750000000000004 0.231708
10 0.9775 0.18527200000000002 0.04375000000000007 0.11350800000000003
