17 0.0703125 0.554878 0.140625 0.4211999999999999
17 0.083125 0.2059095 0.16625 0.316135
17 0.0865625 0.8977485 0.173125 0.2026270000000001
17 0.0928125 0.0365855 0.185625 0.073171
17 0.253125 0.3972795 0.265 0.3949349999999999
17 0.2625 0.7856474999999999 0.25625 0.3818009999999999
17 0.279375 0.10881800000000001 0.24875 0.21763600000000002
17 0.48343749999999996 0.6135085 0.28562499999999996 0.42776700000000006
17 0.473125 0.924484 0.25499999999999995 0.1491560000000002
17 0.505 0.21810549999999998 0.25125 0.35928699999999997
17 0.518125 0.04737349999999999 0.21874999999999994 0.09474699999999998
17 0.7071875000000001 0.38789900000000005 0.26937500000000003 0.43245799999999995
17 0.7140625 0.825516 0.275625 0.3470920000000001
17 0.7628125 0.129925 0.2906249999999999 0.25985
17 0.9096875 0.585835 0.17937500000000006 0.42119999999999996
17 0.9103125000000001 0.9052535 0.17812499999999998 0.18761700000000006
17 0.9353125 0.20497199999999996 0.12812500000000004 0.35553399999999996
