11 0.16162100000000001 0.7942709999999998 0.32324200000000003 0.408854
11 0.1621095 0.7942709999999998 0.324219 0.408854
11 0.1660155 0.248047 0.332031 0.496094
11 0.1689455 0.2552085 0.337891 0.510417
11 0.4677735 0.5989585 0.402343 0.5781249999999999
11 0.470703 0.5976564999999999 0.40039 0.578125
11 0.487793 0.1165365 0.41308599999999995 0.233073
11 0.49169949999999996 0.121745 0.4150389999999999 0.24349
11 0.41845699999999997 0.9700519999999999 0.21972600000000003 0.0572919999999999
11 0.41699200000000003 0.9746095 0.20898400000000006 0.04817700000000006
11 0.7978514999999999 0.3352865 0.402343 0.566407
11 0.799316 0.33658849999999996 0.39941399999999994 0.571615
11 0.800781 0.8255209999999998 0.39648399999999995 0.346354
11 0.800781 0.8294269999999999 0.39648399999999995 0.3385419999999999
