10 0.1309375 0.1494445 0.22237213134765627 0.2652965477430556
10 0.174375 0.458889 0.3029547119140625 0.6080923177083333
10 0.20468750000000002 0.2494445 0.3085501098632813 0.34734493663194443
10 0.193125 0.8688889999999999 0.2610614013671875 0.9973805121527778
10 0.3378125 0.8061114999999999 0.39779510498046877 0.9241565008680553
10 0.37906249999999997 0.0 0.44525482177734377 0.226667
10 0.421875 0.3983335 0.5002130126953125 0.5748644487847223
10 0.4359375 0.6672220000000001 0.48332427978515624 0.7699526284722222
10 0.5 0.178889 0.57326171875 0.3452454288194444
10 0.53125 0.062778 0.613856201171875 0.11766901041666666
10 0.5365625 0.5516665000000001 0.5832260131835938 0.6201532456597222
10 0.5762499999999999 0.8505555 0.656312255859375 0.9629673411458334
10 0.70625 0.2016665 0.8049353027343751 0.3496498845486111
10 0.8062499999999999 0.8438889999999999 0.897337646484375 0.9407569149305554
10 0.8246875 0.6399360000000001 0.9135696411132813 0.214445
10 0.8684375 0.3494445 0.9572769165039062 0.5082823255208333
10 0.85625 0.6833329999999999 0.926663818359375 0.7810356579861111
