16 0.0 0.596154 0.054375 0.126642
16 0.05375 0.7893994999999999 0.10375 0.26360300000000014
16 0.052812500000000005 0.6252345000000001 0.096875 0.18855500000000003
16 0.11937500000000001 0.608349 0.03875000000000001 0.11350800000000007
16 0.17906249999999999 0.9301125000000001 0.14437499999999998 0.12101300000000018
16 0.1978125 0.6923075 0.15187499999999998 0.2551590000000001
16 0.3096875 0.9263605000000001 0.185625 0.145403
16 0.3353125 0.7317075000000001 0.16562500000000002 0.22514100000000006
16 0.4346875 0.848499 0.143125 0.3011260000000001
16 0.41874999999999996 0.7106005 0.09125 0.1360229999999998
16 0.548125 0.7471855000000001 0.04749999999999999 0.13602300000000014
16 0.6128125 0.6674485 0.11312500000000003 0.1697929999999999
16 0.6178125 0.8592870000000001 0.08937499999999998 0.15384599999999984
16 0.6799999999999999 0.8039400000000001 0.10124999999999995 0.16885599999999998
16 0.7159375 0.6285175000000002 0.13187499999999996 0.16135100000000002
16 0.7746875 0.8696060000000001 0.08562499999999995 0.1500940000000001
16 0.836875 0.7434329999999999 0.11249999999999993 0.17167000000000007
