4 0.20669949999999998 0.5743465 0.38541914501953123 0.7200271147460937
4 0.12581699999999998 0.22222199999999998 0.23353713183593747 0.328213986328125
4 0.21895399999999998 0.09885650000000001 0.318413177734375 0.17637446044921876
4 0.2826795 0.272059 0.3673709458007813 0.3559433173828125
4 0.468954 0.0800655 0.569803037109375 0.14371281103515626
4 0.49509800000000004 0.268791 0.592653505859375 0.3494105087890625
4 0.5784315 0.13480399999999998 0.6644681254882813 0.20738435546874998
4 0.773693 0.8039215 0.9976104404296875 0.9599989204101562
4 0.6650325 0.23529450000000002 0.7509845541992187 0.30205822021484374
4 0.7026145 0.0596405 0.7868958530273438 0.10451675732421875
4 0.7287585 0.117647 0.7999423217773437 0.1551141103515625
4 0.8218955 0.4158495 0.9354723676757812 0.5012278969726562
4 0.85866 0.1821895 0.9697494648437499 0.22858008056640625
4 0.9101305 0.1151965 0.9974772006835937 0.18616250341796875
