0 0.7340625000000001 0.8795835 0.8380331420898437 0.998854708984375
0 0.0 0.49041699999999994 0.233125 0.6560284361979166
0 0.1359375 0.8445835 0.20549224853515624 0.9980672819010418
0 0.1928125 0.7216665 0.26231170654296876 0.9023933300781249
0 0.255625 0.3033335 0.3878753662109375 0.4087720345052083
0 0.353125 0.8704170000000001 0.5127801513671876 0.9980336445312501
0 0.495 0.7441665000000001 0.6445166015625 0.894031033203125
0 0.5390625 0.2104165 0.6419735717773437 0.3005590201822917
0 0.6468750000000001 0.4383335 0.7062432861328125 0.5360962532552084
0 0.7915625 0.49958349999999996 0.8817269897460936 0.6635165006510416
0 0.9078125 0.8150000000000001 0.9834884643554688 0.9981058020833333
