6 0.2143555 0.468099 0.35232966845703123 0.62439049609375
6 0.5375975 0.5553389999999999 0.6615840024414064 0.71021490234375
6 0.453125 0.251953 0.46147149511718755 0.26399493619791664
6 0.47265599999999997 0.164063 0.480983421875 0.17947437630208332
6 0.4902345 0.164063 0.4975682553710938 0.17947437630208332
6 0.5283205 0.078125 0.5356170620117188 0.08844027473958332
6 0.5288085 0.082031 0.5326865854492188 0.09364318880208333
6 0.5390625 0.0566405 0.5463485717773438 0.06763424934895834
6 0.5488280000000001 0.09960950000000002 0.5551280351562501 0.10794330013020835
6 0.5610350000000001 0.1165365 0.5658581142578126 0.12484825976562501
6 0.9306639999999999 0.496094 0.9981141484375 0.6178440442708333
6 0.9418945000000001 0.17903650000000002 0.9482991811523438 0.19247487955729167
6 0.9624024999999999 0.0 0.9707401538085936 0.018229
6 0.9770505 0.0 0.9980688491210937 0.041667
6 0.96582 0.028646 0.97366581640625 0.040327700520833336
6 0.9868165 0.031901000000000006 0.9902473120117188 0.03902046223958333
6 0.991211 0.0 0.9970790205078124 0.022135
