17 0.28417950000000003 0.446615 0.119141 0.15625
17 0.0 0.42773449999999996 0.091797 0.13671899999999995
17 0.0 0.0 0.999023 0.7851560000000001
17 0.08886699999999999 0.5514324999999999 0.11718799999999999 0.173177
17 0.1953125 0.576823 0.128907 0.1822919999999999
17 0.3081055 0.6184894999999999 0.12988299999999997 0.179687
17 0.43457 0.6614585000000001 0.1289059999999999 0.17968700000000007
17 0.571289 0.7233075000000001 0.14648400000000006 0.19661499999999998
17 0.706543 0.7786455000000001 0.14550799999999997 0.20833299999999996
17 0.8510745 0.8248695000000001 0.1376949999999999 0.20703099999999988
