10 0.0466665 0.733125 0.036667000000000005 0.03249999999999997
10 0.07625 0.7109375 0.04083399999999998 0.03562500000000002
10 0.0775 0.7528125 0.016666000000000014 0.030624999999999902
10 0.08791699999999998 0.8921874999999999 0.022499999999999982 0.021874999999999978
10 0.1091665 0.7478125 0.006667000000000016 0.010624999999999996
10 0.162917 0.775 0.022500000000000037 0.04125000000000001
10 0.173333 0.8740625 0.024999999999999984 0.016874999999999973
10 0.2825 0.329375 0.04333400000000002 0.04124999999999995
10 0.289167 0.78375 0.030000000000000027 0.05124999999999991
10 0.299583 0.5215625 0.03249999999999997 0.03562500000000002
10 0.3233335 0.476875 0.043332999999999955 0.04249999999999998
10 0.32458349999999997 0.933125 0.040832999999999973 0.03249999999999997
10 0.3475 0.3659375 0.03666600000000001 0.03562499999999996
10 0.3679165 0.44875 0.03583300000000008 0.03375
10 0.385 0.8321875 0.038334000000000014 0.03562500000000002
10 0.391667 0.7921875 0.024999999999999984 0.026874999999999982
10 0.39875 0.7153125 0.03916599999999996 0.05437500000000006
10 0.4091665 0.46406250000000004 0.031666999999999966 0.03437499999999999
10 0.41250000000000003 0.8125 0.029999999999999954 0.023749999999999938
10 0.43958350000000007 0.27625 0.08416699999999995 0.06125
10 0.443333 0.4128125 0.050000000000000044 0.044375
10 0.44541650000000005 0.711875 0.04083300000000004 0.04125000000000001
10 0.4775 0.5753125 0.04999999999999997 0.030624999999999902
10 0.5204165 0.23343750000000002 0.054167000000000076 0.016875
10 0.5091665 0.9509375 0.026666999999999996 0.034375000000000044
10 0.5375000000000001 0.6074999999999999 0.04833400000000002 0.03749999999999998
10 0.5591665 0.96625 0.036667000000000005 0.03749999999999998
10 0.56375 0.7025 0.04083400000000011 0.03875000000000006
10 0.6479165 0.395 0.05916699999999989 0.03250000000000003
10 0.6516665 0.5596875 0.04333299999999992 0.030624999999999902
10 0.6425 0.7640625000000001 0.020000000000000018 0.02937500000000004
10 0.6675 0.579375 0.061666000000000075 0.04249999999999998
10 0.7333335 0.5078125 0.043333000000000066 0.043125000000000024
10 0.755 0.32343750000000004 0.055000000000000014 0.03937499999999999
10 0.8462500000000001 0.828125 0.06416600000000001 0.03750000000000009
10 0.8508330000000001 0.5409375 0.055000000000000014 0.04812499999999997
10 0.8804165 0.6178125 0.03583299999999993 0.04437500000000005
10 0.89875 0.3509375 0.07249999999999994 0.049375
10 0.9204165 0.6340625 0.0208330000000001 0.02562500000000001
10 0.9441665 0.2840625 0.041667000000000044 0.02562500000000001
10 0.952083 0.32406250000000003 0.05749999999999996 0.06187499999999996
10 0.9479165000000002 0.879375 0.03416699999999991 0.023749999999999938
10 0.9695835 0.785625 0.059167000000000115 0.05125000000000002
10 0.985417 0.3053125 0.027500000000000007 0.04812499999999997
10 0.9933335 0.7940625 0.011666999999999947 0.030624999999999902
