11 0.3611895 0.6725000000000001 0.4480032721238938 0.73184326171875
11 0.0 0.5653125000000001 0.091596 0.6169479370117188
11 0.0 0.815625 0.11709200000000002 0.8985784912109376
11 0.0 0.3353125 0.45231400000000005 0.3896725463867188
11 0.0 0.4078125 0.596789 0.49022674560546875
11 0.164778 0.7565625 0.2924859646017699 0.8267611694335938
11 0.108121 0.5521875 0.14809352949852508 0.5825857543945313
11 0.18177550000000003 0.5165625 0.2461908945427729 0.5501205444335938
11 0.161945 0.2996875 0.1914511430678466 0.31470733642578125
11 0.21671400000000002 0.291875 0.24613936283185844 0.3009649658203125
11 0.28564649999999997 0.48906249999999996 0.34329869247787603 0.5263973999023437
11 0.39282350000000005 0.9750000000000001 0.49800461430678467 0.9984228515625
11 0.3772425 0.2653125 0.4102085951327433 0.27849090576171875
11 0.48819650000000003 0.6265625 0.5649079461651917 0.6762631225585938
11 0.558546 0.9237500000000001 0.679063185840708 0.998472900390625
11 0.5632674999999999 0.41812499999999997 0.6167332219764012 0.45459167480468754
11 0.691218 0.8521875 0.7950145044247787 0.9272927856445312
11 0.661473 0.3875 0.7072393761061947 0.41337158203125
11 0.8120870000000001 0.4890625 0.9978582315634218 0.5807723999023438
11 0.726157 0.3659375 0.7713559719764013 0.3896426391601563
11 0.7714825000000001 0.790625 0.8619401202064896 0.8473529052734375
11 0.77762 0.2909375 0.8128280678466077 0.3009658813476563
11 0.8342775000000001 0.7409375 0.9156725022123895 0.7974014282226562
11 0.891407 0.30125 0.9288082404129794 0.314705810546875
11 0.950425 0.6421874999999999 0.9976541932153392 0.6937478637695312
