10 0.4090625 0.41854600000000003 0.07937499999999997 0.08354199999999995
10 0.0390625 0.6395155 0.058125 0.08939100000000005
10 0.089375 0.6086050000000001 0.07375000000000001 0.09607400000000002
10 0.16593750000000002 0.2811195 0.05437499999999998 0.07268099999999998
10 0.19625 0.24185499999999996 0.06 0.06934000000000004
10 0.1975 0.349624 0.04250000000000001 0.03592399999999997
10 0.23374999999999999 0.5860485 0.04999999999999999 0.08270700000000009
10 0.5890625 0.303676 0.01937500000000003 0.03425199999999996
10 0.6196875 0.304511 0.020625000000000004 0.025897999999999984
10 0.635 0.28989099999999995 0.026249999999999996 0.03174599999999998
10 0.7046875 0.17543849999999997 0.04937499999999995 0.05680899999999998
10 0.7121875 0.5584795 0.010624999999999996 0.030911000000000126
10 0.7315625 0.22096899999999997 0.03312500000000007 0.04427799999999995
10 0.7296875 0.5827065 0.024374999999999925 0.027568999999999955
10 0.7653125 0.5885545 0.015625 0.03592299999999986
10 0.7690625 0.5559729999999999 0.023125000000000062 0.025898000000000095
10 0.78 0.708438 0.03749999999999998 0.03174600000000006
10 0.781875 0.23057649999999996 0.028750000000000053 0.046783000000000005
10 0.7878125 0.6532995 0.024375000000000036 0.041770999999999975
10 0.7878125 0.6144525 0.021874999999999978 0.03592300000000001
10 0.8006249999999999 0.5087714999999999 0.03500000000000003 0.041770999999999975
10 0.7971874999999999 0.4615705 0.020625000000000004 0.03258099999999999
10 0.7990625 0.6766920000000001 0.02187500000000009 0.046784000000000076
10 0.82375 0.45363400000000004 0.02749999999999997 0.035088
10 0.8365625 0.497494 0.026874999999999982 0.0492900000000001
10 0.8534375000000001 0.46115300000000004 0.03187499999999999 0.05012599999999995
10 0.8709374999999999 0.5 0.018125000000000058 0.03759400000000009
10 0.885625 0.47326650000000003 0.02750000000000008 0.045949
10 0.88625 0.5363410000000001 0.026249999999999996 0.04845400000000002
10 0.926875 0.45906449999999993 0.016250000000000098 0.027568999999999955
10 0.9309375 0.484545 0.021874999999999978 0.035088
10 0.9384375 0.138262 0.03187499999999999 0.037594
10 0.9628125 0.2071845 0.026874999999999982 0.04177100000000001
10 0.9668749999999999 0.08479500000000001 0.03500000000000003 0.040936000000000014
10 0.9846874999999999 0.373434 0.02937500000000004 0.04344200000000006
10 0.9859375 0.23224749999999997 0.026874999999999982 0.036759000000000014
