6 0.1640625 0.10791649999999998 0.21358978271484375 0.17235948372395835
6 0.24312499999999998 0.21 0.2966375732421875 0.27139356249999996
6 0.29374999999999996 0.3183335 0.331588134765625 0.37625250325520837
6 0.3559375 0.0 0.40090240478515626 0.111667
6 0.433125 0.10583350000000001 0.4733270263671875 0.1840291959635417
6 0.4928125 0.14041700000000001 0.5207687377929687 0.20648416536458333
6 0.73125 0.0 0.7867858886718749 0.10666700000000001
6 0.74625 0.15666650000000001 0.7880212402343749 0.20812900716145832
6 0.8043750000000001 0.2516665 0.8423394775390625 0.3271723092447917
6 0.8259375 0.144583 0.8735684204101563 0.20314474088541665
