16 0.723125 0.48875 0.09750000000000003 0.1491659999999999
16 0.0603125 0.081667 0.063125 0.05500000000000002
16 0.11 0.046250000000000006 0.09 0.08416600000000002
16 0.11812500000000001 0.1333335 0.08125 0.106667
16 0.1340625 0.3179165 0.09937499999999999 0.05916699999999997
16 0.1696875 0.3825 0.049375 0.063334
16 0.21531250000000002 0.0183335 0.05562500000000001 0.036667
16 0.255625 0.27 0.07500000000000001 0.05666600000000003
16 0.25687499999999996 0.47000000000000003 0.07624999999999998 0.06666599999999996
16 0.2553125 0.12708350000000002 0.06312499999999999 0.07083300000000002
16 0.2759375 0.08125 0.073125 0.07583400000000001
16 0.30843750000000003 0.3895834999999999 0.09687499999999999 0.07416700000000002
16 0.311875 0.5633335 0.08500000000000002 0.05166700000000005
16 0.351875 0.9054169999999999 0.08750000000000002 0.07749999999999997
16 0.3665625 0.4862499999999999 0.09937499999999999 0.062499999999999924
16 0.3778125 0.09499999999999999 0.09937499999999999 0.09666599999999999
16 0.40812499999999996 0.25 0.06375000000000003 0.04500000000000004
16 0.4196875 0.32749999999999996 0.05812499999999998 0.06999999999999999
16 0.4221875 0.7079165 0.05312499999999998 0.040832999999999973
16 0.451875 0.5295835 0.10749999999999998 0.07916699999999999
16 0.4778125 0.250417 0.06312500000000004 0.03750000000000001
16 0.48812500000000003 0.78375 0.030000000000000027 0.04083399999999996
16 0.5365625 0.34166649999999993 0.08562499999999995 0.09666699999999999
16 0.5237499999999999 0.47166700000000006 0.04874999999999996 0.05999999999999998
16 0.5387500000000001 0.4070835 0.0737500000000001 0.089167
16 0.6946875 0.8991669999999999 0.08687500000000004 0.0650000000000001
16 0.875 0.760417 0.07499999999999996 0.05749999999999996
