10 0.6125 0.10666700000000001 0.86625 0.414167
10 0.0 0.309167 0.160625 0.39666700000000005
10 0.0 0.6225 0.270625 0.7875
10 0.078125 0.08 0.309375 0.336667
10 0.154375 0.0 0.338125 0.3175
10 0.17625 0.719167 0.335 0.9975
10 0.28375 0.639744 0.424375 0.255833
10 0.445 0.740833 0.495625 0.999167
10 0.48625 0.0025 0.59375 0.293333
10 0.535625 0.639744 0.67 0.333333
10 0.555 0.803333 0.595 0.999167
10 0.64375 0.811667 0.72375 0.999167
10 0.685 0.398333 0.99375 0.49333299999999997
10 0.686875 0.301667 0.97875 0.419167
10 0.71 0.8166670000000001 0.811875 0.999167
