0 0.0 0.12166700000000001 0.0575 0.15400857942708332
0 0.03875 0.16833350000000002 0.071837158203125 0.19894781575520837
0 0.13718750000000002 0.860417 0.2623660278320313 0.9980466653645834
0 0.035 0.2041665 0.056215820312500005 0.22806715820312495
0 0.0703125 0.22833350000000005 0.08555633544921876 0.2538696907552084
0 0.1721875 0.639744 0.25983184814453125 0.27249999999999996
0 0.2834375 0.4679165 0.39284820556640626 0.6277237337239584
0 0.2084375 0.9512499999999999 0.24042144775390625 0.9979283932291668
0 0.205625 0.126667 0.2247991943359375 0.15400206901041666
0 0.3246875 0.0 0.40843292236328127 0.1875
0 0.289375 0.315 0.3209674072265625 0.34792284375
0 0.39 0.7720834999999999 0.5027441406250001 0.9389946829427083
0 0.3209375 0.45458350000000003 0.34531158447265625 0.49107509440104163
0 0.36312500000000003 0.0479165 0.3815203857421875 0.07827060872395834
0 0.45281249999999995 0.35666649999999994 0.5583078002929687 0.5170355904947915
0 0.4396875 0.7837500000000001 0.46269561767578127 0.8231464921874999
0 0.563125 0.6658335000000001 0.6625750732421875 0.8258000292968751
0 0.496875 0.35458349999999994 0.5182647705078125 0.388705302734375
0 0.623125 0.6737500000000001 0.6431414794921876 0.7099557213541666
0 0.7490625 0.543333 0.8511434936523438 0.67762553515625
0 0.811875 0.5679164999999999 0.8317071533203125 0.6050935253906249
0 0.9028125 0.44875 0.9984933471679688 0.5869156901041667
0 0.930625 0.0 0.9528411865234375 0.03
0 0.96875 0.4670835 0.990303955078125 0.5018918183593749
