13 0.7008335 0.22999999999999998 0.7593155922851562 0.29525652083333337
13 0.735 0.37222250000000007 0.7759492265625 0.44840433528645834
13 0.786667 0.4922225 0.8608987705078125 0.5682480852864583
13 0.790833 0.20111099999999996 0.8275607021484375 0.25307113671875
13 0.7866664999999999 0.2922225 0.8175647709960937 0.346286501953125
13 0.829167 0.348889 0.8858572666015625 0.4217677174479167
13 0.8416665000000001 0.24444450000000004 0.8775110600585938 0.31079271289062504
13 0.898333 0.34222250000000004 0.9374557216796875 0.41511039778645836
13 0.925833 0.45666650000000003 0.9724288662109375 0.5082943821614584
13 0.9225 0.23777749999999997 0.96243212109375 0.2730233938802083
13 0.9433335 0.20333350000000003 0.9707457758789063 0.22640224283854168
13 0.9691665 0.3055555 0.9923865483398437 0.3573801412760416
