17 0.5840624999999999 0.10625 0.104375 0.13249999999999998
17 0.22562500000000002 0.27625 0.10875000000000001 0.13916599999999998
17 0.23093750000000002 0.17208349999999997 0.06437499999999999 0.09916699999999999
17 0.2653125 0.085 0.09437499999999999 0.108334
17 0.285625 0.3195835 0.1275 0.135833
17 0.2965625 0.17958299999999996 0.10062499999999999 0.13250000000000003
17 0.35750000000000004 0.35874999999999996 0.11125000000000002 0.08749999999999998
17 0.3734375 0.245417 0.08937500000000004 0.12250000000000001
17 0.3878125 0.115833 0.101875 0.15
17 0.42593749999999997 0.30624999999999997 0.12187500000000001 0.12416599999999996
17 0.4446875 0.09625 0.05312499999999998 0.05916600000000002
17 0.475 0.19708299999999998 0.11125000000000002 0.15249999999999997
17 0.4871875 0.37291650000000004 0.11187499999999995 0.080833
17 0.513125 0.10375000000000001 0.07375000000000004 0.0775
17 0.54 0.27791649999999996 0.11249999999999993 0.13583299999999998
17 0.5646875 0.22125000000000003 0.073125 0.08750000000000002
17 0.6078125 0.3366665 0.12937500000000002 0.10833300000000001
17 0.6596875 0.26958299999999996 0.13687499999999997 0.13249999999999998
17 0.6540625 0.2025 0.09687500000000004 0.11166599999999997
