0 0.231875 0.8006679999999999 0.2791485595703125 0.8716585339130435
0 0.0 0.354677 0.01875 0.39470617043478257
0 0.0 0.139198 0.03125 0.19240791652173914
0 0.0 0.4983294999999999 0.053125 0.5659483399999999
0 0.0 0.619154 0.086875 0.7071642104347827
0 0.64 0.23385300000000003 0.0525 0.2701942991304348
0 0.0584375 0.3290645 0.09931793212890626 0.3969777139130435
0 0.061562500000000006 0.64055 0.09931488037109376 0.10913100000000002
0 0.0609375 0.1458795 0.08806549072265625 0.1790332965217391
0 0.09375 0.7138084999999998 0.141783447265625 0.8027675939130434
0 0.0840625 0.434855 0.11991790771484374 0.4936757304347826
0 0.094375 0.5334075 0.1274078369140625 0.5770233347826087
0 0.1128125 0.19821799999999998 0.15676483154296875 0.26023427304347824
0 0.1121875 0.10467699999999999 0.13489044189453125 0.14012995304347828
0 0.1328125 0.32962149999999996 0.16862030029296876 0.39252274521739133
0 0.14156249999999998 0.606904 0.17861175537109375 0.6760045147826087
0 0.15437499999999998 0.8090200000000001 0.1992242431640625 0.8850070086956522
0 0.1571875 0.4738305 0.19922149658203125 0.5392649469565217
0 0.15 0.0 0.17610351562499998 0.071269
0 0.1665625 0.1241645 0.19671234130859375 0.17907106173913043
0 0.1903125 0.6887530000000001 0.22481414794921875 0.7549271686956521
0 0.1978125 0.20935399999999998 0.23480682373046874 0.2579879060869565
0 0.1959375 0.3329625 0.22980865478515625 0.3925169347826087
0 0.21968749999999998 0.541759 0.2579104614257812 0.6159838104347826
0 0.224375 0.64055 0.2529058837890625 0.09131399999999999
0 0.24281250000000001 0.420935 0.27476287841796876 0.47922293913043484
0 0.254375 0.13752799999999998 0.2860015869140625 0.1990928208695652
0 0.271875 0.2700445 0.31848449707031246 0.33360635739130434
0 0.2721875 0.650334 0.3116091918945313 0.7215859843478262
0 0.2903125 0.64055 0.3209664916992187 0.07461000000000001
0 0.3153125 0.4927615000000001 0.35781707763671877 0.5681850234782609
0 0.33375 0.745546 0.38092407226562497 0.8439153982608697
0 0.3275 0.126392 0.36155517578125 0.19354418782608698
0 0.33187500000000003 0.3613585 0.3640509033203125 0.4203065504347827
0 0.3490625 0.585189 0.38340911865234373 0.65377028
0 0.3603125 0.24276150000000005 0.3965231323242187 0.30358680608695654
0 0.3721875 0.0 0.41401153564453125 0.087973
0 0.3921875 0.45434300000000005 0.4233670043945313 0.5036638382608695
0 0.40874999999999995 0.325724 0.453975830078125 0.3969835234782609
0 0.4046875 0.13251649999999998 0.44210479736328123 0.18685153652173914
0 0.4190625 0.5662585 0.45646575927734373 0.6226232026086956
0 0.428125 0.713252 0.47208190917968745 0.7816105617391305
0 0.435 0.20657 0.4783251953125 0.25799274782608694
0 0.460625 0.0556795 0.4920501708984375 0.09455816608695652
0 0.4715625 0.469933 0.5064144897460937 0.5114317252173912
0 0.480625 0.35690400000000005 0.5126556396484375 0.4158602973913044
0 0.50875 0.55735 0.558878173828125 0.631547695652174
0 0.49312500000000004 0.1469935 0.5201434326171875 0.1968493591304348
0 0.4978125 0.2494435 0.5257638549804687 0.3013481852173913
0 0.535625 0.0 0.5769769287109375 0.101336
0 0.551875 0.408129 0.5988360595703125 0.4792452104347827
0 0.5721875 0.1386415 0.6163162231445312 0.21468088434782606
0 0.5778125 0.2756125 0.6213107299804687 0.3491866739130434
