0 0.5715625 0.818333 0.6700668334960938 0.9872674622395833
0 0.0 0.5354165000000001 0.038125 0.5943028430989583
0 0.0 0.0 0.236875 0.3499999999999999
0 0.1515625 0.95375 0.2973519897460937 0.9979251380208334
0 0.35062499999999996 0.81 0.4821575927734375 0.9981123125000001
0 0.33625 0.0 0.447171630859375 0.160833
0 0.3646875 0.50375 0.48714385986328124 0.6785110755208333
0 0.31343750000000004 0.225 0.38219390869140624 0.35554003124999994
0 0.454375 0.10666649999999998 0.5901812744140624 0.20069411132812498
0 0.473125 0.2979165 0.5707879638671876 0.412112087890625
0 0.6184375 0.45041649999999994 0.7425210571289063 0.5944135201822917
0 0.649375 0.0 0.7424908447265626 0.094167
0 0.8115625 0.639744 0.8985824584960938 0.24833399999999997
0 0.8640625 0.5 0.9985311889648437 0.7060159583333334
