10 0.39273149999999996 0.634375 0.15709299999999995 0.08125000000000004
10 0.11957799999999999 0.5796874999999999 0.124268 0.08437499999999998
10 0.214537 0.5285154999999999 0.10316599999999998 0.06015699999999996
10 0.2907385 0.5601565 0.05392700000000003 0.051562999999999914
10 0.3499415 0.4878905 0.09026900000000004 0.061719000000000024
10 0.3827665 0.557422 0.109027 0.05703199999999997
10 0.4343495 0.4796875 0.092615 0.08593700000000004
10 0.46014049999999995 0.4269535 0.10902699999999996 0.05703099999999994
10 0.493552 0.532031 0.11254399999999996 0.06718800000000008
10 0.502931 0.5996095 0.10081999999999997 0.07265699999999997
10 0.5978895 0.6347655 0.15240299999999993 0.07734299999999994
10 0.5826494999999999 0.4382815 0.079719 0.06562499999999993
10 0.5937865 0.492578 0.08792500000000002 0.06015599999999999
10 0.64068 0.566797 0.09730399999999993 0.058594000000000035
10 0.688159 0.451172 0.08440799999999984 0.06015600000000004
10 0.722157 0.6347655 0.15240399999999998 0.07734299999999994
10 0.7010550000000001 0.494922 0.08440799999999993 0.05859399999999998
10 0.7631884999999999 0.5566409999999999 0.10082099999999994 0.06484400000000001
10 0.7878075 0.49765649999999995 0.07268500000000025 0.05312500000000003
10 0.8188745 0.5414064999999999 0.11840499999999998 0.06562499999999993
10 0.8493549999999999 0.6140625 0.13481799999999983 0.067187
10 0.8921450000000001 0.6007815000000001 0.10550999999999995 0.07031299999999996
10 0.922626 0.5808595 0.07971799999999994 0.08203099999999997
