4 0.0 0.448437 0.098438 0.5073740732421875
4 0.21953099999999998 0.49453099999999994 0.25603561425781246 0.5526420595703124
4 0.2312495 0.3109375 0.2638361704101562 0.3778213500976562
4 0.247656 0.7109375 0.2810081484375 0.7602437250976563
4 0.4226565 0.0 0.46990024951171877 0.128125
4 0.48281250000000003 0.48828099999999997 0.5339035034179688 0.5479601630859374
4 0.5421875 0.882031 0.6338455200195313 0.9569506416015626
4 0.6374995 0.089844 0.7071894418945313 0.13428726171875
4 0.7765625 0.7367189999999999 0.8992416381835938 0.8352185478515625
4 0.911719 0.47734350000000003 0.9975476494140625 0.5979708442382813
