18 0.568627 0.009804 0.789216 0.212418
18 0.065359 0.212418 0.204248 0.318627
18 0.24836599999999998 0.400327 0.352941 0.514706
18 0.261438 0.18954200000000002 0.562092 0.408497
18 0.338235 0.531046 0.513072 0.727124
18 0.346405 0.29738600000000004 0.45915 0.439542
18 0.374183 0.125817 0.612745 0.318627
18 0.460784 0.395425 0.658497 0.562092
18 0.586601 0.6617649999999999 0.8153590000000001 0.8856209999999999
18 0.598039 0.245098 0.712418 0.367647
18 0.7026140000000001 0.449346 0.939542 0.6781050000000001
18 0.743464 0.0 0.9264709999999999 0.11111099999999999
18 0.7549020000000001 0.328431 0.9950979999999999 0.493464
18 0.777778 0.12908499999999998 0.9673200000000001 0.267974
