13 0.20341850000000003 0.5408679999999999 0.2134090934640523 0.5537498085937499
13 0.234188 0.6104725 0.24926687189542482 0.6239248354492187
13 0.242735 0.5447 0.2492556993464052 0.5588550664062499
13 0.25384599999999996 0.492337 0.2680441751633987 0.4976032021484375
13 0.291453 0.5747125 0.30560201568627454 0.5869227573242187
13 0.298291 0.281609 0.312431077124183 0.2960209912109375
13 0.3094015 0.5906764999999999 0.3192535535947712 0.6086181674804687
13 0.33675249999999995 0.6219665 0.3465688006535948 0.6341306108398438
13 0.34615349999999995 0.5446994999999999 0.3585215117647058 0.5537460668945312
13 0.364957 0.0644955 0.37559093202614374 0.07784201611328125
13 0.37179500000000004 0.0197955 0.38925799346405227 0.030631668457031247
13 0.380342 0.4872285 0.39437482091503273 0.49633119091796873
13 0.417094 0.05300149999999999 0.43877077908496726 0.059974240722656245
13 0.411111 0.6187735 0.42510359999999997 0.6277477290039063
13 0.41538450000000005 0.667305 0.4216790137254902 0.6800633349609374
13 0.42393200000000003 0.4699875 0.43192484052287583 0.47463702783203127
13 0.4299145 0.5836525 0.44388202026143786 0.5971310268554688
13 0.45641049999999994 0.501277 0.46607038496732023 0.5141974716796875
13 0.4726495 0.645594 0.48485215751633987 0.655819537109375
13 0.4837605 0.505747 0.5019316333333333 0.5141931064453125
13 0.49572650000000007 0.697318 0.508753991503268 0.711963025390625
13 0.496581 0.5862069999999999 0.507042874509804 0.5958515322265625
13 0.5094015000000001 0.673691 0.5224111156862745 0.6851660986328125
13 0.554701 0.6864619999999999 0.5719249006535947 0.691538626953125
13 0.5641025 0.5197955 0.5855876111111111 0.5269503872070312
13 0.5735045 0.48339699999999997 0.5975413209150326 0.4963349326171875
13 0.5854705 0.163474 0.5975256790849673 0.172254357421875
13 0.594017 0.6813535 0.6077705071895425 0.6902666157226562
13 0.6 0.11558099999999999 0.6146006862745098 0.1288781279296875
13 0.6196579999999999 0.32950199999999996 0.6470529895424836 0.345783220703125
13 0.6094015 0.697318 0.6180063967320262 0.703023025390625
13 0.6538459999999999 0.5031924999999999 0.6794872993464052 0.5167496010742187
13 0.6666664999999999 0.431673 0.6845985405228758 0.44402244433593746
13 0.708547 0.40102150000000003 0.7238597947712418 0.41340137744140626
13 0.7247865 0.642401 0.7375145666666665 0.6558226552734375
13 0.7256415 0.255428 0.7375134490196077 0.26667255859375
13 0.7256415 0.6660284999999999 0.7375134490196077 0.6749565815429687
13 0.734188 0.6979565 0.747758277124183 0.7030224018554687
13 0.7538465 0.5510855 0.7682455797385621 0.5614028305664063
13 0.7564105 0.2739465 0.7733702281045751 0.2858114741210937
13 0.748718 0.7292465 0.7545772836601308 0.7336428452148437
13 0.7777780000000001 0.515964 0.7938552967320261 0.5333401289062499
13 0.782906 0.142401 0.7972675934640522 0.1543949365234375
13 0.780342 0.17624499999999999 0.7904329450980392 0.1862898857421875
13 0.7957265000000001 0.566411 0.8092158346405229 0.5818218642578125
13 0.8 0.36973199999999995 0.8109202483660132 0.38278093359375
13 0.834188 0.47637300000000005 0.8501915581699346 0.4963417919921875
13 0.9504275 0.661558 0.9628606111111111 0.671128947265625
13 0.9675210000000001 0.6768835 0.9833502666666667 0.6813309809570313
