18 0.221893 0.9261604999999999 0.2522483076171875 0.956838225182863
18 0.230769 0.6761605 0.2522396396484375 0.7419094582027167
18 0.2327415 0.4198315 0.25618271337890625 0.45103830459770117
18 0.36390500000000003 0.8132915000000001 0.39412162402343753 0.8725681656217347
18 0.36489150000000004 0.5316455 0.3941206606445313 0.5986004665621735
18 0.36785 0.23734200000000003 0.38820077148437504 0.30143999373040753
18 0.5039444999999999 0.37658200000000003 0.5320518666992187 0.4405344973876698
18 0.5069035 0.6687765000000001 0.5359939770507812 0.7334781739811913
18 0.5069035000000001 0.9177215 0.5300769770507813 0.9568470433646813
18 0.642998 0.8122360000000001 0.6719560722656249 0.8746782685475445
18 0.6449704999999999 0.520042 0.6719541459960937 0.5817345914315569
18 0.637081 0.23206749999999998 0.6502658505859376 0.29722550522466035
18 0.7643 0.43143499999999996 0.77834661328125 0.44469717972831757
18 0.7741615 0.6740505000000001 0.7921429829101563 0.7398016630094043
18 0.7820515 0.919831 0.8039702778320313 0.9547348390804596
