11 0.53305 0.7703125 0.559175790560472 0.7873727416992187
11 0.5712935 0.7734375 0.595002384218289 0.7923696899414062
11 0.607649 0.3771875 0.6232777625368732 0.40338165283203126
11 0.6152029999999999 0.7849999999999999 0.6336536209439527 0.7961083984375
11 0.6827195 0.725 0.7109850390855457 0.7449169921875
11 0.6983005 0.946875 0.706241058259587 0.9615753173828125
11 0.747403 0.5771875 0.7684916356932153 0.5944363403320312
11 0.7610954999999999 0.9125000000000001 0.7883014402654867 0.93035888671875
11 0.7719549999999998 0.8725 0.7967844233038346 0.89102294921875
11 0.7936735 0.529375 0.8298023901179941 0.5501080322265626
11 0.7950895 0.8365625 0.811858301622419 0.8485580444335937
11 0.8191690000000001 0.5490625 0.8580927861356933 0.5707138061523438
11 0.8541079999999999 0.844375 0.8759832536873157 0.8591754150390625
11 0.8876295000000001 0.4465625 0.9335348119469027 0.4795639038085937
11 0.8682719999999999 0.9784375 0.8863493628318583 0.9902944946289062
