18 0.0 0.8666665 0.165 0.9938715279947917
18 0.144375 0.7233335 0.2654840087890625 0.9982251595052084
18 0.2375 0.6695835 0.44789306640625 0.884128146484375
18 0.1875 0.71875 0.29669189453125 0.8890641276041666
18 0.1384375 0.0 0.16361480712890625 0.06166699999999999
18 0.22125 0.0 0.265408935546875 0.085833
18 0.3753125 0.9233335 0.48088348388671875 0.9979647428385418
18 0.3921875 0.0 0.4239920043945313 0.180833
18 0.4509375 0.09958299999999999 0.47830963134765625 0.19570333463541667
18 0.5034375 0.1875 0.5288833618164063 0.213088859375
