0 0.4933595 0.5499999999999999 0.5690492036132813 0.6357418541666666
0 0.5078125 0.45677100000000004 0.5487230893554688 0.49419724609375004
0 0.5843750000000001 0.5911460000000001 0.6892733212890625 0.7211052786458335
0 0.666797 0.658854 0.7391928310546875 0.7366421171875001
0 0.691797 0.790625 0.7790124169921876 0.8354285403645835
0 0.7863285 0.6057295 0.9039201010742187 0.7283782897135417
0 0.7546875 0.734375 0.8156690004882813 0.7907107825520834
0 0.844531 0.7291665000000002 0.9226122626953126 0.7678005644531251
0 0.904297 0.578125 0.9678668974609375 0.6690392330729167
0 0.9515629999999999 0.583333 0.9975087392578125 0.6794484518229167
