13 0.5460935 0.5609375 0.6088417055664063 0.6166402094726562
13 0.0 0.3914065 0.029687 0.42149276708984373
13 0.4164065 0.5210935 0.47146835302734375 0.5651161196289063
13 0.4609375 0.4609375 0.5026748657226563 0.4979868657226562
13 0.5382815000000001 0.4359375 0.5729123344726562 0.48082427978515624
13 0.589063 0.4867185 0.6353627431640625 0.5354616889648437
13 0.6875 0.5132815000000001 0.73214161328125 0.5557487485351563
13 0.6968745 0.7421875 0.7352564584960937 0.7992752075195313
13 0.7101565 0.640625 0.7414944877929687 0.6728113896484375
13 0.7492190000000001 0.578125 0.7961433408203125 0.6306854248046875
13 0.7718750000000001 0.6609375 0.8148712158203125 0.6790425532226562
13 0.8117185 0.725 0.8757693061523438 0.7774169921874999
13 0.8625004999999999 0.590625 0.9007207143554686 0.6337982177734375
13 0.902344 0.7312495 0.9600568046875 0.7883478891601563
13 0.93125 0.552344 0.966278576171875 0.5916486015625001
13 0.9320314999999999 0.367969 0.9662778129882812 0.3918286552734375
13 0.933594 0.633594 0.960026287109375 0.661881255859375
13 0.9632814999999999 0.696875 0.9974972954101562 0.7477574580078126
13 0.9867189999999999 0.41015650000000003 0.9974744072265624 0.44959945654296873
