16 0.0273865 0.6314555000000001 0.054773 0.13145500000000002
16 0.0508605 0.730047 0.101721 0.20657199999999995
16 0.053208000000000005 0.9636150000000002 0.10641600000000001 0.06807599999999998
16 0.06025049999999999 0.564554 0.11737099999999999 0.18075200000000002
16 0.0766825 0.2124415 0.143975 0.133803
16 0.068858 0.26760550000000005 0.056338000000000006 0.15023499999999998
16 0.1236305 0.450704 0.131455 0.15492999999999998
16 0.127543 0.738263 0.10798200000000001 0.232394
16 0.16118949999999999 0.9600940000000001 0.09076700000000001 0.07511800000000006
16 0.19640049999999998 0.339202 0.161189 0.10563400000000003
16 0.241784 0.429577 0.16432000000000002 0.20187799999999997
16 0.19796550000000002 0.717136 0.05164299999999997 0.11502399999999993
16 0.3184665 0.9518780000000001 0.151799 0.09154999999999995
16 0.3153365 0.44835700000000006 0.051642999999999994 0.10328599999999998
16 0.369327 0.64554 0.159624 0.16432000000000005
16 0.3701095 0.536385 0.11111099999999996 0.09624399999999997
16 0.387324 0.923709 0.14553999999999995 0.1103279999999998
16 0.3920185 0.419014 0.107981 0.16666599999999998
16 0.443662 0.862676 0.13928000000000007 0.1478880000000002
16 0.4194055 0.9647889999999999 0.08763699999999996 0.06572800000000008
16 0.470266 0.402582 0.08607200000000004 0.09624399999999997
16 0.5524255 0.42840399999999995 0.0938969999999999 0.17605599999999996
16 0.5774649999999999 0.31924900000000006 0.10641599999999996 0.15493
16 0.630673 0.41197200000000006 0.09076600000000001 0.12910800000000003
16 0.6635365 0.3920185 0.140845 0.14084499999999997
16 0.658842 0.217136 0.05007800000000007 0.11971799999999998
16 0.6877935 0.2840375 0.10485099999999992 0.11737100000000003
16 0.7589985 0.6197185000000001 0.1408449999999999 0.13145500000000002
16 0.730047 0.753521 0.079812 0.2582160000000001
16 0.737872 0.163146 0.09546199999999994 0.07277000000000002
16 0.796557 0.3814555 0.10015600000000002 0.11032899999999998
16 0.8153365 0.28521149999999995 0.12832500000000002 0.180751
16 0.820031 0.231221 0.11893600000000004 0.10563400000000002
16 0.802817 0.762911 0.08137799999999995 0.2159620000000001
16 0.8035995 0.5915495 0.07668299999999995 0.183099
16 0.8286385000000001 0.48943650000000005 0.10172100000000006 0.16666699999999995
16 0.8317684999999999 0.4248825 0.107981 0.11737100000000003
16 0.852895 0.132629 0.1502340000000001 0.10563399999999999
16 0.8716744999999999 0.8697185000000001 0.150235 0.12441299999999994
16 0.956964 0.7793424999999999 0.08294200000000007 0.10798099999999997
16 0.980438 0.6960095 0.03599400000000008 0.09154899999999999
