16 0.6815625 0.38833349999999994 0.42187499999999994 0.591667
16 0.25 0.3033335 0.125 0.051666999999999984
16 0.378125 0.8295835 0.38125 0.33916700000000005
16 0.2796875 0.6837499999999999 0.164375 0.28083400000000003
16 0.3353125 0.43541650000000004 0.11812499999999998 0.18416699999999997
16 0.4425 0.17958299999999996 0.11999999999999994 0.0825
16 0.5425 0.21 0.10875000000000007 0.09499999999999997
16 0.5606249999999999 0.142083 0.11124999999999996 0.07250000000000001
16 0.829375 0.6541665 0.23750000000000004 0.3116670000000001
16 0.8731249999999999 0.87125 0.25250000000000006 0.13249999999999998
16 0.868125 0.15541649999999999 0.08250000000000002 0.06583300000000002
