12 0.175 0.2625 0.19795410156249998 0.28799120312500004
12 0.24125000000000002 0.4825 0.26163940429687504 0.5093717447916667
12 0.24562499999999998 0.5395835 0.2628851318359375 0.5559644173177084
12 0.2709375 0.24875000000000003 0.2822354125976562 0.26217610677083336
12 0.2934375 0.48083349999999997 0.31596343994140624 0.5093739147135417
12 0.2915625 0.32 0.30409027099609376 0.3362503333333333
12 0.29875 0.1841665 0.317208251953125 0.20559319986979166
12 0.476875 0.466667 0.5001593017578125 0.4960593606770834
12 0.480625 0.34916649999999994 0.5026556396484375 0.3820453561197916
12 0.5509375000000001 0.40874999999999995 0.5619619750976562 0.4319677734375
