1 0.18875 0.575 0.18 0.21888799999999994
1 0.2634375 0.8716665000000001 0.030624999999999986 0.09666700000000016
1 0.29093749999999996 0.9461109999999999 0.043125000000000024 0.09000000000000005
1 0.30062500000000003 0.822222 0.04375000000000001 0.0955560000000001
1 0.323125 0.9438884999999999 0.04249999999999998 0.07888900000000001
1 0.32906250000000004 0.8272225 0.03437499999999999 0.09666699999999986
1 0.355 0.9400000000000001 0.04249999999999998 0.08666600000000003
1 0.3628125 0.833889 0.033125000000000016 0.107778
1 0.3753125 0.9511109999999999 0.038124999999999964 0.095556
1 0.404375 0.8494445 0.04249999999999998 0.09222299999999992
1 0.40718750000000004 0.7666665 0.043125000000000024 0.07333299999999997
1 0.410625 0.947778 0.02999999999999997 0.06222200000000003
1 0.435 0.8616664999999999 0.03500000000000003 0.09444499999999995
