11 0.0 0.938333 0.043 0.9504166591796875
11 0.0 0.1873335 0.055999999999999994 0.19848405712890627
11 0.0 0.489 0.11199999999999999 0.6801894609375
11 0.046 0.929667 0.05893265007320644 0.9397591220703125
11 0.078 0.11733299999999999 0.09988579795021961 0.13521841699218748
11 0.7130000000000001 0.0 0.9789560761346999 0.455333
11 0.5475 0.6799999999999999 0.5841983894582722 0.7006689375
11 0.563 0.6046665 0.5861756954612006 0.6187425053710938
11 0.6475 0.6930000000000001 0.6680519765739386 0.7126562421875
11 0.8020000000000002 0.8013334999999999 0.8278257686676427 0.8152174477539061
11 0.812 0.7663335 0.8478111273792093 0.7879186274414063
11 0.8905 0.53 0.9276961932650074 0.5574824218750001
11 0.8965000000000001 0.8223335 0.9276874084919474 0.8411969399414062
11 0.952 0.857 0.986606149341142 0.8731630859375
11 0.9600000000000001 0.7526664999999999 0.9975944363103952 0.7825979741210937
