16 0.64 0.64625 0.15937500000000002 0.7599915286458333
16 0.14625 0.3958335 0.21235717773437499 0.49198459179687504
16 0.1953125 0.17208349999999997 0.26543426513671875 0.2514429329427083
16 0.2371875 0.5179165 0.3185183715820312 0.6326586295572917
16 0.2978125 0.27375 0.3672091674804687 0.36797655468749996
16 0.35843749999999996 0.6704169999999999 0.4446499633789063 0.7857940611979166
16 0.39625 0.40625 0.470863037109375 0.5003040286458332
16 0.435 0.18000000000000002 0.5058251953125 0.264765625
16 0.6996875 0.38999999999999996 0.7780667114257813 0.5036591875
16 0.71 0.14125 0.785556640625 0.23731608072916663
16 0.845 0.5408335 0.9329248046874999 0.6709627897135416
16 0.84375 0.26416649999999997 0.921051025390625 0.372989033203125
16 0.9496875 0.15833299999999997 0.9984475708007813 0.2531268372395833
16 0.96 0.424167 0.9984375 0.53111469921875
