2 0.29492199999999996 0.572917 0.412109 0.7161459999999998
2 0.0 0.520833 0.130859 0.635417
2 0.08203099999999999 0.45833299999999993 0.162109 0.604167
2 0.193359 0.44791700000000007 0.273438 0.536458
2 0.38867199999999996 0.453125 0.484375 0.572917
2 0.417969 0.6848959999999998 0.451172 0.7161459999999998
2 0.421875 0.575521 0.458984 0.6744790000000002
2 0.640625 0.575521 0.695312 0.622396
2 0.736328 0.46354200000000007 0.7753909999999999 0.5625
2 0.783203 0.429688 0.882812 0.533854
2 0.8886719999999999 0.403646 0.976562 0.481771
2 0.921875 0.575521 0.992188 0.6744790000000002
2 0.925781 0.528646 0.9980469999999999 0.591146
2 0.964844 0.351562 0.9980469999999999 0.466146
2 0.976562 0.44270799999999993 0.9980469999999999 0.536458
