4 0.8765000000000001 0.1634075 0.20099999999999996 0.22625699999999999
4 0.5609999999999999 0.10963649999999998 0.03599999999999992 0.087989
4 0.5595 0.21298849999999997 0.026999999999999913 0.087989
4 0.5954999999999999 0.2101955 0.04500000000000004 0.06005500000000002
4 0.597 0.10335199999999999 0.030000000000000027 0.08659200000000002
4 0.6325000000000001 0.1969275 0.03300000000000003 0.07262500000000001
4 0.643 0.1166205 0.04600000000000004 0.07960900000000001
4 0.6775 0.2081005 0.03699999999999992 0.072625
4 0.6950000000000001 0.115922 0.03199999999999992 0.07821200000000002
4 0.6995 0.205307 0.02300000000000002 0.10335200000000001
