8 0.0659375 0.9804170000000001 0.055625 0.03750000000000009
8 0.0746875 0.58125 0.06562499999999999 0.08250000000000002
8 0.07 0.09875 0.03874999999999999 0.040834
8 0.07125 0.1383335 0.03625 0.048333000000000015
8 0.155625 0.3533335 0.03874999999999998 0.05166700000000002
8 0.198125 0.2979165 0.03125 0.03583299999999993
8 0.4659375 0.45625 0.06562500000000004 0.08083400000000007
8 0.608125 0.43791650000000004 0.04749999999999999 0.07583299999999997
8 0.7003125 0.14375000000000002 0.05437500000000006 0.079166
8 0.9615625000000001 0.11458299999999999 0.06187500000000001 0.0725
