13 0.0628125 0.57625 0.10306365966796874 0.6242496744791667
13 0.0678125 0.97625 0.09305877685546875 0.9978958411458333
13 0.06875 0.13999999999999999 0.089307861328125 0.17065070833333332
13 0.06875 0.0933335 0.086807861328125 0.11904547200520833
13 0.076875 0.45083350000000005 0.0942999267578125 0.47691297721354164
13 0.1575 0.36083299999999996 0.17422119140625 0.38786316536458326
13 0.1765625 0.3216665 0.18232757568359376 0.34291416341145836
13 0.1828125 0.30375 0.19357147216796874 0.3221044921875
13 0.215625 0.24708299999999997 0.23228942871093752 0.26551127734374996
13 0.3715625 0.0204165 0.38088714599609375 0.038306416015625
13 0.4528125 0.45666650000000003 0.48893280029296876 0.5077383821614584
13 0.5856250000000001 0.0 0.6038031005859374 0.021667000000000002
13 0.6096874999999999 0.4458335 0.6362796020507813 0.4769194876302083
13 0.6984375 0.147083 0.7243179321289063 0.19314148567708334
13 0.9565625 0.10999999999999999 0.9846908569335937 0.15068977083333332
