17 0.4925 0.695 0.23375 0.608334
17 0.6640625 0.147917 0.01937499999999992 0.027500000000000007
17 0.6646875 0.1145835 0.015625 0.015832999999999986
17 0.7571875 0.3625 0.01937499999999992 0.03333400000000005
17 0.7615624999999999 0.330417 0.020625000000000004 0.02749999999999993
17 0.7734375 0.023749999999999997 0.02562500000000001 0.034165999999999995
17 0.7759375 0.35125 0.020625000000000004 0.02083400000000002
17 0.7759375 0.054167 0.015625 0.03
17 0.7934375 0.03625 0.016874999999999973 0.034166
17 0.85 0.45124999999999993 0.03249999999999997 0.04083400000000004
17 0.85625 0.49333350000000004 0.036250000000000004 0.04333299999999999
17 0.8578125 0.08416699999999999 0.024375000000000036 0.034999999999999996
17 0.91875 0.26166649999999997 0.04500000000000004 0.048333000000000036
17 0.9256249999999999 0.3054165 0.04874999999999996 0.035833000000000004
17 0.9471875000000001 0.1833335 0.02937500000000004 0.04333299999999999
17 0.9825 0.21000000000000005 0.03125 0.03166600000000001
