18 0.0 0.650625 0.12875 0.80625
18 0.0 0.211875 0.13875 0.385625
18 0.0 0.36 0.290625 0.673125
18 0.0 0.654375 0.391875 0.999375
18 0.038125 0.203125 0.201875 0.365625
18 0.154375 0.01875 0.4825 0.32625
18 0.19 0.3175 0.455 0.641875
18 0.348125 0.0 0.54375 0.1675
18 0.37625 0.725625 0.585 0.999375
18 0.383125 0.506875 0.74 0.823125
18 0.4125 0.18625 0.685625 0.399375
18 0.47 0.145 0.67 0.25625
18 0.51625 0.0 0.735 0.170625
18 0.574375 0.8575 0.82875 0.999375
18 0.634375 0.660625 0.8375 0.9275
18 0.653125 0.075 0.890625 0.319375
18 0.661875 0.338125 0.89375 0.5275
18 0.68875 0.520625 0.999375 0.9225
18 0.849375 0.146875 0.99625 0.384375
18 0.900625 0.23875 0.999375 0.5275
