13 0.154785 0.6142345 0.16293484277343748 0.6212752697368422
13 0.17382799999999998 0.5735644999999999 0.18440024609375003 0.5902229180622011
13 0.18212899999999999 0.5502395 0.1892751396484375 0.5591508187799044
13 0.2480465 0.751196 0.25561676708984377 0.7634554401913876
13 0.274902 0.7464115 0.29172354101562503 0.7574801632775119
13 0.32373050000000003 0.507775 0.33855085693359377 0.5269046136363637
13 0.34228499999999995 0.4742819999999999 0.3512277373046875 0.48148967703349277
13 0.34228499999999995 0.6979665 0.3512277373046875 0.7180651118421053
13 0.421387 0.4892345 0.43513548925781254 0.5113767912679427
13 0.6127925000000001 0.666268 0.6234245698242188 0.672648028708134
13 0.6552735 0.4288275000000001 0.6673290844726562 0.4396780484449761
