13 0.11 0.7988725 0.20739257812499998 0.9189399126284875
13 0.65625 0.8843985 0.737484130859375 0.9977613237885463
13 0.6940625 0.44783850000000003 0.7605722045898438 0.5143803810572688
13 0.7315625 0.649436 0.8199105834960938 0.7725423494860498
13 0.7940625 0.8843985 0.8760995483398437 0.9977613237885463
13 0.8309375 0.7302630000000001 0.8691885375976562 0.7837016607929516
13 0.86 0.537594 0.92603515625 0.6166915814977973
13 0.9375 0.8815785 0.99220947265625 0.9648704647577091
13 0.910625 0.442199 0.9347357177734376 0.4918316622613803
13 0.9521875 0.6569545 0.9846951293945312 0.7339973091042584
13 0.9650000000000001 0.48543250000000004 0.9984326171875 0.5895131769456682
13 0.9809375 0.776316 0.9984170532226563 0.8823190352422908
