4 0.46328099999999994 0.3583334999999999 0.5745475771484374 0.5057834199218749
4 0.09062500000000001 0.8354165 0.12725549902343752 0.9082872180989585
4 0.1734375 0.8083335000000001 0.24045562744140625 0.8926974824218751
4 0.21718749999999998 0.7005210000000001 0.2872879028320312 0.7584628632812501
4 0.3953125 0.7161455 0.5019579526367187 0.8417755188802083
4 0.44218749999999996 0.5354165000000001 0.5261311762695312 0.6232608430989584
4 0.6132815 0.750521 0.7134640922851563 0.8458977591145834
4 0.613672 0.5244795 0.7087757109375 0.625359083984375
4 0.6921875 0.24010399999999998 0.7751050356445313 0.3361453645833334
4 0.739063 0.666146 0.8258412587890624 0.7835076223958334
4 0.8445315 0.42708299999999993 0.9241752622070313 0.52965190234375
