6 0.2796875 0.5494789999999999 0.02812500000000001 0.057292000000000044
6 0.309766 0.3484375 0.052344 0.06770900000000002
6 0.298047 0.7260415 0.013282000000000016 0.010416999999999899
6 0.4714845 0.484375 0.182031 0.5625
6 0.580078 0.8177085000000001 0.133594 0.22916700000000004
6 0.690234 0.468229 0.17734399999999995 0.38854199999999994
6 0.6937500000000001 0.75 0.007812000000000041 0.010415999999999906
6 0.7003905 0.7604164999999999 0.011719000000000035 0.010417000000000046
6 0.7136715 0.748958 0.011719000000000035 0.012499999999999881
6 0.7148435 0.734896 0.009375000000000022 0.011457999999999894
6 0.7566409999999999 0.630208 0.028905999999999987 0.0625
