10 0.338649 0.34 0.08817999999999998 0.12000000000000004
10 0.0262665 0.435 0.052533 0.17000000000000007
10 0.027204500000000003 0.57375 0.054409000000000006 0.12250000000000005
10 0.045028 0.78125 0.090056 0.14749999999999996
10 0.0750465 0.9125 0.142589 0.17000000000000007
10 0.12758 0.54 0.131332 0.11499999999999999
10 0.14352700000000002 0.43624999999999997 0.10694200000000001 0.1075
10 0.161351 0.81625 0.12757999999999997 0.1875
10 0.206379 0.935 0.123828 0.125
10 0.2110695 0.37625000000000003 0.07692300000000002 0.08749999999999998
10 0.26454 0.8162500000000001 0.12758 0.20750000000000002
10 0.2692305 0.62375 0.11819900000000003 0.16749999999999998
10 0.2786115 0.32375 0.103189 0.13749999999999998
10 0.3358345 0.16749999999999998 0.09756100000000001 0.12
10 0.373358 0.9037499999999999 0.15384600000000004 0.1525
10 0.355535 0.5825 0.08818000000000004 0.11499999999999992
10 0.378987 0.745 0.12382800000000005 0.16500000000000004
10 0.43621 0.145 0.08442799999999995 0.09999999999999998
10 0.46341449999999995 0.5275 0.09756099999999995 0.13999999999999999
10 0.4859285 0.64875 0.11632299999999995 0.12750000000000009
10 0.5196999999999999 0.90375 0.13133199999999995 0.1875
10 0.541276 0.12375000000000001 0.061914000000000025 0.08750000000000002
10 0.574109 0.49750000000000005 0.093808 0.10999999999999995
10 0.5994375000000001 0.7474999999999999 0.11819900000000005 0.16
10 0.606004 0.4237499999999999 0.08255199999999996 0.10249999999999997
10 0.651032 0.9400000000000001 0.15009399999999995 0.11500000000000006
10 0.6163225 0.33 0.0731710000000001 0.09500000000000004
10 0.62758 0.17875 0.06941799999999998 0.11249999999999999
10 0.670732 0.29124999999999995 0.065666 0.1075
10 0.7082554999999999 0.8450000000000001 0.14071299999999998 0.1550000000000001
10 0.6801124999999999 0.56 0.07692299999999996 0.12500000000000008
10 0.7007505 0.40124999999999994 0.08067499999999994 0.07250000000000001
10 0.6941835000000001 0.11 0.05253300000000005 0.085
10 0.7176359999999999 0.725 0.09193200000000001 0.125
10 0.7354595 0.26375 0.05253299999999994 0.08250000000000002
10 0.745779 0.17875 0.065666 0.07749999999999997
10 0.742026 0.1325 0.04690400000000006 0.06000000000000002
10 0.79925 0.8337499999999999 0.10881800000000008 0.1525
10 0.7992495000000001 0.5712499999999999 0.09005700000000005 0.13750000000000004
10 0.8011254999999999 0.685 0.07879899999999995 0.14499999999999993
10 0.7983115000000001 0.26625 0.061912999999999996 0.1075
10 0.858349 0.33749999999999997 0.07317000000000007 0.11000000000000003
10 0.8658534999999999 0.71 0.05065699999999995 0.15
10 0.9061915 0.7062499999999999 0.04878099999999996 0.13249999999999998
10 0.9221385 0.59875 0.07692299999999996 0.10749999999999993
10 0.9502815 0.49124999999999996 0.09568500000000002 0.11250000000000004
10 0.9803005 0.58875 0.035646999999999984 0.11749999999999994
