0 0.56625 0.44602499999999995 0.633822021484375 0.5299609607843137
0 0.0 0.0811715 0.046875 0.13629589346405227
0 0.4196875 0.6117155000000001 0.7883401489257812 0.8418783718954249
0 0.5803125 0.0 0.9988082885742188 0.134728
0 0.315 0.5251045 0.3771923828125 0.5650035888888888
0 0.665 0.972803 0.7343505859375 0.9978913620915033
0 0.7334375 0.922594 0.8124087524414062 0.9979569947712418
0 0.809375 0.36987450000000005 0.8523345947265625 0.43549950392156866
0 0.8934375 0.9012549999999999 0.9985025024414063 0.9979848888888889
0 0.8878125 0.487029 0.9641329956054687 0.5750953607843137
0 0.9071875 0.6376570000000001 0.9628640747070313 0.6970744614379085
