0 0.0 0.549375 0.050832999999999996 0.6541956442166911
0 0.0 0.849375 0.151667 0.9975064055636896
0 0.081667 0.2425 0.1540872470703125 0.4321449487554904
0 0.1325 0.546875 0.22570360546875 0.6779493045387993
0 0.24666649999999998 0.9118750000000001 0.3755921147460937 0.997414897510981
0 0.19916650000000002 0.096875 0.2798055014648438 0.18485816251830162
0 0.24583349999999998 0.29062499999999997 0.34892692822265625 0.43707448755490486
0 0.28583349999999996 0.6043750000000001 0.3938878657226562 0.8128651171303074
0 0.3275 0.14625 0.38884717578125 0.2847858711566617
0 0.40125 0.8975000000000001 0.515441154296875 0.9974359443631039
0 0.4404165 0.0 0.5279029057617187 0.18
0 0.4125 0.280625 0.46959716796874995 0.37708912884333823
0 0.46333349999999995 0.63 0.5437145258789062 0.8903275988286969
0 0.48333349999999997 0.185 0.5536949946289063 0.32097913616398244
0 0.5729165 0.9093749999999999 0.6619405112304687 0.9974185578330894
0 0.595 0.0 0.6894189453124999 0.235
0 0.6325000000000001 0.5193749999999999 0.7552153242187499 0.7529895680819912
0 0.6799999999999999 0.821875 0.8335029375 0.9975466691068815
0 0.7849999999999999 0.18125 0.9167333984375 0.33848462664714496
0 0.8983335 0.8250000000000001 0.9982897211914062 0.997542093704246
0 0.8916665 0.6512500000000001 0.9824622319335937 0.7815464860907759
0 0.9079170000000001 0.345 0.9982803623046875 0.5269948755490482
