17 0.5215624999999999 0.7294615000000001 0.5313656616210938 0.756242098082596
17 0.5459375 0.7653449999999999 0.5557168579101562 0.7873511725663718
17 0.553125 0.6954675 0.5619598388671875 0.7156882367256638
17 0.5728125 0.813503 0.5863156127929687 0.8316611430678468
17 0.579375 0.7563739999999999 0.5981842041015625 0.7835874041297933
17 0.6287499999999999 0.9480645000000002 0.655635986328125 0.9938806747787613
17 0.6575 0.5542965000000001 0.70060791015625 0.6403534535398231
17 0.653125 0.7351275 0.6812371826171875 0.7892837411504425
17 0.6956249999999999 0.9159585 0.7199456787109375 0.9589890287610618
17 0.70625 0.6794145 0.733685302734375 0.7355419137168141
17 0.7403124999999999 0.8484419999999999 0.7617770385742187 0.8835456106194689
17 0.82875 0.19877250000000005 0.878565673828125 0.29243582522123895
17 0.854375 0.96034 0.8810406494140625 0.997639569321534
17 0.86125 0.5311615 0.8922839355468749 0.590340575958702
17 0.973125 0.7304059999999999 0.9984246826171875 0.8223407050147491
17 0.9853125 0.40509900000000004 0.9984127807617188 0.4724905088495575
