11 0.571 0.8773335 0.6451639824304539 0.9271432290039063
11 0.0 0.428 0.042 0.44358203125
11 0.0 0.45199999999999996 0.049999999999999996 0.47155859375
11 0.0 0.722667 0.064 0.7499612705078125
11 0.0 0.7853334999999999 0.09 0.8312330727539062
11 0.15800000000000003 0.2846665 0.2777686676427526 0.31172200537109374
11 0.08100000000000002 0.4333335 0.11588140556368962 0.45024382275390623
11 0.172 0.622 0.24574816983894585 0.660725578125
11 0.18 0.5066665 0.2137364568081991 0.5235052084960937
11 0.261 0.49 0.30761786237188876 0.518188484375
11 0.265 0.45466700000000004 0.3076120058565154 0.47022298925781253
11 0.325 0.654 0.4055241581259151 0.694028328125
11 0.314 0.6026665 0.3795402635431918 0.6327444584960937
11 0.43999999999999995 0.8606665 0.6233557833089312 0.9524925053710938
11 0.36400000000000005 0.4873335 0.40546705710102493 0.5115240883789063
11 0.374 0.45599999999999996 0.4194524158125915 0.4702216875
11 0.563 0.254667 0.7051756954612006 0.2824183017578125
11 0.7430000000000001 0.3653335 0.9289121522693997 0.4076432290039062
11 0.691 0.4913335 0.7369882869692533 0.5221871821289062
11 0.7569999999999999 0.5026664999999999 0.816891654465593 0.5328421147460937
11 0.7639999999999999 0.5373335 0.8208814055636895 0.5554752602539063
11 0.8310000000000002 0.45599999999999996 0.884783308931186 0.4782216875
11 0.875 0.622 0.946718887262079 0.660725578125
11 0.8660000000000001 0.4966665 0.9267320644216692 0.5315149741210938
11 0.933 0.6806665000000001 0.9966339677891655 0.7313352866210937
11 0.9799999999999999 0.6286665 0.9965651537335285 0.6473860678710938
