17 0.500782 0.310446 0.23377599999999993 0.31807599999999997
17 0.1657545 0.6842725000000001 0.27365100000000003 0.40845100000000006
17 0.13448000000000002 0.4906100000000001 0.206412 0.21830999999999995
17 0.1880375 0.924883 0.179047 0.13614999999999994
17 0.360829 0.8274644999999999 0.233776 0.34272300000000006
17 0.3666925 0.5980044999999999 0.206411 0.25234699999999993
17 0.5578575 0.9154930000000001 0.297889 0.16666599999999995
17 0.563331 0.6490609999999999 0.258796 0.37323999999999985
17 0.6962470000000001 0.6719479999999999 0.15559 0.3133799999999999
17 0.7255665 0.8961265 0.15324500000000008 0.20539900000000005
