4 0.5706249999999999 0.8375 0.7500677490234375 0.9864095052083335
4 0.0 0.410833 0.116875 0.49029806119791663
4 0.10343749999999999 0.21833299999999997 0.19177398681640623 0.3230487122395833
4 0.1325 0.1141665 0.19424560546875 0.164851345703125
4 0.2128125 0.6170829999999999 0.31604217529296874 0.7325295065104167
4 0.261875 0.795417 0.39974426269531255 0.9806313007812499
4 0.2546875 0.12749999999999997 0.31975128173828127 0.21150098437499998
4 0.3615625 0.4991665 0.44777191162109375 0.5743500436197916
4 0.33406250000000004 0.30666699999999997 0.38779876708984373 0.3887676940104166
4 0.444375 0.556667 0.5814410400390625 0.6584421731770834
4 0.37687499999999996 0.1041665 0.4396319580078125 0.14986436653645832
4 0.6571875 0.540417 0.7393582153320313 0.63096333203125
4 0.790625 0.38999999999999996 0.8836029052734375 0.5144921875
4 0.9546875 0.34541700000000003 0.9984426879882813 0.45621723828125
