12 0.0315625 0.9406410000000001 0.05871917724609375 0.9654268737201365
12 0.1378125 0.35433349999999997 0.17674041748046876 0.3950808902161547
12 0.15375 0.6241805 0.186724853515625 0.6620718970420933
12 0.16625 0.68354 0.204212646484375 0.7137163663253697
12 0.2096875 0.38929349999999996 0.23792022705078125 0.4292731177474402
12 0.3140625 0.42971600000000004 0.35719329833984376 0.48093913083048917
12 0.3325 0.528405 0.38092529296875 0.58497785665529
12 0.3934375 0.4410049999999999 0.43649078369140626 0.5013192878270761
12 0.5046875 0.901675 0.5482571411132812 0.9487192036405007
12 0.5725 0.9111435 0.61006591796875 0.9487084317406144
12 0.5865625000000001 0.0 0.6325521850585938 0.10051
12 0.5790625 0.9617625000000001 0.6131845092773438 0.9967208447098976
12 0.6212500000000001 0.8845589999999999 0.654393310546875 0.9298016757679181
12 0.6540625 0.4220685 0.7056112670898438 0.49114383105802045
12 0.8928125 0.8925710000000001 0.9191281127929688 0.9327065608646189
12 0.9396875 0.229789 0.9809573364257813 0.2801465790671217
12 0.9509375 0.8739985000000001 0.9984463500976563 0.9247156899886235
