18 0.481875 0.419167 0.639375 0.6716669999999999
18 0.168125 0.22 0.305 0.41583299999999995
18 0.23375 0.36416699999999996 0.37625 0.5725
18 0.235 0.094167 0.330625 0.23166699999999998
18 0.3325 0.022500000000000003 0.469375 0.101667
18 0.34625 0.4991670000000001 0.49375 0.7275
18 0.419375 0.1325 0.573125 0.325833
18 0.485 0.0 0.574375 0.09500000000000001
18 0.62 0.31666700000000003 0.7775 0.578333
18 0.625 0.034167 0.6875 0.1025
18 0.65625 0.08166699999999999 0.77375 0.199167
18 0.7 0.2025 0.84125 0.371667
