13 0.0 0.7683335000000001 0.125 0.8489995657552082
13 0.0 0.639744 0.563125 0.566667
13 0.1728125 0.7770829999999999 0.21545623779296877 0.8373211731770834
13 0.24562499999999998 0.641667 0.30538513183593746 0.72333149609375
13 0.23375 0.7983335 0.26977172851562503 0.8489605032552082
13 0.3415625 0.97625 0.3702914428710937 0.9978958411458333
13 0.41 0.6095835 0.46959960937499995 0.6767062714843749
13 0.448125 0.48500000000000004 0.5045623779296875 0.5618684895833334
13 0.43875 0.93375 0.47457153320312495 0.9779511796875
13 0.5553125 0.5120835 0.6038327026367187 0.5760002246093751
13 0.7696875000000001 0.0 0.9667483520507812 0.17166700000000001
13 0.6534375 0.1991665 0.7212368774414063 0.2847406686197917
13 0.6565624999999999 0.5158335 0.7006088256835938 0.566828341796875
13 0.76375 0.6770835000000001 0.7892541503906251 0.706618380859375
13 0.78375 0.599583 0.8086096191406249 0.63755229296875
13 0.80125 0.47124999999999995 0.836092529296875 0.5168863932291666
13 0.82125 0.695 0.843572998046875 0.7249280520833333
13 0.9028125 0.43958350000000007 0.9278683471679687 0.47609462565104166
13 0.905 0.4875 0.9234912109375 0.510198234375
13 0.9103125 0.5429164999999999 0.9328610229492187 0.5792930774739583
