17 0.876 0.5886665 0.16999999999999993 0.20666699999999985
17 0.225 0.652 0.08800000000000002 0.10933400000000004
17 0.2275 0.5840000000000001 0.07500000000000001 0.06666600000000004
17 0.2915 0.494 0.05299999999999999 0.08666599999999998
17 0.319 0.6006665 0.07599999999999996 0.06533300000000015
17 0.359 0.684667 0.08800000000000002 0.12399999999999996
17 0.347 0.41 0.05399999999999999 0.03866600000000009
17 0.383 0.36400000000000005 0.04400000000000004 0.03466600000000001
17 0.4135 0.548 0.05099999999999999 0.04533400000000006
17 0.4355 0.31266649999999996 0.03500000000000003 0.03333300000000002
17 0.47 0.598 0.07200000000000001 0.05466600000000003
17 0.4575 0.3373335 0.03699999999999998 0.026666999999999996
17 0.48550000000000004 0.47666650000000005 0.07300000000000001 0.102667
17 0.4685 0.27799999999999997 0.034999999999999976 0.03066600000000001
17 0.5449999999999999 0.7146665 0.09599999999999997 0.11733300000000006
17 0.511 0.318 0.02400000000000002 0.017334
17 0.5395 0.39599999999999996 0.05699999999999994 0.07733400000000001
17 0.536 0.2246665 0.03400000000000003 0.03333299999999998
17 0.6045 0.340667 0.049000000000000044 0.04399999999999996
17 0.6054999999999999 0.23199999999999998 0.051000000000000045 0.06666599999999996
17 0.635 0.1946665 0.04200000000000004 0.05066700000000002
17 0.6555 0.256 0.061000000000000054 0.07999999999999996
17 0.6785 0.20933349999999998 0.038999999999999924 0.053333
17 0.8605 0.0826665 0.08700000000000008 0.050667
17 0.8805000000000001 0.7906665 0.1070000000000001 0.14666700000000002
