16 0.4840525 0.63375 0.24390299999999993 0.14249999999999996
16 0.24484050000000002 0.293125 0.48968100000000003 0.58625
16 0.49906199999999995 0.80625 0.9981239999999999 0.385
16 0.11726099999999999 0.318125 0.21575999999999998 0.16125
16 0.2992495 0.681875 0.38086299999999995 0.20625000000000004
16 0.2326455 0.39749999999999996 0.22514099999999998 0.15499999999999997
16 0.26547849999999995 0.54125 0.208255 0.1275
16 0.274859 0.233125 0.178236 0.11625000000000002
16 0.38086299999999995 0.13875 0.270168 0.12000000000000001
16 0.38555350000000005 0.29875 0.24953099999999998 0.12000000000000002
16 0.4821765 0.480625 0.4052529999999999 0.16125
16 0.457786 0.389375 0.21013200000000004 0.08375000000000005
16 0.5290805 0.203125 0.27767299999999995 0.09624999999999997
16 0.5206375000000001 0.334375 0.09943700000000016 0.08625
16 0.738274 0.276875 0.5196999999999999 0.55375
16 0.5947469999999999 0.14250000000000002 0.153846 0.04000000000000001
16 0.6538459999999999 0.25 0.17073200000000002 0.14
16 0.7579735 0.531875 0.3414629999999999 0.18874999999999997
16 0.7654785 0.405625 0.1801129999999999 0.10125
