0 0.7434375 0.400833 0.8405239868164063 0.54031108203125
0 0.233125 0.6108335 0.31727233886718753 0.7383716438802083
0 0.34375 0.39875 0.400289306640625 0.5153137942708333
0 0.41937500000000005 0.8033334999999999 0.4958404541015625 0.8764539928385416
0 0.4728125 0.18041700000000002 0.5807882690429688 0.35143208203125004
0 0.529375 0.48708349999999995 0.6438580322265626 0.7093657766927083
0 0.67875 0.82125 0.794962158203125 0.9947636640624999
0 0.60625 0.29 0.6412829589843749 0.3654553958333333
0 0.659375 0.3491665 0.6981060791015625 0.40454535611979164
0 0.70375 0.5950000000000001 0.740562744140625 0.6750582604166667
