11 0.658192 0.704375 0.8493140705882352 0.8230621337890625
11 0.64056 0.8825 0.303201 0.9960131835937499
11 0.26694900000000005 0.3246875 0.4148614279411765 0.4021829223632813
11 0.298023 0.6603125 0.46095573088235287 0.7399801635742187
11 0.37664800000000004 0.40375 0.551235105882353 0.496480712890625
11 0.40065900000000004 0.779375 0.5530827955882354 0.8667388916015626
11 0.4910550000000001 0.611875 0.5793158602941177 0.6531524658203125
11 0.5451974999999999 0.22062500000000002 0.6818722389705882 0.3047845458984375
11 0.7612995 0.22843750000000002 0.9207264419117648 0.2929019165039063
11 0.7405835 0.3109375 0.8717919066176469 0.37469635009765623
11 0.9063085000000001 0.35375 0.9977251933823529 0.427779541015625
