17 0.8054684999999999 0.6445315 0.20156300000000005 0.23593699999999995
17 0.169531 0.47187500000000004 0.198438 0.21875000000000006
17 0.222656 0.6656255 0.220312 0.21562499999999996
17 0.26718800000000004 0.3054685 0.21875000000000003 0.207813
17 0.37109400000000003 0.5007815 0.185938 0.15156300000000006
17 0.3992185 0.7945315 0.20468699999999995 0.2140629999999999
17 0.44140650000000003 0.20000050000000003 0.232813 0.16562500000000002
17 0.521875 0.616406 0.19062599999999996 0.176562
17 0.565625 0.435937 0.18125000000000002 0.16875
17 0.6414065 0.7960935 0.214063 0.20781300000000003
17 0.6539065 0.24062449999999996 0.192187 0.20312499999999997
17 0.7835935 0.38984399999999997 0.1921870000000001 0.21093800000000001
