13 0.3775 0.77 0.45088134765625 0.8631643958333334
13 0.16375 0.3529165 0.219215087890625 0.4345404733072917
13 0.1921875 0.5233335 0.25793731689453125 0.604318576171875
13 0.2515625 0.2858335 0.3016293334960938 0.3571278209635416
13 0.2784375 0.4020835 0.34410308837890624 0.47197645377604164
13 0.3128125 0.557083 0.38656951904296877 0.6426076315104167
13 0.28312499999999996 0.6879165 0.3234735107421875 0.774937275390625
13 0.3003125 0.15666650000000001 0.35033172607421875 0.22979600716145834
13 0.34875 0.30125 0.38903442382812503 0.35877474739583337
13 0.3728125 0.6441665 0.41651092529296874 0.6924942415364583
13 0.3840625 0.20125 0.4321249389648437 0.2705709557291667
13 0.3921875 0.412083 0.4358670043945313 0.47529643359375
13 0.45437500000000003 0.29375 0.5133062744140625 0.35711751302083333
13 0.460625 0.5079170000000001 0.5258001708984374 0.5910056497395834
13 0.46968750000000004 0.38916649999999997 0.5301663208007813 0.4394932727864584
13 0.4715625 0.6525 0.5220394897460937 0.7199833906249999
13 0.49874999999999997 0.1875 0.553262939453125 0.244755859375
13 0.5265625 0.7200000000000001 0.5882357788085938 0.7957294999999999
13 0.536875 0.39666700000000005 0.5751007080078125 0.45115050651041666
13 0.55875 0.11625 0.6100793457031249 0.1781816328125
13 0.5665625000000001 0.30624999999999997 0.6175717163085938 0.37876823697916673
13 0.5890625 0.5566665 0.6525497436523438 0.631775173828125
13 0.5871875 0.21833349999999996 0.6331765747070313 0.26388271158854165
13 0.6071875 0.47958300000000004 0.6537820434570313 0.5377085429687499
13 0.6125 0.7070829999999999 0.65252685546875 0.7699123190104166
13 0.615625 0.347917 0.6462738037109375 0.4087139830729167
13 0.6496875 0.17208299999999999 0.6999905395507813 0.24310893359375
13 0.654375 0.2854165 0.6849859619140626 0.32712836393229167
13 0.6834374999999999 0.3895835 0.7387075805664063 0.4561597298177083
13 0.69625 0.1141665 0.733695068359375 0.160684345703125
13 0.7196875 0.639583 0.7736721801757813 0.7075002096354166
13 0.7334375 0.223333 0.7805337524414062 0.27554220182291667
13 0.766875 0.3216665 0.8242510986328124 0.39291416341145835
13 0.78125 0.505 0.838612060546875 0.5851754479166668
13 0.7990625 0.605 0.8317196655273438 0.6608792395833333
13 0.85 0.38666700000000004 0.889794921875 0.44116352734375003
13 0.8690625 0.484583 0.9172763061523437 0.5527020325520834
