4 0.184375 0.8902310000000001 0.25669494628906253 0.9953896049180329
4 0.0 0.800945 0.02 0.8621319754098362
4 0.0 0.9385505 0.043125 0.9974113926229509
4 0.064375 0.927521 0.11618713378906251 0.997429473770492
4 0.0875 0.7972684999999999 0.11866455078124999 0.8873480024590163
4 0.274375 0.789916 0.32348205566406246 0.8642510557377049
4 0.3296875 0.9212185 0.39155303955078125 0.997439805737705
4 0.57875 0.46008400000000005 0.604434814453125 0.5118507639344263
4 0.60375 0.3991595 0.627535400390625 0.4394716401639344
4 0.6325000000000001 0.34611349999999996 0.6518823242187499 0.37233160081967215
4 0.63375 0.42489499999999997 0.6531311035156251 0.4562364508196721
4 0.671875 0.365546 0.7018438720703125 0.4006607442622951
4 0.6703125 0.42909650000000005 0.6874703979492187 0.46043056311475405
4 0.70625 0.418067 0.729935302734375 0.4604486442622951
4 0.8865625 0.9564079999999999 0.9047592163085938 0.9973821180327869
4 0.9156249999999999 0.8928575 0.9384808349609375 0.9355112991803279
4 0.9403125 0.9627104999999999 0.9715817260742188 0.9973717860655739
4 0.9646875 0.8518910000000002 0.9984329223632813 0.8925114573770493
4 0.9821875 0.9658615 0.9984158325195313 0.9973666204918034
