10 0.29124999999999995 0.5221875 0.034165999999999995 0.030625000000000013
10 0.33041649999999995 0.9 0.029167000000000016 0.023749999999999938
10 0.3645835 0.9356249999999999 0.029167000000000092 0.02375000000000005
10 0.39958350000000004 0.886875 0.040832999999999973 0.04249999999999998
10 0.4566664999999999 0.8996875 0.036667000000000005 0.034375000000000044
10 0.4908335 0.4171875 0.06333299999999993 0.04562500000000003
10 0.5020835 0.4753125 0.040832999999999973 0.025624999999999953
10 0.5375000000000001 0.423125 0.04833400000000002 0.03750000000000003
10 0.7137500000000001 0.49124999999999996 0.04249999999999998 0.04124999999999995
10 0.9637500000000001 0.3315625 0.047500000000000174 0.02562500000000001
10 0.982917 0.369375 0.03250000000000005 0.06
