16 0.15849649999999998 0.5702615 0.11111099999999999 0.10457500000000008
16 0.0400325 0.32924849999999994 0.080065 0.13888899999999998
16 0.0547385 0.5490195 0.109477 0.13725500000000007
16 0.055555499999999994 0.4403595 0.11111099999999999 0.132353
16 0.1462415 0.3431375 0.14215699999999998 0.13398700000000002
16 0.1707515 0.4354575 0.18464099999999997 0.17483700000000002
16 0.3349675 0.495915 0.183007 0.16503200000000007
16 0.3668305 0.372549 0.11274499999999998 0.11438000000000004
16 0.4011435 0.5661765 0.13888900000000004 0.1617650000000001
16 0.48447749999999995 0.36029449999999996 0.12581699999999996 0.10620899999999994
16 0.48120949999999996 0.4493465 0.11274500000000004 0.12745099999999998
16 0.5383985 0.5751634999999999 0.181373 0.150327
16 0.5947715 0.4068625 0.166667 0.12745100000000004
16 0.6013074999999999 0.5049015 0.166667 0.12745099999999998
16 0.776961 0.620098 0.19444400000000006 0.15522800000000003
16 0.7598035 0.5416665 0.13398699999999986 0.161765
16 0.7663395 0.4191175 0.11437900000000012 0.09967300000000001
16 0.8790850000000001 0.5155225 0.1372540000000001 0.135621
16 0.8807185000000001 0.4297385 0.13398700000000008 0.08823500000000006
16 0.9305555000000001 0.635621 0.13562099999999988 0.183006
16 0.9665035 0.4526145 0.06372500000000003 0.10784300000000002
16 0.968954 0.5718955 0.05882399999999999 0.1503270000000001
