2 0.219167 0.6886990000000001 0.355 0.8379530000000002
2 0.0 0.649254 0.094167 0.789979
2 0.0475 0.48827299999999996 0.163333 0.642857
2 0.08 0.618337 0.14666700000000002 0.736674
2 0.08833300000000001 0.75693 0.19583299999999998 0.8113009999999999
2 0.125 0.6375270000000001 0.245 0.794243
2 0.1825 0.441365 0.288333 0.511727
2 0.273333 0.45522399999999996 0.325 0.511727
2 0.320833 0.618337 0.4325 0.7985070000000001
2 0.394167 0.42004300000000006 0.483333 0.52452
2 0.4875 0.441365 0.5825 0.571429
