13 0.18350400000000003 0.7840625 0.3559546793206793 0.9704843139648437
13 0.0 0.9478125 0.150256 0.9984494018554687
13 0.19437349999999998 0.6178125000000001 0.33228682067932064 0.6956466674804688
13 0.30786450000000004 0.9784375000000001 0.41785144305694305 0.9977944946289062
13 0.37244249999999995 0.8928125 0.45934692957042955 0.9841281127929687
13 0.5255755 0.7437499999999999 0.6797819495504496 0.880523681640625
13 0.500959 0.5828125 0.5902925414585415 0.6206808471679687
13 0.5952685 0.9371875000000001 0.7263873261738262 0.9978347778320312
13 0.6214835 0.54875 0.6950311373626374 0.608839111328125
13 0.6985295 0.97875 0.8209131683316685 0.998419189453125
13 0.7349745 0.6725 0.8733067597402597 0.79496826171875
13 0.6476980000000001 0.3721875 0.6617569490509491 0.39401153564453123
13 0.6556905000000001 0.38749999999999996 0.6777339645354646 0.41962158203125
13 0.6940535000000001 0.395 0.73012463986014 0.4296142578125
13 0.8308825000000001 0.8896875 0.9985309475524475 0.9985061645507812
13 0.7394504999999999 0.4128125 0.7684432882117881 0.4395968627929688
13 0.7787725 0.42562500000000003 0.8035700054945055 0.4464593505859375
13 0.8129794999999999 0.343125 0.8470138326673327 0.36841491699218754
13 0.8916240000000001 0.604375 0.9971912667332669 0.7012847900390625
13 0.8366370000000001 0.42562500000000003 0.8680901988011989 0.4552093505859375
13 0.8730819999999999 0.4153125 0.8974657902097902 0.44146942138671874
13 0.878197 0.341875 0.9025756803196804 0.3646661376953125
13 0.8941815 0.27437500000000004 0.9306927117882119 0.3066070556640625
13 0.9341435 0.781875 0.9984277897102897 0.8973614501953124
13 0.9124039999999999 0.37625 0.9498555074925075 0.39400756835937495
13 0.9258314999999999 0.33375 0.9607120934065935 0.368424072265625
13 0.9446935 0.43343750000000003 0.9984172502497503 0.4977017211914062
13 0.933504 0.234375 0.9677374285714286 0.2672711181640625
13 0.9811385 0.32843750000000005 0.9983808416583416 0.36842926025390627
13 0.9830565000000001 0.22249999999999998 0.9983789255744256 0.25540771484374997
