4 0.0203125 0.8388365 0.03310516357421875 0.8692524883292385
4 0.045 0.8337265 0.0580810546875 0.859038765970516
4 0.0665625 0.44929250000000004 0.09618499755859375 0.4813660436117936
4 0.059375 0.7433175000000001 0.0755670166015625 0.7734578335380835
4 0.0703125 0.504717 0.09493133544921875 0.5316129545454544
4 0.0715625 0.8380505000000001 0.08930511474609375 0.8629644539312039
4 0.075625 0.6867140000000002 0.0974261474609375 0.715351371007371
4 0.0709375 0.6092770000000001 0.08368072509765626 0.6328995024570024
4 0.1009375 0.6273584999999999 0.12615142822265626 0.6580342893120392
4 0.116875 0.47956000000000004 0.13738586425781252 0.51277585995086
4 0.11812500000000001 0.3694965 0.13988464355468752 0.3957720730958231
4 0.11624999999999999 0.7452829999999999 0.13051147460937498 0.7648074189189189
4 0.1271875 0.42610050000000005 0.15112579345703125 0.455451535012285
4 0.125625 0.820755 0.1467523193359375 0.8527657014742015
4 0.11906249999999999 0.6961474999999999 0.13050872802734373 0.7129807819410318
4 0.1484375 0.307783 0.17298004150390625 0.3321688882063882
4 0.1509375 0.259434 0.17110260009765627 0.27562428501228503
4 0.1653125 0.20793999999999999 0.19046356201171874 0.23244854545454544
4 0.18156250000000002 0.27751549999999997 0.20544769287109374 0.3031180718673219
4 0.24312499999999998 0.39701250000000005 0.2653875732421875 0.42482626965601966
4 0.2621875 0.8970125 0.27911895751953125 0.9226400190417691
4 0.276875 0.8997639999999999 0.2984796142578125 0.9194916388206387
4 0.30125 0.9198109999999999 0.32158081054687504 0.9383350110565111
4 0.32125000000000004 0.311321 0.342186279296875 0.3392405417690417
4 0.33125 0.2476415 0.354051513671875 0.2740667721130221
4 0.4721875 0.20911949999999999 0.5714138793945313 0.4116930964373464
4 0.45499999999999996 0.5491349999999999 0.5014306640624999 0.624325386977887
4 0.6087499999999999 0.673742 0.709405517578125 0.7578203071253072
4 0.615 0.39897800000000005 0.6656494140625 0.44762285503685506
4 0.74 0.392689 0.79240234375 0.512882581081081
4 0.7365625 0.0601415 0.7530307006835938 0.0816871160933661
4 0.7671875 0.068789 0.7855007934570313 0.09346849262899264
4 0.8509374999999999 0.570755 0.8760440063476562 0.6140788267813267
4 0.8978125 0.4941035 0.9153732299804688 0.5159019932432433
4 0.93625 0.6882859999999998 0.9715856933593751 0.7460094398034399
4 0.9415625 0.5880500000000001 0.9590805053710937 0.6069815798525798
4 0.9550000000000001 0.5247639999999999 0.9765673828125 0.5465253267813267
