8 0.0 0.07375 0.016886 0.091802978515625
8 0.0 0.138125 0.0197 0.1548651123046875
8 0.0 0.1721875 0.028143000000000005 0.18920684814453123
8 0.0 0.06937499999999999 0.038462 0.0899322509765625
8 0.0 0.0421875 0.04409 0.05433380126953125
8 0.0 0.2525 0.06379 0.28287841796875
8 0.026266 0.1575 0.03654654319180088 0.17859619140625
8 0.1449345 0.1403125 0.2071047972181552 0.17298797607421876
8 0.139775 0.034375 0.1921033513909224 0.06746643066406251
8 0.164165 0.23374999999999999 0.2202096412884334 0.269146728515625
8 0.652439 0.26156250000000003 0.9530787452415813 0.40224456787109375
