16 0.128125 0.8208234999999999 0.07375000000000001 0.09846700000000003
16 0.1528125 0.675545 0.10437499999999998 0.10653800000000004
16 0.1609375 0.784907 0.071875 0.09120199999999995
16 0.21875 0.741727 0.0975 0.1259080000000002
16 0.2353125 0.8329295000000001 0.05312500000000003 0.05649699999999993
16 0.24812499999999998 0.6650524999999999 0.07874999999999999 0.04842699999999983
16 0.30281250000000004 0.7941885000000001 0.09187499999999998 0.13397900000000018
16 0.3053125 0.691687 0.06812499999999999 0.06779599999999993
16 0.3453125 0.668281 0.046875 0.08232400000000002
16 0.4065625 0.7288140000000001 0.09437499999999999 0.10976599999999988
16 0.41000000000000003 0.8301049999999999 0.08000000000000002 0.0928159999999998
16 0.4184375 0.6795800000000001 0.075625 0.07748199999999998
16 0.44718749999999996 0.7820824999999999 0.04812500000000003 0.10008100000000002
