10 0.4696875 0.3666665 0.22187499999999993 0.273333
10 0.516875 0.161667 0.07374999999999998 0.12500000000000003
10 0.5696875 0.29875 0.06562500000000004 0.08583400000000004
10 0.6040625 0.460417 0.09312500000000001 0.09249999999999996
10 0.595625 0.1825 0.06374999999999997 0.11166599999999997
10 0.690625 0.34 0.20624999999999993 0.24500000000000008
10 0.6671875 0.8445835 0.13437500000000002 0.134167
10 0.65625 0.192083 0.06624999999999992 0.08249999999999998
10 0.6840625 0.7266665 0.06187500000000001 0.088333
10 0.7734375 0.735 0.0931249999999999 0.05333399999999999
10 0.7928125 0.8179164999999999 0.13187499999999996 0.09416699999999996
