12 0.020712 0.25312500000000004 0.041424 0.11125000000000002
12 0.025436 0.7 0.050872 0.05500000000000005
12 0.028343 0.7709375 0.056686 0.16562500000000002
12 0.1264535 0.7493749999999999 0.183139 0.22499999999999998
12 0.16315450000000004 0.3140625 0.08502900000000002 0.05812500000000004
12 0.28124999999999994 0.5709375 0.2659879999999999 0.22062500000000002
12 0.279433 0.7503124999999999 0.16642400000000002 0.11062500000000008
12 0.38880849999999995 0.798125 0.27034899999999995 0.37124999999999997
12 0.567587 0.20875 0.19476799999999997 0.15249999999999997
12 0.6431685 0.748125 0.27470900000000004 0.345
12 0.771439 0.4084375 0.22456399999999996 0.258125
12 0.7252904999999998 0.5571875 0.06540699999999998 0.073125
12 0.7972385000000001 0.63 0.05377900000000007 0.06499999999999995
12 0.9091570000000001 0.4053125 0.079942 0.12437500000000001
