13 0.2721875 0.15330200000000002 0.3097341918945313 0.20920822385861565
13 0.64 0.0 0.115 0.11320799999999999
13 0.0471875 0.2070755 0.08995391845703124 0.28082702871870396
13 0.090625 0.1537735 0.11928649902343749 0.18845252945508098
13 0.1021875 0.583019 0.12302520751953125 0.6170663564064801
13 0.22125 0.1212265 0.249783935546875 0.17340646318114872
13 0.37968749999999996 0.45660399999999995 0.39337921142578125 0.4681955346097202
13 0.39 0.411792 0.41274414062500003 0.43146853166421206
13 0.468125 0.4981129999999999 0.48829284667968753 0.5209644020618557
13 0.4659375 0.348113 0.4776699829101563 0.3740153151693667
13 0.5209375 0.45566 0.5301162719726563 0.4785739248895434
13 0.6584375 0.048585 0.6737319946289062 0.06879644624447717
13 0.6928125 0.039151 0.7030734252929688 0.06126334020618557
13 0.729375 0.170283 0.7455377197265625 0.20163621502209125
13 0.7565625 0.10849049999999999 0.7686361694335938 0.13663222017673046
