16 0.13375 0.6974999999999999 0.23111938476562502 0.819091796875
16 0.1653125 0.27541649999999995 0.24796356201171876 0.36797438476562494
16 0.328125 0.49416649999999995 0.4234295654296875 0.8293565540364582
16 0.5159374999999999 0.48291649999999997 0.6038711547851563 0.5902042024739583
16 0.50875 0.27375 0.5870031738281251 0.37297655468749996
16 0.67625 0.394167 0.770589599609375 0.5986537617187501
16 0.72 0.7275 0.8192968749999999 0.8565527343750001
16 0.8403125 0.284583 0.9254293823242188 0.37296244921875
16 0.8634375000000001 0.4804165 0.9460317993164062 0.5868744576822917
16 0.9046875000000001 0.707917 0.9984915161132812 0.8257452330729168
