0 0.212586 0.445 0.2834489902152642 0.4945654296875
0 0.227614 0.553125 0.2846862857142857 0.6088348388671875
0 0.2745775 0.3503125 0.3409963331702544 0.40965789794921875
0 0.27113349999999997 0.6581250000000001 0.3309807030332681 0.7318572998046875
0 0.337821 0.7503124999999999 0.39729045107632094 0.8086422729492188
0 0.3578585 0.2740625 0.42169084491193737 0.33785736083984375
0 0.4295555 0.8075 0.4879956912915851 0.86796142578125
0 0.45710700000000004 0.214375 0.5105107328767123 0.2729156494140625
0 0.5278645000000001 0.8296875 0.5837034985322896 0.8885647583007813
0 0.5657485 0.1965625 0.6249944300391389 0.2529330444335937
0 0.6289915 0.7853125 0.6950635484344424 0.8548580932617187
0 0.662179 0.25625 0.7188260753424657 0.317249755859375
0 0.7103945 0.71375 0.7688728977495108 0.776177978515625
0 0.7263615 0.3415625 0.7957822744618395 0.41654144287109374
0 0.7930494999999999 0.640625 0.8608400220156555 0.7068743896484375
0 0.8008770000000001 0.4415625 0.8539443630136986 0.4983187866210938
0 0.834064 0.535625 0.8914818904109588 0.6007269287109375
