0 0.0 0.1546875 0.134375 0.19984893798828127
0 0.10859350000000001 0.240625 0.16864395166015625 0.2966400146484375
0 0.1265625 0.0875 0.15925140380859373 0.13116455078125
0 0.18906250000000002 0.049219 0.22950236865234375 0.0937019345703125
0 0.22812500000000002 0.27421850000000003 0.29352722167968753 0.30129420849609373
0 0.20468750000000002 0.141406 0.24042510986328125 0.187361908203125
0 0.2382815 0.1 0.2653923032226562 0.12646534375000001
0 0.2601565 0.18125000000000002 0.30755894091796876 0.213884998046875
0 0.278906 0.117969 0.327852630859375 0.17332279589843752
0 0.2835935 0.043750000000000004 0.3262850532226562 0.081207275390625
0 0.3421875 0.271094 0.39810383251953124 0.307548259765625
0 0.32343750000000004 0.11015649999999999 0.35280914306640626 0.14520542529296876
0 0.3375 0.157031 0.37467041015625 0.19359664941406252
0 0.36796850000000003 0.06640599999999999 0.40276565576171874 0.101497150390625
0 0.4296875 0.1085935 0.47301738330078125 0.15458095166015623
0 0.4453125 0.22968750000000002 0.4980021245117187 0.27477569580078126
0 0.4625 0.1554685 0.49954833984375 0.19828517529296874
0 0.8609374999999999 0.8648435000000001 0.9741592407226562 0.9757174262695313
