11 0.8471424999999999 0.780952 0.9077437124023436 0.8523161354166667
11 0.592857 0.42 0.6194210380859375 0.45850112499999995
11 0.6 0.5085715 0.6194140625 0.5345757975260416
11 0.630714 0.544762 0.657955068359375 0.5783386744791666
11 0.650714 0.47238099999999994 0.6822215371093749 0.5060519205729167
11 0.6457145 0.39619050000000006 0.6707984194335936 0.41281712695312506
11 0.6507145000000001 0.431429 0.6793645366210938 0.45848624348958333
11 0.6771425 0.5485715 0.6979097280273439 0.5688097141927084
11 0.6985714999999999 0.45904799999999996 0.7221748012695313 0.49845028124999996
11 0.717143 0.5742855 0.7335856650390625 0.595442232421875
11 0.7428575 0.5057139999999999 0.7707035532226563 0.5421985182291665
11 0.7564285 0.607619 0.7878323002929688 0.6334948294270834
11 0.7871425000000001 0.5390475 0.8178023061523438 0.574536115234375
11 0.7864285 0.4733334999999999 0.8092320034179687 0.49843168033854157
11 0.8028569999999999 0.602857 0.8192159599609374 0.6220720299479167
11 0.8364290000000001 0.469524 0.8706121748046877 0.498436640625
11 0.830714 0.5142855000000001 0.852045755859375 0.549806357421875
11 0.8400000000000001 0.58 0.8606086875000001 0.5973397916666666
