4 0.6416665 0.5378125 0.7624974967447916 0.6207247924804687
4 0.204167 0.5940624999999999 0.34640115755208334 0.6762948608398438
4 0.298333 0.7984375 0.5029445455729167 0.9154702758789063
4 0.2016665 0.40625 0.30057041341145835 0.449603271484375
4 0.27499999999999997 0.273125 0.35547492708333334 0.3028582763671875
4 0.2725 0.2225 0.3413121822916667 0.24603271484375
4 0.314583 0.48312499999999997 0.42542338671875 0.5482781982421875
4 0.2658335 0.1609375 0.3213208626302083 0.18796783447265625
4 0.28625 0.199375 0.34629427864583334 0.2223052978515625
4 0.45125 0.194375 0.5144124348958333 0.22043518066406248
4 0.4854165000000001 0.24562499999999998 0.5443679472656251 0.2735101318359375
4 0.5241665 0.296875 0.5943174915364583 0.3284600830078125
4 0.5720835000000001 0.4096875 0.6667550996093751 0.4564749145507812
4 0.6445835 0.18312499999999998 0.6983276985677084 0.2016961669921875
4 0.7179165 0.6659375000000001 0.8398982128906249 0.7430996704101562
4 0.676667 0.2225 0.7257859231770833 0.24603271484375
4 0.7062499999999999 0.28593749999999996 0.7807474036458334 0.30784576416015624
4 0.7200000000000001 0.2475 0.7848954999999999 0.27725830078125
4 0.8204165 0.8290625 0.9764317493489584 0.9291903686523438
4 0.8845835000000001 0.48843749999999997 0.9980151985677085 0.5520230102539062
4 0.8612500000000001 0.4190625 0.9422115807291666 0.45271575927734375
