8 0.185156 0.5687495 0.223438 0.12187499999999996
8 0.205469 0.40234400000000003 0.21718800000000005 0.10468800000000006
8 0.215625 0.2578125 0.21875 0.11562499999999998
8 0.21875050000000001 0.11953150000000001 0.20937499999999998 0.107813
8 0.424219 0.49843800000000005 0.220312 0.24374999999999997
8 0.439844 0.17421849999999997 0.13906200000000002 0.24218699999999996
8 0.5390630000000001 0.692188 0.16875 0.17500000000000004
8 0.6289065 0.1578125 0.13593699999999997 0.23750100000000002
8 0.651562 0.4031245 0.13749999999999996 0.109375
8 0.7671874999999999 0.875 0.17812499999999998 0.1875
8 0.8023435 0.1492185 0.15781299999999998 0.217187
8 0.816406 0.384375 0.13281200000000004 0.125
