3 0.0 0.7665625 0.0725 0.9898764038085938
3 0.0645835 0.48812500000000003 0.12491590690104167 0.5626483154296875
3 0.22999999999999998 0.7315625 0.28470052083333336 0.9211605834960938
3 0.258333 0.51625 0.32299662890624997 0.624495849609375
3 0.32 0.3546875 0.38458333333333333 0.4071536254882812
3 0.380417 0.82875 0.44117166536458335 0.958565673828125
3 0.445 0.45906250000000004 0.5194205729166667 0.6083016967773438
3 0.5979169999999999 0.71875 0.6508884622395833 0.928048095703125
3 0.6504165 0.495625 0.741653103515625 0.6701409912109375
3 0.9204165 0.574375 0.939634541015625 0.6825640869140625
