13 0.6131249999999999 0.785647 0.7231512451171875 0.9256787115666179
13 0.0 0.8757035000000001 0.17875 0.9977798572474379
13 0.14125000000000001 0.6913699999999999 0.244237060546875 0.8320087452415811
13 0.24 0.9418385 0.314765625 0.9976830270863837
13 0.43343750000000003 0.900563 0.5452017211914063 0.9977434597364568
13 0.45875 0.7298309999999999 0.510177001953125 0.7953664333821376
13 0.596875 0.97561 0.6475421142578125 0.997633581259151
13 0.7749999999999999 0.9418385 0.8817431640625 0.9976830270863837
13 0.764375 0.8170735 0.8136285400390625 0.8871716991215227
13 0.8940625 0.9043150000000002 0.9741268920898437 0.9977379663250368
13 0.985 0.9380865 0.9984130859375 0.9976885204978039
