17 0.1940625 0.86875 0.13937499999999997 0.14083400000000004
17 0.179375 0.4795835 0.08875 0.09583299999999999
17 0.200625 0.37125 0.09875 0.12083400000000004
17 0.22281250000000002 0.7258330000000001 0.136875 0.15499999999999994
17 0.2690625 0.8141665000000001 0.071875 0.15333299999999994
17 0.390625 0.34458300000000003 0.10875000000000001 0.13249999999999998
17 0.45499999999999996 0.939167 0.16749999999999993 0.11999999999999995
17 0.4803125 0.23083299999999998 0.104375 0.14
17 0.585 0.1825 0.12249999999999994 0.17
17 0.62375 0.9075000000000001 0.12749999999999995 0.13999999999999999
17 0.665625 0.9641670000000001 0.16500000000000004 0.07000000000000013
17 0.6990624999999999 0.39833349999999995 0.051875000000000004 0.05833299999999997
17 0.785 0.39875 0.07125000000000004 0.07916599999999992
