3 0.3053125 0.6999999999999998 0.39782684326171874 0.8074215416666665
3 0.078125 0.7016665 0.1530487060546875 0.8040863717447917
3 0.226875 0.35625 0.30040344238281247 0.42036913281250005
3 0.28625 0.8525 0.346595458984375 0.8763899739583333
3 0.388125 0.51 0.4783709716796875 0.5868359375000001
3 0.3875 0.33125 0.44212158203125 0.39623568489583333
3 0.3815625 0.09958299999999999 0.42775238037109375 0.13820333463541665
3 0.40625 0.1391665 0.449603271484375 0.1898187936197917
3 0.5 0.20833349999999998 0.57763671875 0.263895732421875
3 0.5184375 0.387917 0.5863687133789063 0.4461618997395833
3 0.54375 0.5095835000000001 0.623843994140625 0.5960034798177084
3 0.52 0.1391665 0.5701171875000001 0.1673187936197917
3 0.619375 0.30375 0.6693951416015625 0.35127149218750003
3 0.681875 0.207083 0.7374591064453125 0.2655633606770833
3 0.7662500000000001 0.9274999999999999 0.861751708984375 0.9779593177083333
3 0.7240625 0.1529165 0.7674179077148438 0.18313388997395832
3 0.7903125 0.67125 0.8948532104492187 0.7816259765625001
3 0.7978125 0.40458299999999997 0.8604708862304687 0.47530619921875
