17 0.358286 0.5053125 0.07438800000000001 0.07187500000000002
17 0.4124295 0.44375 0.08474500000000004 0.05499999999999999
17 0.4835215 0.39812499999999995 0.08757100000000005 0.05499999999999999
17 0.49529199999999995 0.46125000000000005 0.1054619999999999 0.065
17 0.5555555 0.430625 0.09227900000000004 0.04749999999999999
17 0.5696795 0.34875 0.09604500000000012 0.05499999999999999
17 0.6200565 0.395625 0.10263700000000009 0.05249999999999999
17 0.6558379999999999 0.35968750000000005 0.07250400000000003 0.03937499999999999
17 0.925141 0.48124999999999996 0.14783399999999997 0.13499999999999995
17 0.9081925 0.3134375 0.03672300000000014 0.020625000000000004
17 0.937382 0.321875 0.03860599999999997 0.03375
