2 0.1640625 0.602083 0.148125 0.2325
2 0.271875 0.6737500000000001 0.165 0.18916600000000003
2 0.2471875 0.49666649999999996 0.10812500000000003 0.161667
2 0.29312499999999997 0.7925000000000001 0.13874999999999998 0.19333399999999998
2 0.3403125 0.46541699999999997 0.13687500000000002 0.17249999999999996
2 0.4053125 0.598333 0.171875 0.20000000000000004
2 0.4359375 0.823333 0.17062499999999997 0.20999999999999996
2 0.48250000000000004 0.715 0.22249999999999998 0.15166599999999994
2 0.506875 0.5533335 0.12374999999999997 0.161667
2 0.568125 0.5920835 0.12 0.13916700000000004
2 0.5890625 0.7987500000000001 0.14312500000000006 0.12916600000000011
