18 0.44625 0.335835 0.536875 0.42495299999999997
18 0.320625 0.23452199999999995 0.34125 0.315197
18 0.331875 0.15853699999999998 0.375625 0.212008
18 0.33625 0.24014999999999997 0.355 0.276735
18 0.33625 0.331144 0.383125 0.399625
18 0.33875 0.257974 0.379375 0.322702
18 0.3425 0.201689 0.381875 0.252345
18 0.360625 0.11444700000000001 0.39875 0.14915599999999998
18 0.366875 0.272983 0.411875 0.333021
18 0.374375 0.331144 0.40125 0.369606
18 0.376875 0.183865 0.39625 0.23545999999999997
18 0.378125 0.23170700000000002 0.418125 0.27579699999999996
18 0.379375 0.36773 0.426875 0.41744799999999993
18 0.38625 0.353659 0.411875 0.37711100000000003
18 0.4075 0.256098 0.45125 0.31144499999999997
18 0.4075 0.313321 0.455 0.365854
18 0.415625 0.355535 0.45875 0.40431500000000004
18 0.430625 0.37898699999999996 0.474375 0.42120100000000005
18 0.44 0.16228900000000002 0.470625 0.202627
18 0.44125 0.20075 0.480625 0.262664
18 0.44625 0.280488 0.4975 0.35741100000000003
18 0.466875 0.554409 0.479375 0.594747
18 0.471875 0.4315199999999999 0.519375 0.49718599999999996
18 0.471875 0.152908 0.528125 0.189493
18 0.479375 0.183865 0.526875 0.24859299999999998
18 0.4875 0.23545999999999997 0.5425 0.283302
18 0.48875 0.29549699999999995 0.513125 0.333959
18 0.5 0.266417 0.55 0.32364
18 0.505 0.581613 0.524375 0.623827
18 0.50625 0.353659 0.535625 0.41181999999999996
18 0.5075 0.46998100000000004 0.564375 0.537523
18 0.515625 0.414634 0.566875 0.48405299999999996
18 0.520625 0.32551599999999997 0.55 0.368668
18 0.526875 0.17636 0.564375 0.242964
18 0.5475 0.48592899999999994 0.59875 0.550657
18 0.54875 0.34334000000000003 0.586875 0.3780489999999999
18 0.55375 0.268293 0.60375 0.335835
18 0.5575 0.594747 0.576875 0.636023
18 0.5625 0.4315199999999999 0.60875 0.500938
18 0.5625 0.23170700000000002 0.615625 0.30487800000000004
18 0.584375 0.173546 0.605 0.201689
18 0.584375 0.350844 0.621875 0.38743
18 0.586875 0.418386 0.631875 0.468105
18 0.588125 0.181051 0.629375 0.23827399999999999
18 0.59 0.257974 0.636875 0.27861199999999997
18 0.59125 0.49531000000000003 0.61125 0.5243899999999999
18 0.5975 0.30487800000000004 0.64125 0.348968
18 0.59875 0.21763600000000002 0.639375 0.261726
18 0.60125 0.150094 0.636875 0.212008
18 0.6125 0.689493 0.636875 0.7101310000000001
18 0.61375 0.35272 0.64125 0.38743
18 0.625625 0.645403 0.64625 0.689493
18 0.630625 0.356473 0.65375 0.3855530000000001
18 0.630625 0.281426 0.66125 0.333959
18 0.631875 0.572233 0.6575 0.597561
18 0.634375 0.18667899999999998 0.675625 0.23452199999999995
18 0.638125 0.243902 0.678125 0.307692
18 0.638125 0.330206 0.679375 0.38367699999999993
18 0.64125 0.537523 0.666875 0.574109
18 0.6475 0.5431520000000001 0.723125 0.621951
18 0.6525 0.5300189999999999 0.69625 0.6088180000000001
18 0.655 0.491557 0.71 0.533771
18 0.66125 0.182927 0.689375 0.209193
18 0.66375 0.50469 0.70375 0.5525329999999999
18 0.665 0.201689 0.71125 0.269231
18 0.673125 0.6819890000000001 0.690625 0.7185739999999999
18 0.675625 0.28424 0.705 0.329268
18 0.680625 0.452158 0.71 0.47467200000000004
18 0.6925 0.401501 0.74375 0.45403399999999994
18 0.69625 0.24014999999999997 0.741875 0.300188
18 0.69875 0.526266 0.75875 0.594747
18 0.7025 0.309568 0.731875 0.340525
18 0.7025 0.438086 0.738125 0.501876
18 0.70375 0.207317 0.733125 0.243902
18 0.7075 0.58349 0.7575 0.680113
18 0.725625 0.45403399999999994 0.75375 0.516886
18 0.730625 0.7185739999999999 0.745 0.7645400000000001
18 0.733125 0.307692 0.769375 0.346154
18 0.74375 0.25422100000000003 0.790625 0.313321
18 0.74375 0.592871 0.79625 0.674484
18 0.76 0.390244 0.81875 0.419325
18 0.76375 0.5487810000000001 0.81875 0.6088180000000001
18 0.765 0.5140710000000001 0.81375 0.554409
18 0.769375 0.232645 0.80375 0.294559
18 0.773125 0.023452 0.80625 0.06379
18 0.775625 0.08818 0.80375 0.138837
18 0.775625 0.755159 0.805 0.821764
18 0.776875 0.413696 0.81 0.470919
18 0.779375 0.307692 0.834375 0.401501
18 0.781875 0.6491560000000001 0.831875 0.698874
18 0.786875 0.73546 0.81125 0.758912
18 0.793125 0.636023 0.825625 0.680113
18 0.7975 0.09380899999999999 0.836875 0.14821800000000002
18 0.80375 0.7570359999999999 0.828125 0.7814260000000001
18 0.805 0.053471000000000005 0.833125 0.090056
18 0.8075 0.025328 0.831875 0.065666
18 0.81125 0.616323 0.865 0.695122
18 0.8125 0.5487810000000001 0.830625 0.606942
18 0.820625 0.47654799999999997 0.86 0.545966
18 0.831875 0.353659 0.85875 0.37335799999999997
18 0.835625 0.11726099999999998 0.871875 0.157598
18 0.836875 0.523452 0.885625 0.591932
18 0.840625 0.577861 0.90375 0.62758
18 0.843125 0.65666 0.891875 0.704503
18 0.84875 0.744841 0.875625 0.797373
18 0.855 0.05534699999999999 0.886875 0.096623
18 0.86375 0.452158 0.91 0.516886
18 0.86625 0.144465 0.891875 0.184803
18 0.8675 0.6144470000000001 0.929375 0.693246
18 0.873125 0.015009 0.905 0.106004
18 0.874375 0.423077 0.931875 0.49812399999999996
18 0.878125 0.09380899999999999 0.91375 0.140713
18 0.879375 0.5093810000000001 0.928125 0.58818
18 0.885625 0.12288900000000001 0.931875 0.165103
18 0.886875 0.798311 0.9075 0.855535
18 0.888125 0.181051 0.92125 0.205441
18 0.894375 0.727017 0.92 0.7908069999999999
18 0.895625 0.157598 0.95 0.194184
18 0.9175 0.5197 0.975625 0.602251
18 0.923125 0.4831140000000001 0.965 0.545966
18 0.925625 0.580675 0.980625 0.653846
18 0.9525 0.14258900000000002 0.976875 0.179174
18 0.96 0.802064 0.978125 0.855535
18 0.96 0.175422 0.979375 0.190432
18 0.9675 0.505629 0.999375 0.598499
18 0.96875 0.721388 0.999375 0.800188
18 0.978125 0.635084 0.999375 0.666979
18 0.979375 0.58818 0.999375 0.630394
