13 0.6756249999999999 0.31416700000000003 0.8193402099609375 0.4612579283854166
13 0.34687500000000004 0.22 0.4184112548828125 0.34304654166666665
13 0.515625 0.5583334999999999 0.6869964599609375 0.7309400032552084
13 0.469375 0.0 0.5507916259765625 0.09666699999999999
13 0.464375 0.3391665 0.5345465087890625 0.389558376953125
13 0.500625 0.1616665 0.6070111083984375 0.2831224967447917
13 0.70625 0.13500000000000004 0.814310302734375 0.2564912187500001
13 0.76875 0.561667 0.8617492675781251 0.7059356627604166
13 0.7806249999999999 0.0 0.8342376708984375 0.06
13 0.8425 0.2066665 0.9291772460937501 0.3580639029947917
13 0.899375 0.0 0.9428717041015625 0.166667
13 0.9325 0.633333 0.99783935546875 0.7525083476562501
13 0.9525 0.3391665 0.99781982421875 0.464558376953125
13 0.9668749999999999 0.199167 0.9940557861328125 0.2564076679687501
13 0.97125 0.09500000000000001 0.997801513671875 0.16654330208333334
