0 0.6 0.670313 0.6681640624999999 0.7321583974609376
0 0.2648435 0.6804684999999999 0.34349136376953127 0.7383974799804688
0 0.29531199999999996 0.703125 0.38877360937499994 0.7633763544921875
0 0.25156300000000004 0.5609375 0.29819233300781256 0.6307022094726562
0 0.29531250000000003 0.609375 0.36064960888671876 0.6759669072265625
0 0.319531 0.7195309999999999 0.4059379580078125 0.7821093330078125
0 0.41874999999999996 0.566406 0.487091064453125 0.627571869140625
0 0.44218749999999996 0.6007815000000001 0.5261311762695312 0.6509762993164062
0 0.46328099999999994 0.7078125 0.5214225771484374 0.7774337768554687
0 0.47890599999999994 0.6812495 0.5370323183593749 0.7508967172851562
0 0.477344 0.4914065 0.5229718437499999 0.5604581108398438
0 0.5234375 0.5375005 0.5401138305664063 0.5885380971679688
0 0.5570315 0.577344 0.5838310239257812 0.6619361874999999
0 0.5789059999999999 0.7578125 0.625996662109375 0.7945729487304688
0 0.5914065 0.510938 0.6369224545898438 0.591689037109375
0 0.6203125 0.7945315 0.6681442260742188 0.8398490903320313
0 0.634375 0.539063 0.6634424931640626 0.6166615712890624
0 0.716406 0.7429685 0.755550384765625 0.8445864448242189
