5 0.07625 0.5979165000000001 0.119300537109375 0.6800544628906251
5 0.1071875 0.8804164999999999 0.13489532470703125 0.9171866243489583
5 0.23843750000000002 0.9158335000000001 0.3066421508789063 0.9979745084635417
5 0.228125 0.4695829999999999 0.2766522216796875 0.6102215638020833
5 0.2603125 0.6729165 0.30162078857421876 0.702456806640625
5 0.2903125 0.1070835 0.3390914916992187 0.172360568359375
5 0.30875 0.542917 0.35282348632812505 0.6159600768229166
5 0.349375 0.6695835 0.3877838134765625 0.728295146484375
5 0.4871875 0.64125 0.5120242309570312 0.6766650390624999
5 0.535625 0.31916649999999996 0.5763519287109375 0.37041741861979166
5 0.5878125000000001 0.2216665 0.6306759643554687 0.2755443717447917
5 0.7246875 0.533333 0.7636672973632813 0.5801385559895833
5 0.7778125 0.6625 0.8217404174804688 0.7349703697916666
5 0.7684375 0.33375000000000005 0.8004995727539063 0.40456542968750003
5 0.834375 0.36291650000000003 0.8910601806640625 0.4478604524739584
