4 0.2685185 0.1427465 0.2847167749023437 0.1788030007320644
4 0.302469 0.2407405 0.3237786201171875 0.2650795248901903
4 0.2993825 0.140432 0.31657963427734376 0.16337438945827232
4 0.31327150000000004 0.18287 0.33611407080078126 0.21578125475841872
4 0.31224300000000005 0.28858 0.3247980751953125 0.31902148169838945
4 0.3307615 0.3233025 0.34124099072265623 0.33440364348462664
4 0.350823 0.2415125 0.37722939941406247 0.27279439458272325
4 0.3472225 0.283951 0.36900291552734377 0.3128562591508053
4 0.370885 0.214506 0.3946998076171875 0.24968593557833088
4 0.3780865 0.12345700000000001 0.39777877490234376 0.158770243045388
4 0.412037 0.15586400000000003 0.43375362011718754 0.19112979502196195
4 0.421811 0.22608 0.4481480751953125 0.2527549897510981
4 0.4264405 0.2777775 0.44814355419921875 0.3113212979502196
4 0.4547325 0.290895 0.4758929252929688 0.3190180922401171
4 0.460905 0.22916700000000004 0.4810308974609375 0.26201046998535876
4 0.48508249999999997 0.28857999999999995 0.5005552866210937 0.3159354816983894
