13 0.082231 0.530625 0.332703 0.73375
13 0.098299 0.055 0.31852600000000003 0.191875
13 0.11625699999999999 0.0 0.36483899999999997 0.103125
13 0.287335 0.118125 0.530246 0.21375
13 0.348771 0.501875 0.5964079999999999 0.605625
13 0.39792099999999997 0.0 0.7551979999999999 0.121875
13 0.487713 0.470625 0.681475 0.64
13 0.55293 0.609375 0.7618149999999999 0.84125
13 0.561437 0.070625 0.865785 0.210625
13 0.6001890000000001 0.185 0.8629490000000001 0.33875
13 0.697543 0.0 0.806238 0.06875
13 0.741966 0.089375 0.958412 0.233125
13 0.865785 0.271875 0.999055 0.3475
