16 0.62 0.505439 0.11749999999999994 0.10209199999999996
16 0.2109375 0.5640165 0.114375 0.1723850000000001
16 0.1990625 0.36987450000000005 0.060624999999999984 0.06359899999999992
16 0.215 0.44644350000000005 0.08749999999999997 0.09958099999999999
16 0.26156250000000003 0.3983265 0.07937500000000003 0.07866099999999998
16 0.384375 0.453975 0.1175 0.087866
16 0.38187499999999996 0.559414 0.06 0.12635999999999997
16 0.48812500000000003 0.3372385 0.08749999999999997 0.08702900000000002
16 0.4915625 0.4364015 0.06937500000000002 0.09958099999999999
16 0.5231250000000001 0.250209 0.04250000000000009 0.03849399999999997
16 0.5521875 0.140167 0.07437499999999997 0.041004
16 0.576875 0.39665249999999996 0.09250000000000003 0.1338909999999999
16 0.6231249999999999 0.33389150000000006 0.053750000000000075 0.08033500000000005
16 0.6834374999999999 0.278661 0.10562499999999997 0.09539799999999996
16 0.7334375 0.3125525 0.11312500000000003 0.08284499999999995
16 0.7678125 0.5096229999999999 0.15312499999999996 0.16736399999999999
16 0.784375 0.38451849999999993 0.08124999999999993 0.07280299999999994
16 0.8 0.268201 0.09124999999999994 0.07112999999999998
16 0.8378125000000001 0.3192465 0.08437499999999998 0.08284500000000006
16 0.87125 0.393305 0.12624999999999997 0.13054400000000002
