13 0.7428125 0.8044095 0.8080245971679687 0.8740572408491947
13 0.2815625 0.7349904999999999 0.33972503662109377 0.7972348792093704
13 0.42781250000000004 0.7321765000000001 0.49333221435546876 0.7916109992679357
13 0.545 0.7298309999999999 0.5932177734375 0.8122524333821376
13 0.6287499999999999 0.8081615 0.676260986328125 0.8646707474377747
13 0.6665625 0.7124764999999998 0.7199740600585937 0.7719398426061492
13 0.7146874999999999 0.619606 0.7505520629882813 0.6707628169838946
13 0.7831250000000001 0.683865 0.8311102294921875 0.7494677335285503
13 0.8409375 0.6233584999999999 0.8723037719726563 0.68013832284041
13 0.880625 0.5314260000000001 0.9260150146484375 0.5874019238653001
13 0.9465625 0.816135 0.9947006225585937 0.8984300732064422
13 0.9478125 0.686679 0.9871994018554687 0.7372686134699853
13 0.958125 0.610694 0.9809393310546876 0.6238708653001463
13 0.973125 0.554878 0.9984246826171875 0.5873675871156663
