0 0.86625 0.3733335 0.9129040527343749 0.419513888671875
0 0.0 0.8562500000000001 0.211875 0.9980520911458334
0 0.0 0.0 0.22 0.3499999999999999
0 0.0 0.5266665 0.22125 0.702647236328125
0 0.3421875 0.0 0.46841583251953123 0.348333
0 0.35625 0.8616670000000001 0.49090209960937503 0.9980450377604168
0 0.36062500000000003 0.5379170000000001 0.4933978271484375 0.7059665872395834
0 0.6096875 0.183333 0.7369046020507813 0.34309428515625
0 0.629375 0.5275 0.7618853759765625 0.7109801510416666
0 0.6503125000000001 0.8608335 0.7937399291992188 0.998046123046875
0 0.869375 0.170833 0.9872760009765625 0.3306105611979167
0 0.8896875 0.51125 0.9985061645507812 0.6943343098958333
0 0.89625 0.8520835 0.998499755859375 0.9980575162760417
