5 0.109297 0.597587 0.188077 0.654365
5 0.138396 0.547906 0.177431 0.585522
5 0.19659300000000002 0.109297 0.552874 0.455642
5 0.21504600000000001 0.777857 0.263307 0.8459899999999999
5 0.217175 0.914833 0.275373 0.99929
5 0.247693 0.736693 0.293825 0.7927609999999999
5 0.251242 0.544358 0.30943899999999996 0.584102
5 0.28885700000000003 0.6934 0.34421599999999997 0.74308
5 0.33428 0.275373 0.8005680000000001 0.684883
5 0.342087 0.659333 0.561391 0.838893
5 0.41234899999999997 0.8495389999999999 0.46061 0.890703
5 0.683463 0.684883 0.753726 0.745209
5 0.7601140000000001 0.712562 0.804826 0.755145
