2 0.375235 0.083125 0.40619099999999997 0.1175
2 0.3911820000000001 0.040625 0.41181999999999996 0.06125
2 0.5197 0.119375 0.580675 0.134375
2 0.5525329999999999 0.035625 0.567542 0.0575
2 0.58818 0.0475 0.629456 0.07125
2 0.650094 0.0 0.6810510000000001 0.016875
2 0.673546 0.040625 0.712008 0.0575
2 0.703565 0.00125 0.7504689999999998 0.02
2 0.744841 0.0325 0.7851779999999999 0.069375
2 0.7682929999999999 0.0 0.806754 0.016875
2 0.8911819999999999 0.1325 0.8986870000000001 0.143125
2 0.906191 0.119375 0.952158 0.15
2 0.913696 0.0525 0.934334 0.078125
2 0.929644 0.0 0.9962479999999999 0.021875
2 0.942777 0.143125 0.9727950000000001 0.170625
