11 0.6677215000000001 0.26820350000000004 0.7504029282226563 0.34678564775280896
11 0.0 0.3980585 0.018987 0.431591743258427
11 0.0 0.15898049999999997 0.033755 0.20370437022471907
11 0.0601265 0.4004855 0.10120728271484375 0.44615201629213486
11 0.0537975 0.1407765 0.08011646337890625 0.16974482415730338
11 0.0601265 0.30582499999999996 0.08011028271484376 0.33460737640449434
11 0.136076 0.6492715 0.15598511328125 0.6764544814606741
11 0.150844 0.6893205 0.17917769140625 0.7249534825842695
11 0.2383965 0.0 0.26980919091796873 0.06310700000000001
11 0.246835 0.319175 0.28245895019531253 0.3418743764044944
11 0.31751050000000003 0.07281549999999999 0.3773269311523437 0.14069518483146065
11 0.3185655 0.262136 0.35200990087890627 0.3103854651685393
11 0.570675 0.33737849999999997 0.6196957001953124 0.38554292303370785
11 0.5812235 0.40412600000000004 0.6049173989257813 0.4218759258426967
11 0.6845995 0.47330099999999997 0.7524964458007812 0.5504392011235956
11 0.7805905 0.433252 0.8346807045898438 0.5043672
11 0.7700425 0.7985435000000001 0.8072650053710937 0.8437627601123596
11 0.9282699999999999 0.3021845 0.996983486328125 0.38315546685393254
11 0.9303794999999999 0.45752450000000006 0.9969814262695312 0.53589392752809
