9 0.2871875 0.706848 0.3209695434570312 0.7588150834553441
9 0.29875 0.21529099999999998 0.34283325195312503 0.25765878623718885
9 0.326875 0.7922139999999999 0.38218078613281253 0.8487460966325037
9 0.3828125 0.6796435000000001 0.44150115966796877 0.7429069143484627
9 0.493125 0.665103 0.5426434326171875 0.7391762035139092
9 0.5090625 0.21622899999999998 0.5476278686523437 0.24546241288433382
9 0.5696875 0.7030955 0.6075686645507813 0.7588205775988288
9 0.6996875 0.7546904999999999 0.7405667114257812 0.8122160358711566
9 0.7190624999999999 0.23827399999999999 0.7649227905273438 0.2913961361639824
9 0.7465625 0.8334894999999999 0.8036459350585937 0.8946516639824302
9 0.8065625000000001 0.7223265 0.8642123413085937 0.7953774209370424
