7 0.052343499999999994 0.48750000000000004 0.10468699999999999 0.2625
7 0.0554685 0.48593749999999997 0.110937 0.271875
7 0.0945315 0.6296875 0.035937 0.04062500000000002
7 0.1445315 0.6242190000000001 0.054686999999999986 0.029688000000000048
7 0.2578125 0.5820315 0.07499899999999995 0.051563000000000025
7 0.26875000000000004 0.623437 0.07500000000000001 0.043749999999999956
7 0.45078150000000006 0.580469 0.29218700000000003 0.251562
7 0.5359375 0.22656199999999999 0.159375 0.125
7 0.539844 0.2242185 0.15468799999999994 0.120313
7 0.8125 0.6210935 0.315624 0.289063
7 0.8156254999999999 0.628125 0.2968749999999999 0.2875
7 0.9195315 0.4203125 0.15781299999999998 0.26875099999999996
7 0.9226565 0.415625 0.1515629999999999 0.25
