14 0.43281250000000004 0.5347095 0.47582733154296875 0.5845831163982429
14 0.43875 0.6336774999999999 0.483946533203125 0.6829372144948755
14 0.4346875 0.4634149999999999 0.4670755004882813 0.4965075007320644
14 0.4509375 0.4066605 0.46080963134765623 0.4309245966325036
14 0.495625 0.433865 0.5376409912109374 0.48341776573938494
14 0.49843750000000003 0.555816 0.5388882446289063 0.6061282137628111
14 0.52625 0.37711050000000007 0.573236083984375 0.4122058616398243
14 0.5303125 0.5098495000000001 0.5757321166992188 0.5583525146412884
14 0.5334375 0.628987 0.5769790649414063 0.6791920819912153
14 0.5771875 0.5647279999999999 0.6144363403320312 0.6117431654465593
14 0.5846875 0.45591 0.6219290161132813 0.5058994890190336
14 0.6231249999999999 0.5065665 0.6618914794921875 0.5442863213762811
14 0.6365625 0.5834895000000001 0.6656283569335938 0.6210966961932651
