13 0.0 0.4011825 0.035 0.4639977354881267
13 0.0 0.1984795 0.04125 0.2345351536939314
13 0.0 0.27195949999999997 0.045 0.3357902143799472
13 0.0 0.1317565 0.05125 0.16198817875989446
13 0.0 0.7542230000000001 0.15 0.8807619828496042
13 0.0 0.9324324999999999 0.21375 0.9970808779683378
13 0.116875 0.5464524999999999 0.2261358642578125 0.6681980864116094
13 0.063125 0.27871650000000003 0.0911883544921875 0.3256463001319261
13 0.096875 0.33445949999999997 0.1536553955078125 0.39482876055408966
13 0.065625 0.184122 0.08368591308593751 0.22948709498680742
13 0.08625 0.173142 0.096165771484375 0.20247458047493402
13 0.12687500000000002 0.27111450000000004 0.1623760986328125 0.3053853291556728
13 0.135 0.22297300000000003 0.16361816406250002 0.2530838403693932
13 0.16875 0.21199350000000003 0.19858520507812502 0.2581663251978892
13 0.27249999999999996 0.7694255 0.39848388671875 0.9128359267810026
13 0.20937499999999998 0.3048985 0.26104553222656246 0.34250275923482854
13 0.21437499999999998 0.24408800000000003 0.2460406494140625 0.2665699841688654
13 0.28625 0.4881755000000001 0.360970458984375 0.5838149689973615
13 0.276875 0.2905405 0.3047296142578125 0.3138057011873351
13 0.31062500000000004 0.345439 0.3634466552734375 0.39481427572559363
13 0.388125 0.9020270000000001 0.5058709716796875 0.9971209907651716
13 0.359375 0.3158785 0.3846490478515625 0.3627592737467018
13 0.38749999999999996 0.4535475 0.41962158203125 0.48757765237467016
13 0.391875 0.38344599999999995 0.41961730957031246 0.4184131345646438
13 0.42125 0.32432449999999996 0.450838623046875 0.3475451312664908
13 0.43562500000000004 0.412162 0.4783245849609375 0.4656722506596306
13 0.528125 0.430743 0.6057342529296874 0.5197017374670185
13 0.5800000000000001 0.3125 0.64068359375 0.3796557308707124
13 0.599375 0.897804 0.6631646728515624 0.9971265620052772
13 0.615625 0.6841214999999999 0.6918988037109375 0.8217324650395779
13 0.675 0.498311 0.7555908203125 0.5888695976253299
13 0.6425000000000001 0.3091215 0.67437255859375 0.3593891879947229
13 0.665 0.34459499999999993 0.7156005859375001 0.379613389182058
13 0.70375 0.9518580000000001 0.735562744140625 0.9936762506596306
13 0.7362500000000001 0.2677365 0.796781005859375 0.33579578562005274
13 0.745625 0.6917229999999999 0.8092718505859375 0.8115874366754617
13 0.821875 0.9400339999999999 0.9316973876953125 0.9970708496042217
13 0.78375 0.39358150000000003 0.8542346191406249 0.4961027631926122
13 0.835 0.5760135000000001 0.9016845703124999 0.6715370877308707
13 0.875625 0.8378375 0.9828948974609375 0.9651106734828495
13 0.8518749999999999 0.190034 0.8916680908203125 0.25650629551451193
13 0.89625 0.31334449999999997 0.946624755859375 0.3695186167546174
13 0.8975 0.4442565 0.9391235351562499 0.5298189096306068
13 0.940625 0.7238175000000001 0.9978314208984376 0.8335040956464381
13 0.95 0.5633445 0.997822265625 0.6343918014511872
13 0.9606250000000001 0.4222975 0.9903118896484374 0.49099687928759894
13 0.964375 0.9315880000000001 0.9978082275390625 0.9970819920844327
13 0.9675 0.26351350000000007 0.99780517578125 0.3543823568601584
