16 0.5559375 0.48030000000000006 0.138125 0.14634200000000003
16 0.2834375 0.5290805000000001 0.21562499999999998 0.1613510000000001
16 0.2553125 0.675891 0.156875 0.17542199999999997
16 0.3725 0.8348965 0.16500000000000004 0.31144500000000014
16 0.37124999999999997 0.660413 0.15999999999999998 0.21388399999999996
16 0.4084375 0.371482 0.17812499999999998 0.146342
16 0.4425 0.5201690000000001 0.11499999999999999 0.22420200000000004
16 0.45 0.7626645000000001 0.036250000000000004 0.07504699999999996
16 0.545625 0.6116320000000001 0.21125 0.17260799999999996
16 0.53125 0.8334899999999998 0.14999999999999997 0.2861159999999999
16 0.5584374999999999 0.345216 0.11687499999999995 0.195122
16 0.6053125 0.6857409999999999 0.181875 0.22138800000000003
16 0.6859375 0.467167 0.140625 0.157598
16 0.745625 0.5848965 0.20375 0.18855500000000003
16 0.7484375 0.7096625000000001 0.181875 0.16228899999999993
