4 0.640625 0.7765625 0.7384363896484375 0.8773666381835938
4 0.2765625 0.6554690000000001 0.34816691943359374 0.7337348935546875
4 0.34921900000000006 0.6749995 0.42309696582031253 0.7540278208007812
4 0.4 0.5906255 0.468359375 0.6509862172851563
4 0.4671875 0.7335940000000001 0.5479807622070312 0.799283599609375
4 0.5335935 0.9109370000000001 0.6088539125976562 0.9881724130859376
4 0.5304685 0.5804685 0.5979189643554688 0.6603701362304687
4 0.5437505 0.47265599999999997 0.6166569936523437 0.508913421875
4 0.630469 0.9367185 0.6868843076171876 0.9959602358398437
4 0.6882815 0.5093745 0.7727658500976562 0.5823145639648437
4 0.7234375 0.625 0.7977305180664062 0.7134526484375
4 0.7632810000000001 0.915625 0.8476916083984376 0.9975438349609375
4 0.819531 0.6984375 0.9023246767578125 0.7883799321289063
4 0.814063 0.48828150000000003 0.8663930166015624 0.5213981625976563
4 0.9109379999999999 0.6125005 0.981923412109375 0.6822148549804687
4 0.9265625 0.5273435 0.9865951538085938 0.5666720161132812
4 0.9429685000000001 0.7328125 0.9928291323242188 0.7820963627929687
