17 0.19593750000000001 0.6975000000000001 0.12187500000000001 0.15166600000000008
17 0.205625 0.47375000000000006 0.044999999999999984 0.18583400000000005
17 0.346875 0.45541650000000006 0.08250000000000002 0.19083300000000003
17 0.396875 0.51375 0.08625 0.2225
17 0.4465625 0.355 0.12687500000000002 0.20666599999999993
17 0.450625 0.08583299999999999 0.10750000000000004 0.13999999999999999
17 0.51875 0.21624999999999997 0.10625000000000001 0.08750000000000002
17 0.51 0.86 0.08250000000000002 0.198334
17 0.5815625 0.8408335 0.05062500000000003 0.10166699999999995
17 0.6331249999999999 0.5458335 0.15125 0.13833299999999996
17 0.7165625 0.31875000000000003 0.1343749999999999 0.134166
17 0.7759375 0.7129165000000001 0.08562499999999995 0.22083299999999997
