10 0.683125 0.533333 0.10499999999999998 0.13499999999999993
10 0.012812500000000001 0.3875 0.015625 0.04666600000000002
10 0.0290625 0.39666700000000005 0.011875000000000004 0.04499999999999993
10 0.047812499999999994 0.40083350000000006 0.008125 0.046667000000000014
10 0.0528125 0.42250000000000004 0.018125000000000002 0.06833400000000005
10 0.0721875 0.4208334999999999 0.018125000000000002 0.06166699999999999
10 0.0878125 0.4283335000000001 0.020625000000000004 0.05666699999999995
10 0.1053125 0.45249999999999996 0.016875 0.05666599999999996
10 0.1434375 0.45625000000000004 0.030625000000000013 0.06083399999999998
10 0.168125 0.46916700000000006 0.03125 0.06499999999999995
10 0.2015625 0.47166700000000006 0.030625000000000013 0.05999999999999998
10 0.22125 0.487917 0.03875000000000001 0.08250000000000002
10 0.24874999999999997 0.5054165 0.024999999999999994 0.08916700000000007
10 0.273125 0.512083 0.03500000000000003 0.08250000000000002
10 0.31 0.5154165 0.04625000000000001 0.08916700000000007
10 0.345625 0.5379170000000001 0.06874999999999998 0.08249999999999995
10 0.34375 0.6833334999999999 0.03374999999999995 0.053333
10 0.3434375 0.63875 0.020625000000000004 0.06750000000000005
10 0.3725 0.64625 0.03749999999999998 0.07249999999999994
10 0.37406249999999996 0.7075 0.03437499999999999 0.06666599999999996
10 0.3928125 0.557083 0.06187500000000001 0.11750000000000001
10 0.40625 0.46375000000000005 0.04249999999999998 0.07583399999999996
10 0.42093749999999996 0.6654165 0.05937500000000001 0.0858329999999999
10 0.4215625 0.37374999999999997 0.05812499999999998 0.08416599999999996
10 0.42874999999999996 0.2908335 0.04375000000000001 0.06333300000000001
10 0.439375 0.7533329999999999 0.04625000000000001 0.09000000000000001
10 0.45281249999999995 0.5775 0.06562499999999999 0.11000000000000003
10 0.45781249999999996 0.46541699999999997 0.05562499999999998 0.08249999999999995
10 0.46968750000000004 0.38125000000000003 0.070625 0.08916600000000008
10 0.46906250000000005 0.299583 0.05437500000000001 0.0675
10 0.4703125 0.7016669999999999 0.046875 0.09000000000000001
10 0.4915625 0.7970835 0.07312499999999994 0.09416699999999996
10 0.5146875 0.5975 0.08937499999999998 0.11833400000000001
10 0.51625 0.4908335000000001 0.07875000000000004 0.10833300000000001
10 0.5175000000000001 0.387917 0.06625000000000003 0.08250000000000002
10 0.5271875 0.307917 0.06187499999999996 0.08750000000000006
10 0.5315624999999999 0.7170834999999999 0.06312499999999999 0.099167
10 0.558125 0.8254164999999999 0.07000000000000006 0.08916699999999993
10 0.5974999999999999 0.623333 0.11750000000000005 0.13999999999999999
10 0.5956250000000001 0.39749999999999996 0.08999999999999997 0.09833399999999999
10 0.5859375 0.302917 0.0631250000000001 0.07750000000000005
10 0.6128125 0.7533335 0.10187499999999994 0.10666700000000014
10 0.6387499999999999 0.8654164999999999 0.08875 0.12416699999999992
10 0.6609375 0.4170835 0.09687499999999993 0.13083299999999998
10 0.656875 0.31124999999999997 0.07374999999999998 0.08416599999999996
10 0.6950000000000001 0.6704165 0.11625000000000008 0.13083299999999998
10 0.7165625 0.7825000000000001 0.09687500000000004 0.11333400000000005
10 0.7428125 0.30374999999999996 0.09812500000000002 0.120834
10 0.7718750000000001 0.57 0.09999999999999998 0.14666599999999996
10 0.809375 0.7020835 0.10499999999999998 0.12916700000000003
10 0.8165625 0.8091664999999999 0.09062499999999996 0.088333
10 0.8434375000000001 0.338333 0.13437500000000002 0.155
10 0.863125 0.4604165 0.11375000000000002 0.11416699999999991
10 0.8796875 0.5879165 0.09312500000000001 0.13083299999999998
10 0.9040625 0.7266665 0.10062499999999996 0.11833299999999995
