16 0.6075649999999999 0.6440625 0.11189999999999999 0.083125
16 0.321119 0.5715625 0.026003999999999975 0.07187500000000002
16 0.34594149999999996 0.619375 0.053585000000000035 0.07499999999999996
16 0.3483055 0.5646875 0.053585000000000035 0.09562500000000007
16 0.399921 0.5365624999999999 0.07486199999999997 0.07687499999999997
16 0.40740750000000003 0.6625 0.081955 0.05125000000000002
16 0.46690299999999996 0.5393749999999999 0.096926 0.08875
16 0.48620949999999996 0.6799999999999999 0.10559500000000004 0.06999999999999995
16 0.5488575 0.6809375 0.09692699999999992 0.04812499999999997
16 0.5445235 0.55125 0.04097699999999993 0.07125000000000004
16 0.5906224999999999 0.58625 0.103231 0.08374999999999999
16 0.6359339999999999 0.619375 0.081954 0.05125000000000002
