3 0.6228125 0.28333349999999996 0.6768917846679687 0.304631076171875
3 0.7571875 0.48708349999999995 0.9248855590820313 0.5535327766927083
3 0.7396875 0.34541700000000003 0.8786526489257813 0.38371723828125
3 0.7675000000000001 0.542083 0.90925048828125 0.6051271627604166
3 0.7831250000000001 0.42708299999999993 0.9317352294921875 0.50027690234375
3 0.7790625 0.26416649999999997 0.9067391967773437 0.305489033203125
3 0.7996875 0.32458349999999997 0.9273440551757812 0.393744365234375
3 0.7875000000000001 0.619167 0.85798095703125 0.67086079296875
3 0.806875 0.8095829999999999 0.8823370361328126 0.89977885546875
3 0.8668750000000001 0.6345835 0.9779034423828125 0.8066737194010417
3 0.9075 0.7729165 0.98161376953125 0.8923265983072918
3 0.9278124999999999 0.6595835 0.9984689331054688 0.7741411673177083
3 0.9612499999999999 0.8254164999999999 0.9984362792968751 0.8889252389322917
