6 0.268125 0.0 0.4397381591796875 0.513133
6 0.2546875 0.540338 0.28350128173828126 0.5817608755490483
6 0.5059374999999999 0.6575985 0.6457559204101563 0.9662041910688142
6 0.4475 0.2894 0.47768798828125003 0.33259728111273795
6 0.4603125 0.226079 0.48392547607421876 0.26702399121522696
6 0.48406249999999995 0.43058149999999995 0.5214022827148437 0.47779357320644206
6 0.489375 0.350844 0.5163970947265625 0.3841013191800879
6 0.5025 0.301126 0.53013427734375 0.3344561127379209
6 0.505625 0.22889299999999996 0.5326312255859375 0.2726478711566618
6 0.5518749999999999 0.2565665 0.5800860595703125 0.2838643535871157
6 0.5615625 0.30863 0.5907015991210938 0.35133012591508056
6 0.5690625 0.198405 0.6044442749023438 0.25017850951683746
6 0.6031249999999999 0.359756 0.6312860107421875 0.40941727086383595
