13 0.7836915 0.6497050000000001 0.8205236762695312 0.696681733038348
13 0.45703150000000003 0.7175515 0.48197568017578124 0.7496786644542772
13 0.4965820000000001 0.6423305 0.5209990566406251 0.6789936098820059
13 0.5507815 0.8067850000000002 0.5756341274414063 0.8439430516224189
13 0.5507815 0.7418880000000001 0.5717281274414062 0.7673427699115045
13 0.5615235000000001 0.614307 0.5805066372070312 0.6377369424778762
13 0.5849605 0.44690250000000004 0.6078267495117188 0.47721685176991147
13 0.6606445000000001 0.6379055 0.6897848393554687 0.6790001364306785
13 0.6850585 0.2876105 0.7073389975585938 0.3196347957227139
13 0.72168 0.6128315 0.752225234375 0.6495381187315633
13 0.7646485000000001 0.11209450000000001 0.7912452729492188 0.16797666887905607
13 0.770508 0.3171095 0.80295855078125 0.3667892868731564
13 0.841797 0.082596 0.8751549326171875 0.13704617699115046
13 0.8422850000000001 0.20280250000000002 0.8644114560546876 0.2607628812684366
13 0.8999020000000001 0.27654850000000003 0.9336911894531251 0.33145011135693214
13 0.9350585 0.7087019999999999 0.9610008569335937 0.7555917168141592
13 0.9482425 0.829646 0.9727069819335937 0.8896313333333333
13 0.984863 0.48230100000000004 0.9980612197265625 0.5214126415929204
