0 0.3271875 0.290417 0.3659304809570313 0.3512888528645834
0 0.341875 0.38916649999999997 0.3827911376953125 0.4294932727864584
0 0.40312499999999996 0.4891665 0.4383563232421875 0.5476960644531249
0 0.4440625 0.390833 0.49019134521484375 0.4378241028645833
0 0.47250000000000003 0.31333300000000003 0.5132885742187501 0.3554250143229167
0 0.495 0.43124999999999997 0.5457666015625 0.4861054765625001
0 0.5059375 0.5941664999999999 0.5507559204101563 0.639226345703125
0 0.5421875 0.37333350000000004 0.5700955200195313 0.427013888671875
0 0.56125 0.3283335 0.600701904296875 0.3795724824218751
0 0.574375 0.2125 0.6150640869140624 0.2605563072916666
