7 0.10250000000000001 0.18626549999999997 0.15052490234375002 0.2132734823788546
7 0.15 0.178269 0.199228515625 0.2029362246696035
7 0.18 0.164158 0.23857421874999998 0.1916689456681351
7 0.43875000000000003 0.6373469999999999 0.668946533203125 0.8099761013215858
7 0.303125 0.1048915 0.3590789794921875 0.12590397430249634
7 0.3453125 0.08983999999999999 0.38091278076171875 0.10899307635829664
7 0.36343749999999997 0.0823145 0.39652008056640625 0.10712312701908958
7 0.61 0.45061149999999994 0.865029296875 0.6042303091042585
7 0.68875 0.38428950000000006 0.938077392578125 0.5140166982378855
7 0.76125 0.2855125 0.913631591796875 0.3476517452276065
7 0.813125 0.279398 0.9698309326171874 0.35706872393538913
