17 0.25125 0.7112499999999999 0.11249999999999999 0.11750000000000005
17 0.24375 0.83375 0.09249999999999997 0.08749999999999991
17 0.27375 0.59 0.14249999999999996 0.125
17 0.2925 0.48250000000000004 0.09500000000000003 0.08500000000000002
17 0.31875 0.34750000000000003 0.10249999999999998 0.07500000000000001
17 0.34625 0.8200000000000001 0.11750000000000005 0.12
17 0.35124999999999995 0.7012499999999999 0.1275 0.10249999999999992
17 0.37124999999999997 0.6225 0.10749999999999998 0.09500000000000008
17 0.375 0.2525 0.09999999999999998 0.07999999999999999
17 0.38 0.4625 0.08999999999999997 0.11999999999999994
17 0.3825 0.38749999999999996 0.07999999999999996 0.07500000000000001
17 0.39375000000000004 0.1825 0.10249999999999998 0.08000000000000002
17 0.40625 0.11624999999999999 0.09250000000000003 0.0825
17 0.42874999999999996 0.33499999999999996 0.11249999999999999 0.10000000000000003
17 0.42500000000000004 0.855 0.05499999999999999 0.06000000000000005
17 0.44 0.755 0.06999999999999995 0.08000000000000007
17 0.45499999999999996 0.67625 0.08000000000000002 0.10250000000000004
17 0.4475 0.23875000000000002 0.044999999999999984 0.06750000000000003
17 0.45625 0.50625 0.0625 0.05750000000000005
17 0.46749999999999997 0.42625 0.07999999999999996 0.09249999999999997
17 0.48125 0.15625 0.07750000000000001 0.0675
17 0.51375 0.25625 0.08250000000000007 0.07749999999999999
17 0.5225 0.19375 0.08499999999999996 0.07250000000000001
17 0.6699999999999999 0.7112499999999999 0.275 0.2825000000000001
17 0.6837500000000001 0.415 0.25250000000000006 0.22499999999999998
17 0.70125 0.19749999999999998 0.21750000000000003 0.175
17 0.7025 0.045 0.18500000000000005 0.09
17 0.9137500000000001 0.05 0.1675000000000001 0.1
17 0.9199999999999999 0.21 0.15000000000000002 0.15499999999999997
17 0.9225000000000001 0.42875 0.15000000000000002 0.21250000000000002
17 0.9275 0.71875 0.13 0.2775000000000001
