0 0.488562 0.5645425000000001 0.582855888671875 0.6775536889648438
0 0.1968955 0.7034315 0.27595171923828127 0.8032350551757813
0 0.357843 0.776144 0.5012845439453125 0.9142750468749999
0 0.349673 0.618464 0.4359325224609375 0.72161803125
0 0.36601300000000003 0.5163395 0.4359165654296875 0.5877307622070314
0 0.4493465 0.8447709999999999 0.5567511850585937 0.9730310283203124
0 0.589052 0.4673205 0.6955027539062499 0.5534656323242187
0 0.6323529999999999 0.664216 0.7346764677734375 0.7738613515625
0 0.6862745000000001 0.8357840000000001 0.8391988100585939 0.9665038046875001
0 0.7704245000000001 0.6617649999999999 0.8407506323242189 0.7705957451171875
