2 0.2553125 0.34500000000000003 0.09812500000000002 0.09666599999999999
2 0.3196875 0.5379165 0.12937500000000002 0.1758329999999999
2 0.329375 0.1608335 0.08625 0.10333299999999997
2 0.3909375 0.3020835 0.10562499999999997 0.175833
2 0.40875 0.1916665 0.04625000000000001 0.071667
2 0.46687500000000004 0.47666699999999995 0.11625000000000002 0.15
2 0.4959375 0.331667 0.104375 0.1499999999999999
2 0.515625 0.160833 0.11499999999999999 0.15499999999999997
2 0.520625 0.6945830000000001 0.12250000000000005 0.11750000000000001
2 0.59625 0.5266670000000001 0.10625000000000007 0.14000000000000004
2 0.586875 0.37708350000000007 0.07750000000000001 0.125833
2 0.6265625 0.135417 0.10187499999999994 0.1325
2 0.674375 0.25625000000000003 0.1050000000000001 0.14916600000000002
2 0.6828125 0.561667 0.10812499999999992 0.14500000000000002
2 0.6875 0.41291649999999996 0.07624999999999993 0.10083300000000002
