13 0.0984375 0.6172335000000001 0.15380986962890625 0.6743589655425221
13 0.0 0.6002345 0.05703099999999999 0.6603158907624633
13 0.0 0.7262605 0.0625 0.7867431019061584
13 0.1222655 0.7268465 0.20534960009765627 0.7761912426686216
13 0.1503905 0.3470105 0.17797813427734377 0.3758101869501466
13 0.16484349999999998 0.5404454999999999 0.19749502001953126 0.5724785579178886
13 0.1953125 0.354045 0.22090326513671876 0.36759387243401764
13 0.183594 0.30949600000000005 0.193570708984375 0.3289721935483871
13 0.22617199999999998 0.641852 0.27087312890625 0.6942518680351907
13 0.209375 0.485346 0.23651453222656252 0.530355348973607
13 0.2109375 0.3223915 0.23651300634765626 0.3453652851906159
13 0.26875 0.709261 0.335675548828125 0.7680100278592377
13 0.22812500000000002 0.285463 0.2466522216796875 0.31024943255131965
13 0.251172 0.569754 0.29037971484375 0.6287075835777127
13 0.26171900000000003 0.3364595 0.2864634150390625 0.35589565762463343
13 0.2687505 0.48827650000000006 0.2981755483398438 0.518627052052786
13 0.276953 0.288394 0.2942605380859375 0.31259013489736065
13 0.2984375 0.298945 0.3176775571289063 0.3278146642228739
13 0.32851549999999996 0.5932004999999999 0.36374118408203127 0.6462582045454545
13 0.34414100000000003 0.33997649999999996 0.37388292480468754 0.3558905007331378
13 0.36679700000000004 0.6459550000000001 0.4168297998046875 0.7118308519061584
13 0.33984400000000003 0.30187600000000003 0.35826212109375 0.316087366568915
13 0.35546849999999997 0.2854635 0.3816838627929688 0.3043884318181818
13 0.42460950000000003 0.5650645000000001 0.46286634228515633 0.6193354596774194
13 0.5445315 0.328253 0.5518122309570312 0.34535669061583585
13 0.544531 0.358734 0.5479052314453124 0.3699309970674487
13 0.578516 0.369871 0.59162304296875 0.3874996671554252
13 0.609766 0.36928500000000003 0.626748525390625 0.39101752639296183
13 0.6429685 0.37690500000000005 0.6556221010742187 0.39100635337243395
13 0.66875 0.3645955 0.6790349238281249 0.37578440249266865
13 0.734375 0.335287 0.7524078369140625 0.35238037683284457
13 0.7746095 0.340563 0.7875245454101563 0.3676136407624634
13 0.844922 0.361079 0.8569878808593749 0.3816515586510264
13 0.9093754999999999 0.34935499999999997 0.9319249379882811 0.36994474926686216
