12 0.0883785 0.40690099999999996 0.13760869287109376 0.5046781809895833
12 0.19531249999999997 0.7799480000000001 0.2791062651367187 0.8700784427083333
12 0.3256835 0.17708350000000003 0.39616594970703123 0.2601864225260417
12 0.408203 0.9134115 0.4683513642578125 0.993602662109375
12 0.472656 0.7096355 0.538600421875 0.7933469954427083
12 0.5263669999999999 0.44466150000000004 0.5844469697265624 0.5163480136718751
12 0.5375975 0.0 0.6039670024414063 0.06640599999999999
12 0.7480465000000001 0.8977864999999999 0.8195814858398438 0.9975290071614582
12 0.7631835 0.22395850000000003 0.8156607036132814 0.2965833873697917
12 0.932129 0.5455725 0.9932307177734374 0.6321016191406251
