0 0.46125 0.639744 0.745174560546875 0.5225000000000001
0 0.0 0.0 0.1775 0.086667
0 0.0 0.20416700000000002 0.22375 0.3539011575520834
0 0.0 0.5754165 0.24625 0.775083759765625
0 0.1209375 0.770833 0.22550689697265625 0.8798293111979166
0 0.1125 0.947917 0.16739013671875 0.9979327330729167
0 0.2940625 0.884167 0.41408782958984375 0.9980157408854167
0 0.361875 0.6837500000000002 0.5352716064453125 0.9299427005208334
0 0.48000000000000004 0.7425 0.55953125 0.9198662031250001
0 0.5846875 0.8858335 0.7031790161132813 0.9980135709635417
0 0.745625 0.7050000000000001 0.9330218505859375 0.9624150312499999
0 0.6209374999999999 0.443333 0.6631436157226562 0.5152557434895834
0 0.693125 0.37541650000000004 0.7693231201171875 0.44784417643229163
0 0.7821875 0.94625 0.8717361450195313 0.9979349036458335
0 0.84875 0.0 0.998546142578125 0.1475
0 0.8518749999999999 0.5008335 0.9985430908203126 0.806014873046875
0 0.9121874999999999 0.8762500000000001 0.9984841918945313 0.9980260494791667
