1 0.16019799999999998 0.8371875 0.1781582929032258 0.8491824340820312
1 0.35755600000000004 0.245 0.5346336374193549 0.3816357421875
1 0.23699399999999998 0.7553125 0.24990020129032256 0.7673873901367188
1 0.33526 0.7734375 0.3496914064516129 0.7811196899414062
1 0.432287 0.8453124999999999 0.45278621032258065 0.8547994995117187
1 0.4413705 0.7384375000000001 0.46020648967741934 0.7486538696289062
1 0.6387285 0.653125 0.8117278341935484 0.7131121826171875
1 0.549546 0.8518749999999999 0.5723709083870967 0.8597930908203125
1 0.5788605 0.85 0.5971060832258064 0.8610449218749999
1 0.6003305 0.9237500000000001 0.6152453800000001 0.934722900390625
1 0.6061110000000001 0.81375 0.6267989212903227 0.822330322265625
1 0.6040460000000001 0.8271875 0.6201945858064517 0.8341921997070312
1 0.6127170000000001 0.8775 0.6267903974193549 0.88851806640625
1 0.7142855 0.8303125 0.7282273412903226 0.8423141479492188
