14 0.0 0.0 0.249333 0.396
14 0.3983335 0.1605 0.13933300000000004 0.309
14 0.41600000000000004 0.24399999999999997 0.03199999999999997 0.058
14 0.4586665 0.0725 0.033333 0.053000000000000005
14 0.53 0.532 0.040000000000000036 0.05599999999999999
14 0.5576665000000001 0.7000000000000001 0.01533299999999993 0.02999999999999993
14 0.626667 0.4595 0.03600000000000003 0.047
14 0.6733335 0.659 0.03866700000000001 0.05600000000000007
14 0.6893335 0.7090000000000001 0.04266700000000001 0.05199999999999994
14 0.702 0.7404999999999999 0.029334000000000082 0.02699999999999996
14 0.782 0.602 0.033333999999999975 0.07000000000000009
14 0.7973334999999999 0.648 0.033332999999999946 0.05400000000000009
14 0.802 0.7384999999999999 0.02399999999999991 0.031000000000000003
14 0.8226665 0.7115 0.04266700000000001 0.04300000000000004
