      0/29     4.58G   0.04762   0.05676   0.02535    0.1297        41       640    0.1161    0.2458    0.1123   0.06815   0.04867   0.03595   0.03285
      1/29     4.59G   0.04927   0.05786   0.02756    0.1347        37       640   0.08512    0.1993    0.0802   0.04716   0.05206    0.0362   0.04022
      2/29     4.59G   0.05181   0.05781   0.03096    0.1406        51       640    0.1306    0.1718   0.09256   0.05517    0.0515    0.0349   0.03894
      3/29     4.59G    0.0526   0.05792   0.03205    0.1426        28       640    0.1218    0.2029   0.09344   0.05482   0.05121   0.03507   0.03689
      4/29     4.59G   0.05205   0.05894    0.0306    0.1416        40       640    0.1031    0.1927   0.09246   0.05451   0.05119   0.03672   0.03495
      5/29     4.59G   0.05181    0.0581   0.03072    0.1406        57       640    0.1075    0.2087    0.1011   0.06138   0.04985   0.03529   0.03474
      6/29     4.59G   0.05115   0.05794   0.03049    0.1396        63       640    0.1362    0.2024    0.1018   0.06133    0.0502   0.03586   0.04167
      7/29     4.59G   0.05116   0.05817   0.02941    0.1387        34       640    0.1028    0.2223    0.1068     0.063   0.05045   0.03538   0.03264
      8/29     4.59G   0.05053   0.05733   0.02854    0.1364        38       640    0.1259    0.2242    0.1045   0.06388   0.04974    0.0351    0.0315
      9/29     4.59G   0.04986   0.05699   0.02786    0.1347        38       640    0.1287    0.2243    0.1101   0.06788   0.05012   0.03468   0.03272
     10/29     4.59G   0.04945   0.05703     0.027    0.1335        42       640    0.1275    0.2339    0.1135   0.07219   0.04888   0.03605   0.03226
     11/29     4.59G   0.04905   0.05744   0.02634    0.1328        78       640    0.1297    0.2566    0.1109   0.06938   0.04869   0.03674   0.03008
     12/29     4.59G   0.04863   0.05649   0.02561    0.1307       126       640    0.1238    0.2309      0.11   0.06863   0.04895   0.03504   0.03167
     13/29     4.59G   0.04828   0.05651   0.02557    0.1304        47       640    0.1481    0.2763     0.131   0.08318   0.04784   0.03383   0.03124
     14/29     4.59G   0.04824   0.05632   0.02522    0.1298        51       640    0.1314    0.2487    0.1246    0.0777   0.04844   0.03605   0.02929
     15/29     4.59G    0.0477   0.05526    0.0246    0.1276        22       640    0.1433    0.2668    0.1333   0.08342    0.0476   0.03322   0.02808
     16/29     4.59G   0.04733   0.05539   0.02384    0.1266        51       640    0.1186    0.2837    0.1298   0.08236   0.04735   0.03592   0.02933
     17/29     4.59G   0.04703   0.05556   0.02372    0.1263        28       640    0.1328    0.2671    0.1312   0.08119   0.04733   0.03313   0.02807
     18/29     4.59G   0.04689   0.05573   0.02272    0.1253        59       640    0.1316    0.2787    0.1393   0.09052   0.04691   0.03402   0.02778
     19/29     4.59G   0.04664   0.05533   0.02224    0.1242        65       640    0.1375    0.2808    0.1332   0.08696   0.04716   0.03347   0.02773
     20/29     4.59G   0.04601   0.05479   0.02171    0.1225        59       640     0.137    0.2856    0.1368   0.08912   0.04688   0.03523   0.02858
     21/29     4.59G   0.04605    0.0545    0.0207    0.1212        37       640    0.1349    0.2965    0.1328   0.08754   0.04692   0.03502   0.02532
     22/29     4.59G   0.04567    0.0547   0.02065     0.121        50       640    0.1394    0.3103    0.1369   0.09025   0.04614   0.03553   0.02623
     23/29     4.59G   0.04559   0.05465   0.02037    0.1206        57       640    0.1538    0.2909    0.1375   0.08921   0.04644   0.03481   0.02698
     24/29     4.59G   0.04496   0.05455    0.0199    0.1194        50       640    0.1511    0.3157    0.1493   0.09603   0.04624   0.03478   0.02512
     25/29     4.59G    0.0447   0.05401   0.01957    0.1183        54       640     0.151    0.2919    0.1399   0.09159   0.04633   0.03374   0.02541
     26/29     4.59G   0.04451   0.05446   0.01954    0.1185        19       640    0.1409    0.3022    0.1357   0.08826   0.04637   0.03446   0.02695
     27/29     4.59G   0.04447   0.05366   0.01865    0.1168        51       640    0.1391    0.2924    0.1434   0.09304    0.0463   0.03422   0.02495
     28/29     4.59G   0.04446   0.05318    0.0186    0.1162        37       640     0.153    0.3009    0.1447   0.09656   0.04637   0.03379   0.02566
     29/29     4.59G   0.04446   0.05301   0.01844    0.1159        25       640    0.1344    0.3003    0.1417   0.09395   0.04586   0.03432   0.02383
