0 0.0015630000000000002 0.471875 0.17968800000000001 0.751562
0 0.079687 0.014062 0.259375 0.125
0 0.2375 0.110937 0.44375 0.260938
0 0.245312 0.3 0.31093699999999996 0.346875
0 0.253125 0.2625 0.315625 0.31406300000000004
0 0.378125 0.478125 0.473437 0.564062
0 0.492188 0.523438 0.525 0.55625
0 0.5 0.45 0.535937 0.490625
0 0.514063 0.553125 0.528125 0.575
0 0.526563 0.528125 0.554688 0.55625
0 0.609375 0.8953120000000001 0.692187 0.978125
0 0.6125 0.795313 0.703125 0.884375
0 0.696875 0.890625 0.778125 0.975
0 0.778125 0.0 0.875 0.071875
0 0.835938 0.48281199999999996 0.9671879999999999 0.585938
0 0.890625 0.260938 0.965625 0.33125
