0 0.04375 0.517708 0.085156 0.559375
0 0.155469 0.244792 0.198437 0.294792
0 0.190625 0.288542 0.24140599999999998 0.346875
0 0.26875 0.685417 0.303906 0.742708
0 0.375781 0.717708 0.428125 0.790625
0 0.37656300000000004 0.24687500000000004 0.41171899999999995 0.296875
0 0.47578100000000006 0.6875 0.524219 0.747917
0 0.535937 0.601042 0.596875 0.694792
0 0.557813 0.0 0.610156 0.067708
0 0.5875 0.414583 0.642187 0.46875
0 0.5875 0.026042 0.647656 0.09375
0 0.600781 0.953125 0.6375 0.989583
0 0.694531 0.367708 0.741406 0.425
0 0.770312 0.757292 0.801562 0.788542
0 0.786719 0.505208 0.8453120000000001 0.583333
0 0.83125 0.729167 0.857031 0.760417
0 0.846875 0.552083 0.9070309999999999 0.614583
0 0.8960940000000001 0.1875 0.9546870000000001 0.253125
0 0.940625 0.36458299999999993 0.9617190000000001 0.39375
0 0.9484379999999999 0.315625 0.9898440000000001 0.377083
