0 0.778055 0.249169 0.977556 0.5016609999999999
0 0.0 0.789037 0.0399 0.995017
0 0.197007 0.66113 0.37655900000000003 0.908638
0 0.238155 0.254153 0.396509 0.44850500000000004
0 0.298005 0.390365 0.471322 0.651163
0 0.366584 0.611296 0.5423939999999999 0.8588040000000001
0 0.663342 0.094684 0.839152 0.31395300000000004
0 0.6658350000000001 0.254153 0.778055 0.5016609999999999
0 0.6695760000000001 0.491694 0.812968 0.702658
0 0.670823 0.089701 0.983791 0.699336
0 0.822943 0.48505 0.9825440000000001 0.604651
