0 0.643125 0.207156 0.8275 0.49246700000000004
0 0.056875 0.141243 0.073125 0.16760799999999998
0 0.08875 0.257062 0.115625 0.299435
0 0.173125 0.347458 0.1975 0.391714
0 0.19125 0.370057 0.214375 0.411488
0 0.216875 0.40678000000000003 0.24875 0.43596999999999997
0 0.264375 0.152542 0.2875 0.194915
0 0.266875 0.016949000000000002 0.29625 0.057439000000000004
0 0.795625 0.8568739999999999 0.92125 0.9990579999999999
0 0.839375 0.310734 0.929375 0.39548
0 0.879375 0.739171 0.999375 0.9284370000000001
