11 0.11578900000000002 0.7111109999999999 0.192105 0.8933330000000002
11 0.181579 0.713333 0.24078899999999998 0.8933330000000002
11 0.319737 0.546667 0.388158 0.722222
11 0.384211 0.568889 0.480263 0.7377779999999999
11 0.406579 0.475556 0.525 0.6688890000000001
11 0.5539470000000001 0.23555600000000002 0.635526 0.417778
11 0.630263 0.246667 0.7144739999999999 0.417778
11 0.686842 0.266667 0.759211 0.45999999999999996
11 0.835526 0.237778 0.928947 0.45777799999999996
11 0.911842 0.191111 0.998684 0.34444400000000003
