11 0.086875 0.267233 0.15375 0.420208
11 0.128125 0.65628 0.238125 0.846081
11 0.1725 0.503305 0.26 0.6987720000000001
11 0.240625 0.30594899999999997 0.32625 0.468366
11 0.329375 0.234183 0.501875 0.671388
11 0.625 0.7620399999999999 0.67125 0.8479700000000001
11 0.646875 0.5627949999999999 0.689375 0.645892
11 0.659375 0.359773 0.72 0.47403199999999995
11 0.72375 0.925401 0.759375 0.9792260000000002
11 0.7375 0.760151 0.77625 0.8319169999999999
11 0.748125 0.610009 0.790625 0.691218
11 0.748125 0.328612 0.82125 0.45892399999999994
11 0.758125 0.903683 0.77875 0.9518409999999998
11 0.758125 0.529745 0.809375 0.6118979999999999
11 0.790625 0.7544850000000001 0.83 0.81492
11 0.809375 0.286119 0.86875 0.385269
11 0.82125 0.427762 0.87125 0.547687
11 0.843125 0.328612 0.905625 0.450425
11 0.850625 0.525968 0.8875 0.571294
11 0.97875 0.249292 0.999375 0.321058
