11 0.04625 0.03431 0.164375 0.299582
11 0.195625 0.0 0.296875 0.11380799999999999
11 0.26125 0.5489539999999999 0.4875 0.9213389999999999
11 0.345625 0.0 0.39625 0.022594000000000003
11 0.425625 0.27364 0.58125 0.44937200000000005
11 0.49125 0.07196699999999999 0.58125 0.23096200000000003
11 0.550625 0.0 0.638125 0.09958200000000002
11 0.75625 0.029289000000000003 0.8375 0.20836799999999997
11 0.75625 0.14477 0.900625 0.353138
11 0.776875 0.395816 0.900625 0.642678
11 0.79 0.888703 0.999375 0.999163
