11 0.0 0.17166700000000001 0.02375 0.261667
11 0.0 0.17166700000000001 0.025 0.261667
11 0.0025 0.821667 0.04375 0.87
11 0.005 0.818333 0.04625 0.866667
11 0.00875 0.698333 0.06625 0.758333
11 0.00875 0.321667 0.105 0.453333
11 0.01125 0.791667 0.05 0.826667
11 0.0125 0.795 0.055 0.823333
11 0.02375 0.326667 0.0525 0.378333
11 0.03625 0.116667 0.09125 0.173333
11 0.0375 0.12 0.09125 0.173333
11 0.04375 0.53 0.11375 0.616667
11 0.04875 0.321667 0.09875 0.393333
11 0.04875 0.523333 0.11875 0.618333
11 0.05375 0.153333 0.18 0.311667
11 0.05625 0.155 0.1775 0.315
11 0.05875 0.393333 0.08875 0.44
11 0.085 0.751667 0.1225 0.811667
11 0.08625 0.741667 0.12375 0.81
11 0.105 0.893333 0.13625 0.948333
11 0.10875 0.898333 0.1375 0.946667
11 0.12375 0.6833329999999999 0.18375 0.766667
11 0.12625 0.6916670000000001 0.185 0.771667
11 0.1825 0.678333 0.27625 0.775
11 0.185 0.713333 0.2325 0.775
11 0.195 0.425 0.265 0.5283329999999999
11 0.1975 0.428333 0.265 0.5283329999999999
11 0.20875 0.6916670000000001 0.25 0.75
11 0.24625 0.04666699999999999 0.29375 0.12166700000000001
11 0.24875 0.04333299999999999 0.29375 0.12
11 0.255 0.43 0.30875 0.506667
11 0.2575 0.425 0.3025 0.506667
11 0.2625 0.525 0.30625 0.591667
11 0.26375 0.835 0.28875 0.883333
11 0.26375 0.535 0.30625 0.59
11 0.265 0.831667 0.29 0.891667
11 0.29 0.68 0.37 0.811667
11 0.3025 0.158333 0.35875 0.23333299999999998
11 0.30375 0.5283329999999999 0.345 0.606667
11 0.305 0.5283329999999999 0.35 0.605
11 0.30625 0.156667 0.3575 0.22666700000000004
11 0.32375 0.813333 0.3575 0.876667
11 0.32625 0.805 0.36 0.876667
11 0.33875 0.453333 0.40375 0.531667
11 0.34125 0.278333 0.44125 0.37333299999999997
11 0.3425 0.278333 0.4475 0.37666700000000003
11 0.34625 0.421667 0.40375 0.53
11 0.36875 0.371667 0.4525 0.4749999999999999
11 0.37 0.37666700000000003 0.4525 0.476667
11 0.3875 0.6833329999999999 0.47375 0.821667
11 0.39 0.678333 0.47375 0.818333
11 0.39125 0.525 0.5725 0.9333329999999999
11 0.41 0.591667 0.49125 0.693333
11 0.4225 0.516667 0.48125 0.591667
11 0.43875 0.45 0.475 0.511667
11 0.43875 0.453333 0.475 0.506667
11 0.4425 0.821667 0.5175 0.938333
11 0.44375 0.041667 0.47375 0.075
11 0.44625 0.82 0.51625 0.9416670000000001
11 0.4475 0.031667 0.47 0.07333300000000001
11 0.45875 0.645 0.53375 0.77
11 0.48 0.08833300000000001 0.5025 0.126667
11 0.50125 0.751667 0.57125 0.843333
11 0.50625 0.401667 0.58625 0.496667
11 0.5075 0.843333 0.57 0.92
11 0.51875 0.591667 0.60375 0.7200000000000001
11 0.5225 0.588333 0.6025 0.7200000000000001
11 0.52875 0.325 0.60875 0.428333
11 0.53375 0.325 0.61 0.42
11 0.555 0.543333 0.62875 0.636667
11 0.55625 0.53 0.63875 0.636667
11 0.595 0.338333 0.62125 0.415
11 0.60125 0.34333300000000005 0.62375 0.40666699999999995
11 0.60875 0.585 0.655 0.66
11 0.615 0.586667 0.65375 0.661667
11 0.63125 0.685 0.67 0.765
11 0.63375 0.685 0.66875 0.766667
11 0.64 0.853333 0.67625 0.9133330000000001
11 0.64 0.853333 0.68 0.916667
11 0.665 0.413333 0.70375 0.456667
11 0.6675 0.69 0.72 0.771667
11 0.6675 0.695 0.72 0.775
11 0.67875 0.855 0.705 0.906667
11 0.6825 0.851667 0.70375 0.9049999999999999
11 0.7075 0.148333 0.745 0.181667
11 0.70875 0.613333 0.73375 0.648333
11 0.70875 0.618333 0.735 0.6533329999999999
11 0.70875 0.15 0.73875 0.181667
11 0.71 0.938333 0.74625 0.998333
11 0.7125 0.258333 0.73875 0.298333
11 0.7125 0.938333 0.74625 0.998333
11 0.715 0.261667 0.73625 0.29
11 0.72375 0.563333 0.75125 0.605
11 0.72625 0.561667 0.75625 0.605
11 0.73125 0.915 0.75625 0.9499999999999998
11 0.73375 0.906667 0.76 0.955
11 0.73375 0.63 0.76125 0.666667
11 0.73375 0.871667 0.7675 0.92
11 0.73625 0.875 0.76875 0.92
11 0.73875 0.631667 0.7625 0.6750000000000002
11 0.7425 0.13 0.77625 0.17
11 0.7425 0.128333 0.78 0.173333
11 0.7425 0.521667 0.7825 0.563333
11 0.74625 0.52 0.7775 0.571667
11 0.75375 0.645 0.78375 0.6833329999999999
11 0.75625 0.641667 0.78625 0.688333
11 0.75875 0.9033329999999999 0.7925 0.9616669999999999
11 0.76375 0.536667 0.795 0.59
11 0.765 0.906667 0.79 0.963333
11 0.77 0.536667 0.7975 0.588333
11 0.78 0.65 0.81125 0.6999999999999998
11 0.78 0.66 0.8175 0.701667
11 0.7825 0.07333300000000001 0.81875 0.111667
11 0.7825 0.071667 0.82125 0.10666700000000001
11 0.785 0.573333 0.8225 0.613333
11 0.78625 0.576667 0.82 0.616667
11 0.79 0.183333 0.8275 0.22
11 0.79375 0.858333 0.83 0.9133330000000001
11 0.795 0.14666700000000002 0.82375 0.186667
11 0.795 0.14 0.82625 0.18499999999999997
11 0.7975 0.858333 0.8325 0.916667
11 0.79875 0.186667 0.82625 0.21666700000000003
11 0.79875 0.946667 0.82625 0.995
11 0.8 0.945 0.8275 0.998333
11 0.80625 0.71 0.8325 0.746667
11 0.80625 0.7116669999999999 0.8325 0.75
11 0.8225 0.965 0.85375 0.998333
11 0.8225 0.588333 0.8575 0.628333
11 0.8225 0.9216669999999999 0.86 0.965
11 0.8225 0.96 0.86 0.998333
11 0.82625 0.9250000000000002 0.86 0.968333
11 0.8675 0.546667 0.90125 0.586667
11 0.87 0.541667 0.89875 0.588333
11 0.87125 0.613333 0.9 0.661667
11 0.875 0.616667 0.89625 0.67
11 0.8875 0.91 0.99875 0.998333
11 0.8875 0.915 0.99875 0.998333
