11 0.18 0.218333 0.2475 0.315
11 0.22375 0.49 0.31375 0.663333
11 0.28875 0.028332999999999997 0.355 0.158333
11 0.3475 0.40666699999999995 0.45 0.588333
11 0.42875 0.083333 0.53125 0.26
11 0.5 0.48500000000000004 0.5725 0.588333
11 0.61 0.663333 0.675 0.841667
11 0.625 0.586667 0.69875 0.775
11 0.665 0.383333 0.73625 0.49333299999999997
11 0.68875 0.28 0.765 0.385
11 0.7025 0.0 0.81 0.068333
11 0.73125 0.371667 0.81 0.491667
11 0.80125 0.511667 0.86875 0.626667
11 0.80625 0.383333 0.87 0.541667
11 0.8325 0.238333 0.91625 0.39666700000000005
11 0.8425 0.513333 0.9125 0.658333
11 0.8825 0.636667 0.95 0.7600000000000001
11 0.90625 0.753333 0.99 0.873333
