11 0.107422 0.578125 0.15918 0.6679689999999999
11 0.11035199999999999 0.4856770000000001 0.157227 0.571615
11 0.11328099999999999 0.679688 0.16503900000000002 0.7786459999999998
11 0.11523399999999999 0.7838540000000002 0.16308599999999998 0.8619790000000002
11 0.11914100000000001 0.334635 0.175781 0.421875
11 0.123047 0.230469 0.174805 0.325521
11 0.123047 0.13151 0.175781 0.227865
11 0.170898 0.486979 0.223633 0.571615
11 0.171875 0.7786459999999998 0.223633 0.869792
11 0.172852 0.583333 0.227539 0.673177
11 0.175781 0.6848959999999998 0.223633 0.7695310000000001
11 0.189453 0.22526 0.244141 0.321615
11 0.193359 0.330729 0.244141 0.421875
11 0.19433599999999998 0.128906 0.244141 0.223958
11 0.228516 0.6848959999999998 0.28613299999999997 0.773438
11 0.233398 0.492188 0.282227 0.572917
11 0.233398 0.583333 0.28613299999999997 0.6679689999999999
11 0.23730500000000002 0.779948 0.28613299999999997 0.867188
11 0.277344 0.31901 0.333984 0.421875
11 0.277344 0.229167 0.335938 0.321615
11 0.28418000000000004 0.13281199999999999 0.33886700000000003 0.222656
11 0.29199200000000003 0.486979 0.34668000000000004 0.571615
11 0.295898 0.588542 0.344727 0.6679689999999999
11 0.29980500000000004 0.688802 0.34668000000000004 0.7695310000000001
11 0.29980500000000004 0.7851560000000001 0.349609 0.860677
11 0.344727 0.222656 0.402344 0.324219
11 0.349609 0.326823 0.405273 0.421875
11 0.35449200000000003 0.13151 0.40918000000000004 0.21875
11 0.498047 0.24739600000000003 0.554688 0.330729
11 0.498047 0.346354 0.557617 0.4361979999999999
11 0.49902299999999994 0.166667 0.555664 0.234375
11 0.5097659999999999 0.520833 0.561523 0.632812
11 0.512695 0.6445310000000001 0.55957 0.7695310000000001
11 0.580078 0.167969 0.633789 0.238281
11 0.581055 0.253906 0.633789 0.333333
11 0.5839840000000001 0.351562 0.6367189999999999 0.43229200000000007
11 0.585938 0.6601560000000001 0.637695 0.765625
11 0.5898439999999999 0.520833 0.6347659999999999 0.632812
11 0.6601560000000001 0.35416700000000007 0.716797 0.44270799999999993
11 0.6621090000000001 0.15625 0.709961 0.24349
11 0.6621090000000001 0.520833 0.7128909999999999 0.632812
11 0.665039 0.25 0.713867 0.33854200000000007
11 0.665039 0.664062 0.716797 0.765625
11 0.733398 0.658854 0.7871090000000001 0.764323
11 0.737305 0.259115 0.790039 0.339844
11 0.737305 0.520833 0.7929689999999999 0.625
11 0.739258 0.167969 0.786133 0.24739600000000003
11 0.739258 0.34895799999999993 0.790039 0.441406
