11 0.51125 0.701605 0.531875 0.7573180000000002
11 0.535625 0.74221 0.55625 0.7884800000000001
11 0.54375 0.674221 0.5625 0.7167140000000001
11 0.55875 0.794145 0.586875 0.8328610000000002
11 0.56 0.7280449999999999 0.59875 0.7847029999999998
11 0.60125 0.90085 0.65625 0.9952790000000002
11 0.61375 0.46742200000000006 0.70125 0.641171
11 0.624375 0.679887 0.681875 0.790368
11 0.670625 0.871577 0.720625 0.96034
11 0.678125 0.6222850000000001 0.734375 0.736544
11 0.718125 0.8120869999999999 0.7625 0.8847969999999998
11 0.778125 0.10481600000000002 0.879375 0.292729
11 0.826875 0.921624 0.881875 0.9990559999999999
11 0.829375 0.471199 0.893125 0.591124
11 0.946875 0.6373939999999999 0.999375 0.8234179999999999
11 0.97125 0.33710999999999997 0.999375 0.473088
