11 0.0 0.1975 0.041424 0.30875
11 0.0 0.6725 0.050872 0.7275
11 0.0 0.688125 0.056686 0.85375
11 0.034884 0.636875 0.218023 0.861875
11 0.12064000000000001 0.285 0.20566900000000005 0.343125
11 0.148256 0.460625 0.41424399999999995 0.68125
11 0.196221 0.695 0.362645 0.805625
11 0.253634 0.6125 0.523983 0.98375
11 0.470203 0.1325 0.664971 0.285
11 0.505814 0.575625 0.780523 0.920625
11 0.659157 0.279375 0.883721 0.5375
11 0.692587 0.520625 0.757994 0.59375
11 0.770349 0.5975 0.8241280000000001 0.6625
11 0.869186 0.343125 0.9491280000000001 0.4675
