2 0.03875 0.651667 0.128125 0.7775
2 0.0675 0.585833 0.1975 0.7566669999999999
2 0.11 0.359167 0.1975 0.519167
2 0.1475 0.480833 0.275 0.641667
2 0.15625 0.765 0.22875 0.889167
2 0.178125 0.37916700000000003 0.251875 0.491667
2 0.2225 0.770833 0.3075 0.894167
2 0.2325 0.853333 0.358125 0.9775
2 0.26125 0.435 0.3375 0.543333
2 0.26125 0.55 0.358125 0.684167
2 0.326875 0.643333 0.410625 0.766667
2 0.38375 0.405 0.473125 0.5275
2 0.385 0.7966669999999999 0.46625 0.92
2 0.411875 0.661667 0.505 0.775833
2 0.53125 0.656667 0.668125 0.8424999999999999
2 0.585625 0.48916699999999996 0.724375 0.6716669999999999
2 0.65625 0.708333 0.81875 0.916667
