2 0.092188 0.015625 0.239063 0.1375
2 0.24218800000000001 0.153125 0.28281300000000004 0.21093800000000001
2 0.265625 0.151562 0.304688 0.198437
2 0.265625 0.26406199999999996 0.31093699999999996 0.323438
2 0.303125 0.175 0.351562 0.221875
2 0.340625 0.126563 0.36875 0.167187
2 0.353125 0.365625 0.375 0.421875
2 0.353125 0.32656199999999996 0.401563 0.384375
2 0.36875 0.198437 0.39375 0.259375
2 0.371875 0.11406300000000001 0.398438 0.167187
2 0.39375 0.204688 0.428125 0.270312
2 0.507812 0.445312 0.534375 0.4875
2 0.570312 0.528125 0.623438 0.596875
2 0.603125 0.8953120000000001 0.68125 0.96875
2 0.61875 0.795313 0.68125 0.8890629999999999
2 0.623438 0.726562 0.676562 0.789062
2 0.654688 0.560938 0.739062 0.642187
2 0.696875 0.66875 0.739062 0.7625
2 0.703125 0.884375 0.760938 0.975
2 0.78125 0.0 0.8625 0.06875
2 0.8234379999999999 0.354688 0.8765620000000001 0.39218800000000004
2 0.884375 0.24375 0.9515629999999999 0.328125
