2 0.0 0.2075 0.0325 0.285
2 0.008125 0.801667 0.046875 0.844167
2 0.009375 0.214167 0.07375 0.320833
2 0.020625 0.6325 0.059375 0.6875
2 0.035 0.8391670000000001 0.059375 0.8791670000000001
2 0.03625 0.915 0.0825 0.9825
2 0.046875 0.574167 0.086875 0.6175
2 0.0775 0.9425 0.10625 0.9825
2 0.0825 0.038333 0.174375 0.14666700000000002
2 0.089375 0.486667 0.129375 0.538333
2 0.093125 0.6533329999999999 0.124375 0.689167
2 0.105 0.595 0.131875 0.6325
2 0.1175 0.75 0.15125 0.813333
2 0.1175 0.359167 0.15875 0.405
2 0.131875 0.538333 0.155 0.558333
2 0.133125 0.480833 0.168125 0.5341670000000001
2 0.2325 0.0 0.3375 0.105833
2 0.26375 0.496667 0.291875 0.55
2 0.279375 0.651667 0.318125 0.715
2 0.284375 0.059167 0.39125 0.183333
2 0.3 0.4825 0.321875 0.538333
2 0.323125 0.470833 0.369375 0.555
2 0.329375 0.553333 0.365625 0.61
2 0.34625 0.61 0.39125 0.658333
2 0.364375 0.3075 0.43125 0.385
2 0.395625 0.7341669999999999 0.415 0.765
2 0.43 0.553333 0.4625 0.61
2 0.43125 0.761667 0.4575 0.7966669999999999
2 0.45375 0.858333 0.49375 0.935833
2 0.474375 0.945833 0.50125 0.994167
2 0.50875 0.595 0.53625 0.6325
2 0.53625 0.641667 0.575 0.684167
2 0.54 0.580833 0.58125 0.6533329999999999
2 0.589375 0.315833 0.643125 0.37916700000000003
2 0.633125 0.255833 0.66375 0.315833
2 0.6625 0.260833 0.705625 0.315833
2 0.675625 0.320833 0.720625 0.3725
2 0.68625 0.17083299999999998 0.744375 0.248333
2 0.7025 0.9274999999999999 0.73625 0.958333
2 0.713125 0.341667 0.753125 0.393333
2 0.73 0.3075 0.759375 0.34333300000000005
2 0.73 0.555 0.7675 0.6275
2 0.76875 0.951667 0.80625 0.989167
2 0.775 0.3675 0.80625 0.409167
2 0.783125 0.724167 0.829375 0.7825000000000001
2 0.798125 0.28 0.838125 0.338333
2 0.81125 0.338333 0.85625 0.395
2 0.875625 0.543333 0.9325 0.609167
2 0.906875 0.291667 0.965 0.336667
2 0.914375 0.24 0.9575 0.315833
