2 0.118125 0.193333 0.263125 0.346667
2 0.193125 0.720833 0.308125 0.811667
2 0.2 0.10916700000000001 0.29375 0.20416700000000002
2 0.205 0.291667 0.3675 0.383333
2 0.298125 0.720833 0.36 0.7775
2 0.313125 0.7825000000000001 0.346875 0.813333
2 0.325 0.270833 0.445 0.419167
2 0.351875 0.720833 0.498125 0.813333
2 0.420625 0.269167 0.595 0.383333
2 0.455625 0.145 0.579375 0.260833
2 0.51125 0.729167 0.67 0.8325
2 0.5575 0.196667 0.63125 0.3175
2 0.653125 0.08 0.739375 0.1675
2 0.67 0.740833 0.75 0.803333
2 0.67625 0.16583299999999998 0.75875 0.243333
2 0.7075 0.270833 0.83625 0.405
2 0.731875 0.131667 0.825 0.214167
2 0.74375 0.745 0.883125 0.806667
2 0.770625 0.186667 0.885625 0.3675
2 0.878125 0.274167 0.99875 0.41666700000000007
