2 0.030273 0.41894499999999996 0.057616999999999995 0.45019499999999996
2 0.071289 0.168945 0.09375 0.19531199999999999
2 0.088867 0.26757800000000004 0.125 0.290039
2 0.102539 0.290039 0.118164 0.327148
2 0.102539 0.207031 0.120117 0.238281
2 0.114258 0.27831999999999996 0.154297 0.311523
2 0.123047 0.19531199999999999 0.138672 0.212891
2 0.27929699999999996 0.363281 0.31738299999999997 0.394531
2 0.28125 0.168945 0.322266 0.202148
2 0.290039 0.26269499999999996 0.322266 0.311523
2 0.31738299999999997 0.264648 0.351562 0.29394499999999996
2 0.322266 0.290039 0.34668000000000004 0.320312
2 0.34375 0.175781 0.369141 0.21093800000000001
2 0.34375 0.352539 0.39550799999999997 0.41503900000000005
2 0.37793000000000004 0.175781 0.405273 0.212891
2 0.43652299999999994 0.300781 0.47363299999999997 0.332031
2 0.488281 0.327148 0.523438 0.363281
2 0.523438 0.273438 0.549805 0.300781
2 0.543945 0.6914060000000001 0.571289 0.719727
