2 0.186523 0.333333 0.282227 0.488281
2 0.198242 0.459635 0.337891 0.638021
2 0.241211 0.18099 0.320312 0.329427
2 0.274414 0.3125 0.34570300000000004 0.5117189999999999
2 0.289062 0.144531 0.37304699999999996 0.322917
2 0.30175799999999997 0.576823 0.44433599999999995 0.7539060000000001
2 0.337891 0.44401 0.48730500000000004 0.625
2 0.339844 0.039062 0.501953 0.270833
2 0.349609 0.265625 0.510742 0.440104
2 0.44628900000000005 0.5351560000000001 0.592773 0.734375
2 0.47168000000000004 0.111979 0.614258 0.313802
2 0.478516 0.307292 0.624023 0.4856770000000001
2 0.557617 0.434896 0.710938 0.611979
2 0.5820310000000001 0.160156 0.676758 0.34895799999999993
2 0.616211 0.322917 0.737305 0.476562
