2 0.098125 0.611632 0.15625 0.692308
2 0.115 0.47467200000000004 0.184375 0.576923
2 0.130625 0.34803 0.183125 0.446529
2 0.148125 0.565666 0.188125 0.636961
2 0.151875 0.653846 0.2225 0.728893
2 0.16875 0.329268 0.22125 0.39774899999999996
2 0.16875 0.434334 0.22875 0.507505
2 0.191875 0.525328 0.251875 0.602251
2 0.21125 0.393996 0.27125 0.484991
2 0.215 0.590056 0.290625 0.6829270000000001
2 0.23 0.692308 0.27625 0.7157600000000001
2 0.244375 0.446529 0.31125 0.54409
2 0.251875 0.318949 0.31875 0.42120100000000005
2 0.26375 0.521576 0.325 0.624765
2 0.275 0.635084 0.334375 0.727017
2 0.306875 0.692308 0.36 0.7176359999999999
2 0.31375 0.49812399999999996 0.351875 0.584428
2 0.315 0.336773 0.3725 0.44465299999999996
2 0.32625 0.44090100000000004 0.375 0.530957
2 0.3325 0.6191369999999999 0.405625 0.703565
2 0.348125 0.527205 0.425 0.6191369999999999
2 0.3725 0.688555 0.43 0.7232649999999999
2 0.37875 0.428705 0.42875 0.527205
2 0.3825 0.329268 0.453125 0.43245799999999995
2 0.398125 0.594747 0.4675 0.7101310000000001
2 0.42875 0.5037520000000001 0.488125 0.58818
2 0.43 0.272983 0.47625 0.365854
2 0.441875 0.43245799999999995 0.47875 0.4906189999999999
2 0.4675 0.44090100000000004 0.540625 0.527205
2 0.46875 0.342402 0.53 0.4559100000000001
2 0.475 0.556285 0.541875 0.653846
2 0.47625 0.6482180000000001 0.545625 0.728893
2 0.494375 0.49812399999999996 0.549375 0.560037
2 0.603125 0.5825520000000001 0.6375 0.6575979999999999
2 0.603125 0.48123800000000005 0.651875 0.578799
2 0.615 0.659475 0.648125 0.769231
2 0.615 0.288931 0.67625 0.39774899999999996
2 0.6175 0.393996 0.68 0.507505
2 0.649375 0.553471 0.709375 0.6425890000000001
2 0.649375 0.6482180000000001 0.714375 0.763602
2 0.67125 0.461538 0.73375 0.565666
2 0.691875 0.37148200000000003 0.745625 0.44465299999999996
2 0.710625 0.665103 0.7825 0.7579739999999999
2 0.7175 0.41744799999999993 0.764375 0.5197
2 0.73 0.334897 0.78 0.40431500000000004
2 0.758125 0.47279499999999997 0.819375 0.5759850000000001
2 0.766875 0.380863 0.806875 0.467167
2 0.775 0.663227 0.803125 0.7560979999999998
2 0.77875 0.561914 0.82125 0.622889
2 0.799375 0.6135079999999999 0.83625 0.697936
2 0.801875 0.288931 0.859375 0.382739
2 0.805625 0.41744799999999993 0.851875 0.507505
2 0.816875 0.665103 0.88 0.745779
2 0.83 0.507505 0.875 0.576923
2 0.849375 0.58818 0.895 0.653846
2 0.863125 0.346154 0.913125 0.4099439999999999
2 0.868125 0.4099439999999999 0.9375 0.4962479999999999
2 0.8825 0.484991 0.951875 0.571295
2 0.8875 0.6754220000000001 0.93 0.7439020000000001
2 0.89125 0.547842 0.955625 0.6575979999999999
2 0.9225 0.694184 0.999375 0.780488
2 0.94375 0.48686700000000005 0.970625 0.561914
2 0.945 0.6463409999999999 0.999375 0.692308
2 0.951875 0.5825520000000001 0.98375 0.640713
