2 0.710938 0.517241 0.9042969999999999 0.7830459999999999
2 0.032227 0.4382180000000001 0.157227 0.507184
2 0.038086 0.49568999999999996 0.157227 0.6508619999999999
2 0.137695 0.487069 0.25195300000000004 0.635057
2 0.138672 0.36494299999999996 0.219727 0.443966
2 0.162109 0.527299 0.250977 0.6810350000000001
2 0.169922 0.37643699999999997 0.228516 0.461207
2 0.181641 0.4382180000000001 0.24706999999999998 0.49568999999999996
2 0.204102 0.576149 0.337891 0.7787360000000001
2 0.26269499999999996 0.387931 0.402344 0.558908
2 0.31054699999999996 0.533046 0.464844 0.738506
2 0.31445300000000004 0.708333 0.48535200000000006 0.8879309999999999
2 0.34375 0.45833300000000005 0.46875 0.579023
2 0.419922 0.349138 0.5195310000000001 0.48419499999999993
2 0.45019499999999996 0.691092 0.55957 0.847701
2 0.48925799999999997 0.387931 0.571289 0.48419499999999993
2 0.5273439999999999 0.215517 0.664062 0.395115
2 0.571289 0.366379 0.719727 0.5704020000000001
2 0.6132810000000001 0.668103 0.717773 0.772988
2 0.6367189999999999 0.29023000000000004 0.723633 0.393678
2 0.664062 0.5560350000000001 0.750977 0.6508619999999999
2 0.680664 0.75 0.8251950000000001 0.928161
2 0.7226560000000001 0.359195 0.871094 0.512931
2 0.727539 0.24569000000000002 0.867188 0.387931
2 0.835938 0.7715519999999999 0.992188 0.9554600000000001
2 0.8662110000000001 0.158046 0.992188 0.36494299999999996
2 0.8779299999999999 0.521552 0.9599610000000001 0.652299
2 0.8818360000000001 0.343391 0.999023 0.5876439999999999
2 0.916992 0.567529 0.999023 0.784483
