2 0.0 0.368651 0.21 0.6418560000000001
2 0.00625 0.216287 0.199375 0.40105100000000005
2 0.16375 0.137478 0.3175 0.250438
2 0.183125 0.4605949999999999 0.459375 0.8038529999999999
2 0.190625 0.232925 0.3725 0.42644499999999996
2 0.295625 0.125219 0.37875 0.212785
2 0.2975 0.15937 0.361875 0.260946
2 0.344375 0.130473 0.498125 0.29334499999999997
2 0.37875 0.27057800000000004 0.57625 0.512259
2 0.38 0.055166 0.48625 0.151489
2 0.49625 0.534151 0.791875 0.975482
2 0.501875 0.189142 0.675 0.368651
2 0.510625 0.06042 0.640625 0.15937
2 0.58375 0.33450100000000005 0.859375 0.665499
2 0.601875 0.12697 0.751875 0.302977
2 0.656875 0.065674 0.7875 0.207531
2 0.7325 0.234676 0.92625 0.450088
2 0.78375 0.151489 0.960625 0.323993
2 0.79125 0.08931699999999998 0.956875 0.185639
