2 0.0 0.888542 0.029687 0.9187499999999998
2 0.046094 0.648958 0.073437 0.685417
2 0.080469 0.534375 0.119531 0.575
2 0.139062 0.6906250000000002 0.170312 0.720833
2 0.139844 0.315625 0.175 0.388542
2 0.174219 0.3 0.214062 0.377083
2 0.175 0.23645799999999997 0.225 0.288542
2 0.205469 0.7468749999999998 0.225 0.788542
2 0.232812 0.757292 0.271875 0.789583
2 0.25625 0.497917 0.311719 0.586458
2 0.338281 0.539583 0.397656 0.633333
2 0.370313 0.128125 0.408594 0.194792
2 0.38906199999999996 0.19062499999999996 0.42421899999999996 0.24791700000000003
2 0.42421899999999996 0.23125000000000004 0.475 0.278125
2 0.43593699999999996 0.502083 0.49453100000000005 0.559375
2 0.464063 0.9562500000000002 0.517969 0.998958
2 0.4875 0.465625 0.534375 0.522917
2 0.517969 0.642708 0.58125 0.695833
2 0.525 0.508333 0.5875 0.573958
2 0.56875 0.33125 0.6 0.3625
2 0.56875 0.852083 0.624219 0.9250000000000002
2 0.639063 0.9406250000000002 0.690625 0.998958
2 0.642969 0.371875 0.6625 0.430208
2 0.690625 0.60625 0.729688 0.6843749999999998
2 0.697656 0.788542 0.725 0.819792
2 0.709375 0.404167 0.733594 0.465625
2 0.714063 0.654167 0.760156 0.705208
2 0.733594 0.595833 0.764844 0.633333
2 0.752344 0.617708 0.784375 0.664583
2 0.909375 0.841667 0.9679690000000001 0.888542
2 0.9203129999999999 0.897917 0.9484379999999999 0.935417
2 0.9515629999999999 0.8000000000000002 0.9828129999999999 0.836458
2 0.975 0.7687500000000002 0.9953129999999999 0.826042
2 0.975 0.861458 0.9992190000000001 0.8937500000000002
