2 0.038125 0.745 0.108125 0.8325
2 0.09875 0.719167 0.154375 0.766667
2 0.09875 0.766667 0.158125 0.853333
2 0.108125 0.855 0.165 0.9425
2 0.12375 0.6774999999999999 0.181875 0.75
2 0.156875 0.7566669999999999 0.215 0.834167
2 0.156875 0.8325 0.219375 0.9216669999999999
2 0.1625 0.92 0.21625 0.951667
2 0.185625 0.693333 0.24625 0.775833
2 0.220625 0.874167 0.269375 0.951667
2 0.234375 0.811667 0.270625 0.874167
2 0.24 0.751667 0.274375 0.8325
2 0.339375 0.766667 0.3975 0.858333
2 0.36375 0.8391670000000001 0.43375 0.9375
2 0.37 0.925833 0.43625 0.9925
2 0.40125 0.7825000000000001 0.456875 0.85
2 0.4375 0.853333 0.48625 0.92
2 0.445 0.9016670000000001 0.501875 0.9733329999999999
2 0.4725 0.798333 0.505625 0.8649999999999999
2 0.491875 0.863333 0.55375 0.9475000000000001
2 0.526875 0.8483329999999999 0.58 0.9241670000000001
