2 0.257812 0.564062 0.396875 0.689062
2 0.126563 0.5125 0.185937 0.607813
2 0.189063 0.257812 0.354688 0.36093800000000004
2 0.201562 0.603125 0.253125 0.640625
2 0.232812 0.55625 0.270312 0.604688
2 0.26406199999999996 0.464063 0.35625 0.55625
2 0.3375 0.275 0.417188 0.354688
2 0.36093800000000004 0.507812 0.434375 0.582812
2 0.3875 0.209375 0.525 0.284375
2 0.42343800000000004 0.135937 0.523438 0.20625
2 0.43906300000000004 0.46718699999999996 0.515625 0.525
2 0.44375 0.32656199999999996 0.534375 0.401563
2 0.476562 0.379687 0.625 0.46718699999999996
2 0.509375 0.55625 0.576563 0.63125
2 0.523438 0.509375 0.6375 0.578125
2 0.525 0.009375 0.615625 0.06875
2 0.56875 0.414062 0.673437 0.503125
2 0.578125 0.2375 0.651563 0.36093800000000004
2 0.5875 0.060938 0.678125 0.167187
2 0.589063 0.55 0.664062 0.614062
2 0.673437 0.232812 0.715625 0.317187
2 0.70625 0.057812999999999996 0.7375 0.145313
2 0.710938 0.270312 0.785937 0.35781199999999996
2 0.721875 0.403125 0.770312 0.529688
2 0.789062 0.24218800000000001 0.8328120000000001 0.3125
