2 0.004375 0.386492 0.04625 0.43621000000000004
2 0.1325 0.42120100000000005 0.1975 0.5197
2 0.14125 0.523452 0.19625 0.575047
2 0.158125 0.913696 0.1825 0.974672
2 0.18625 0.467167 0.2425 0.560037
2 0.226875 0.727017 0.265625 0.798311
2 0.258125 0.909944 0.285 0.969043
2 0.30625 0.501876 0.329375 0.545966
2 0.324375 0.9615379999999999 0.39375 0.9990620000000001
2 0.33375 0.41181999999999996 0.39625 0.513133
2 0.44625 0.4962479999999999 0.50375 0.578799
2 0.4975 0.521576 0.515625 0.575047
2 0.49875 0.9765479999999999 0.54375 0.9990620000000001
2 0.55375 0.5197 0.5975 0.576923
2 0.669375 0.967167 0.70125 0.9990620000000001
2 0.945625 0.986867 0.96 0.9990620000000001
