2 0.0 0.5289510000000001 0.024375 0.5759
2 0.03 0.35759 0.111875 0.44131499999999996
2 0.045 0.903756 0.120625 0.986698
2 0.123125 0.5289510000000001 0.18875 0.596244
2 0.15625 0.099374 0.2425 0.204225
2 0.19875 0.475743 0.27125 0.568858
2 0.231875 0.56025 0.289375 0.6408450000000001
2 0.305625 0.507042 0.37875 0.620501
2 0.316875 0.446792 0.359375 0.5289510000000001
2 0.349375 0.78169 0.415625 0.8591549999999999
2 0.37875 0.028951 0.445625 0.099374
2 0.433125 0.07355199999999999 0.528125 0.178404
2 0.553125 0.274648 0.625625 0.35759
2 0.563125 0.816901 0.616875 0.898279
2 0.63125 0.481221 0.696875 0.57903
2 0.775 0.07355199999999999 0.851875 0.187011
