2 0.2475 0.491557 0.433125 0.7495310000000001
2 0.0 0.06379 0.045625 0.317073
2 0.0 0.0 0.144375 0.098499
2 0.00625 0.796435 0.129375 0.9990620000000001
2 0.038125 0.39774899999999996 0.215 0.668856
2 0.05375 0.100375 0.21125 0.35741100000000003
2 0.095625 0.640713 0.2725 0.917448
2 0.133125 0.0 0.315 0.276735
2 0.165 0.353659 0.294375 0.578799
2 0.2175 0.190432 0.406875 0.47279499999999997
2 0.275 0.8611629999999999 0.453125 0.9990620000000001
2 0.295625 0.41744799999999993 0.41375 0.5093810000000001
2 0.36875 0.10975599999999999 0.53625 0.31144499999999997
2 0.38 0.7157600000000001 0.544375 0.9024389999999999
2 0.390625 0.0 0.47125 0.042214
2 0.394375 0.287993 0.603125 0.5759850000000001
2 0.46375 0.8386490000000001 0.660625 0.9990620000000001
2 0.48375 0.515009 0.63 0.699812
2 0.52875 0.5966229999999999 0.72625 0.8771110000000001
2 0.595625 0.438086 0.6325 0.515009
2 0.595625 0.007505 0.77625 0.21951199999999998
2 0.649375 0.47467200000000004 0.706875 0.590056
2 0.703125 0.40619099999999997 0.88 0.699812
2 0.714375 0.67167 0.83 0.888368
2 0.72875 0.942777 0.88375 0.9990620000000001
2 0.73 0.011257 0.899375 0.307692
2 0.818125 0.0 0.916875 0.040338
2 0.8325 0.22138799999999997 0.97875 0.507505
2 0.8325 0.721388 0.9975 0.959662
2 0.875 0.501876 0.94375 0.7157600000000001
2 0.898125 0.0 0.999375 0.21575999999999995
2 0.920625 0.9465290000000001 0.9975 0.9990620000000001
2 0.94375 0.21575999999999995 0.999375 0.501876
2 0.951875 0.513133 0.999375 0.728893
