2 0.011257 0.4475 0.031895 0.47
2 0.031895 0.375 0.045028 0.4025
2 0.033770999999999995 0.315 0.054409000000000006 0.3425
2 0.035647000000000005 0.465 0.052533 0.48
2 0.054409000000000006 0.29 0.065666 0.31
2 0.058161000000000004 0.4749999999999999 0.069418 0.51
2 0.065666 0.3775 0.082552 0.3975
2 0.073171 0.32 0.097561 0.36000000000000004
2 0.075047 0.4475 0.090056 0.4749999999999999
2 0.078799 0.405 0.097561 0.44250000000000006
2 0.082552 0.2775 0.095685 0.31
2 0.10318900000000002 0.43 0.116323 0.46
2 0.10694200000000001 0.3275 0.121951 0.3475
2 0.110694 0.465 0.12382699999999999 0.4975
2 0.110694 0.3725 0.12758 0.4025
2 0.120075 0.3275 0.140713 0.36999999999999994
2 0.125704 0.3825 0.14258900000000002 0.415
2 0.131332 0.3475 0.159475 0.3875
2 0.15197 0.2275 0.168856 0.25
2 0.155722 0.3925 0.18011300000000002 0.425
2 0.161351 0.245 0.17636 0.2675
2 0.161351 0.31 0.183865 0.3425
2 0.17260799999999998 0.2925 0.189493 0.3225
2 0.187617 0.235 0.21013099999999998 0.265
2 0.202627 0.2925 0.21013099999999998 0.325
2 0.204503 0.27 0.21951199999999998 0.3
2 0.21388400000000002 0.20000000000000004 0.24202600000000002 0.2225
2 0.27579699999999996 0.3475 0.288931 0.3825
2 0.317073 0.3325 0.332083 0.3499999999999999
2 0.320826 0.375 0.33771100000000004 0.415
2 0.332083 0.2975 0.358349 0.325
2 0.34334000000000003 0.3925 0.37335799999999997 0.42
2 0.34521599999999997 0.3499999999999999 0.37898699999999996 0.3875
2 0.358349 0.3 0.393996 0.3325
2 0.365854 0.3775 0.39211999999999997 0.4025
2 0.365854 0.41 0.39211999999999997 0.435
2 0.37898699999999996 0.3375000000000001 0.424015 0.36999999999999994
2 0.39211999999999997 0.3825 0.420263 0.41
2 0.395872 0.43249999999999994 0.42589099999999996 0.465
2 0.399625 0.2825 0.433396 0.325
2 0.420263 0.25 0.437148 0.27
2 0.420263 0.3475 0.44090100000000004 0.3875
2 0.433396 0.29 0.45591000000000004 0.305
2 0.446529 0.3499999999999999 0.467167 0.38000000000000006
2 0.448405 0.415 0.461538 0.465
2 0.448405 0.25 0.467167 0.2875
2 0.461538 0.365 0.48217600000000005 0.3975
2 0.465291 0.3875 0.48968100000000003 0.425
2 0.470919 0.31 0.48968100000000003 0.3375000000000001
2 0.48217600000000005 0.2825 0.49531000000000003 0.315
2 0.48780500000000004 0.1875 0.5140710000000001 0.2175
2 0.48968100000000003 0.365 0.515947 0.3975
2 0.49155699999999997 0.24 0.502814 0.27
2 0.49155699999999997 0.2975 0.527205 0.3325
2 0.499062 0.295 0.529081 0.3325
2 0.510319 0.3775 0.530957 0.405
2 0.512195 0.265 0.529081 0.305
2 0.512195 0.2275 0.534709 0.26
2 0.529081 0.25 0.549719 0.2925
2 0.530957 0.3275 0.551595 0.36999999999999994
2 0.540338 0.3825 0.574109 0.41
2 0.560976 0.265 0.579737 0.305
2 0.560976 0.3375000000000001 0.581613 0.375
2 0.560976 0.205 0.602251 0.23749999999999996
2 0.581613 0.20000000000000004 0.5909939999999999 0.2275
2 0.5853659999999999 0.18000000000000002 0.626642 0.21
2 0.5909939999999999 0.2775 0.6191369999999999 0.2975
2 0.5909939999999999 0.4000000000000001 0.622889 0.4475
2 0.592871 0.305 0.5966229999999999 0.3275
2 0.594747 0.365 0.6135079999999999 0.3975
2 0.598499 0.1675 0.63227 0.20000000000000004
2 0.598499 0.24 0.634146 0.2775
2 0.606004 0.2075 0.63227 0.2275
2 0.617261 0.2975 0.626642 0.3225
2 0.630394 0.265 0.65666 0.305
2 0.63227 0.18000000000000002 0.64728 0.20000000000000004
2 0.885553 0.31 0.943715 0.4000000000000001
2 0.934334 0.2175 0.9962479999999999 0.3425
2 0.93621 0.3725 0.9812379999999999 0.4375
2 0.93621 0.42 0.998124 0.52
