2 0.0 0.334897 0.009375 0.363977
2 0.013125 0.461538 0.03125 0.501876
2 0.016875 0.606004 0.04375 0.635084
2 0.024375 0.438086 0.055625 0.47279499999999997
2 0.03875 0.630394 0.066875 0.677298
2 0.04625 0.600375 0.073125 0.635084
2 0.055625 0.561914 0.074375 0.590056
2 0.055625 0.8424020000000001 0.07875 0.8789870000000002
2 0.059375 0.13508399999999998 0.085 0.184803
2 0.061875 0.8095680000000002 0.08625 0.8424020000000001
2 0.069375 0.168856 0.09375 0.21575999999999995
2 0.069375 0.49249499999999996 0.09375 0.547842
2 0.074375 0.855535 0.09375 0.8996250000000001
2 0.08875 0.140713 0.108125 0.184803
2 0.09 0.600375 0.115625 0.6425890000000001
2 0.0925 0.561914 0.123125 0.600375
2 0.109375 0.41181999999999996 0.12875 0.461538
2 0.115625 0.8499059999999999 0.13625 0.8939959999999999
2 0.123125 0.7157600000000001 0.1475 0.7439020000000001
2 0.124375 0.382739 0.14625 0.41181999999999996
2 0.12875 0.098499 0.1475 0.138837
2 0.12875 0.41744799999999993 0.154375 0.446529
2 0.13125 0.571295 0.158125 0.602251
2 0.14 0.734522 0.159375 0.769231
2 0.1425 0.9024389999999999 0.163125 0.9305819999999999
2 0.14625 0.855535 0.161875 0.8939959999999999
2 0.1475 0.35741100000000003 0.169375 0.39774899999999996
2 0.15125 0.825516 0.170625 0.8592870000000001
2 0.154375 0.513133 0.173125 0.549719
2 0.155625 0.590056 0.173125 0.628518
2 0.170625 0.9080679999999999 0.1975 0.942777
2 0.176875 0.7176359999999999 0.19625 0.7523449999999999
2 0.1825 0.86773 0.208125 0.9118200000000002
2 0.19625 0.5422140000000001 0.226875 0.590056
2 0.211875 0.8311440000000001 0.2325 0.873358
2 0.215625 0.6135079999999999 0.2425 0.6519699999999999
2 0.226875 0.640713 0.2475 0.677298
2 0.23125 0.54409 0.25375 0.5825520000000001
2 0.24625 0.630394 0.2825 0.67167
2 0.265625 0.686679 0.28625 0.7101310000000001
2 0.323125 0.8311440000000001 0.365625 0.8771110000000001
2 0.328125 0.5825520000000001 0.3475 0.6135079999999999
2 0.330625 0.44465299999999996 0.35125 0.484991
2 0.3425 0.692308 0.361875 0.721388
2 0.3425 0.184803 0.374375 0.22701699999999997
2 0.3475 0.606004 0.370625 0.6463409999999999
2 0.361875 0.11726099999999998 0.38625 0.168856
2 0.363125 0.705441 0.385 0.738274
2 0.365625 0.7926830000000001 0.378125 0.827392
2 0.378125 0.697936 0.40375 0.734522
2 0.38625 0.7729829999999999 0.4075 0.80394
2 0.39 0.8208260000000002 0.405 0.84803
2 0.39625 0.7579739999999999 0.416875 0.7786119999999999
2 0.3975 0.21388400000000002 0.415625 0.250469
2 0.423125 0.547842 0.44 0.590056
2 0.43625 0.207317 0.4575 0.250469
2 0.43875 0.434334 0.466875 0.5037520000000001
2 0.470625 0.318949 0.49875 0.349906
2 0.481875 0.802064 0.505 0.84803
2 0.528125 0.8499059999999999 0.55375 0.890244
2 0.530625 0.813321 0.555 0.8442780000000001
2 0.5625 0.22138799999999997 0.5925 0.261726
2 0.585625 0.256098 0.615625 0.29080700000000004
2 0.588125 0.098499 0.619375 0.133208
2 0.59375 0.300188 0.616875 0.32551599999999997
2 0.60875 0.365854 0.635625 0.40431500000000004
2 0.631875 0.365854 0.65125 0.399625
2 0.638125 0.6810510000000001 0.676875 0.738274
2 0.655 0.7786119999999999 0.685625 0.827392
2 0.685625 0.128518 0.705 0.179174
2 0.688125 0.9024389999999999 0.726875 0.965291
2 0.715 0.8311440000000001 0.738125 0.8592870000000001
2 0.719375 0.8611629999999999 0.75125 0.906191
2 0.741875 0.507505 0.773125 0.549719
2 0.74375 0.157598 0.76625 0.201689
2 0.7475 0.0 0.76125 0.051594999999999995
2 0.755 0.272983 0.780625 0.317073
2 0.76625 0.007505 0.785625 0.040338
2 0.769375 0.155722 0.79625 0.190432
2 0.776875 0.479362 0.785625 0.525328
2 0.784375 0.179174 0.815 0.21388400000000002
2 0.8075 0.5093810000000001 0.834375 0.565666
2 0.8075 0.738274 0.835625 0.7908069999999999
2 0.81125 0.39211999999999997 0.831875 0.4502810000000001
2 0.815 0.428705 0.839375 0.4634149999999999
2 0.81875 0.7157600000000001 0.85 0.738274
2 0.828125 0.873358 0.873125 0.923077
2 0.8575 0.959662 0.880625 0.9990620000000001
2 0.880625 0.7101310000000001 0.893125 0.7439020000000001
2 0.923125 0.906191 0.946875 0.952158
