2 0.0 0.309985 0.1175 0.46050699999999994
2 0.0 0.6348729999999999 0.136875 0.955291
2 0.084375 0.36810699999999996 0.245625 0.76006
2 0.099375 0.084948 0.26875 0.359165
2 0.11875 0.6900149999999998 0.22625 0.918033
2 0.138125 0.268256 0.288125 0.503726
2 0.2225 0.487332 0.31 0.836066
2 0.233125 0.879285 0.36375 0.99851
2 0.251875 0.24590200000000004 0.4325 0.6438149999999999
2 0.253125 0.769001 0.375 0.9150520000000001
2 0.2725 0.631893 0.440625 0.853949
2 0.28 0.6527569999999999 0.395625 0.789866
2 0.3225 0.011923 0.448125 0.283159
2 0.344375 0.836066 0.48625 0.99851
2 0.375 0.640835 0.448125 0.777943
2 0.409375 0.062593 0.56375 0.44262299999999993
2 0.415 0.4292100000000001 0.575 0.780924
2 0.444375 0.7511180000000001 0.544375 0.8971680000000001
2 0.501875 0.934426 0.6375 0.99851
2 0.510625 0.771982 0.67875 0.99851
2 0.5225 0.359165 0.649375 0.734724
2 0.58 0.11773499999999999 0.748125 0.49329399999999995
2 0.605625 0.6497760000000001 0.745625 0.873323
2 0.653125 0.411326 0.818125 0.698957
2 0.67875 0.873323 0.725 0.99851
2 0.72125 0.8912069999999999 0.8375 0.99851
2 0.72125 0.687034 0.8875 0.973174
2 0.795625 0.530551 0.92875 0.731744
2 0.82625 0.961252 0.9325 0.99851
2 0.83 0.8822649999999999 0.93 0.955291
2 0.83375 0.873323 0.903125 0.928465
2 0.868125 0.5976150000000001 0.999375 0.918033
