2 0.011875 0.5422140000000001 0.1475 0.7729829999999999
2 0.083125 0.34803 0.234375 0.556285
2 0.11375 0.168856 0.2675 0.375235
2 0.12625 0.624765 0.286875 0.8442780000000001
2 0.15625 0.571295 0.225 0.6463409999999999
2 0.23 0.41181999999999996 0.334375 0.60788
2 0.23 0.011257 0.355625 0.201689
2 0.26 0.780488 0.4225 0.9080679999999999
2 0.2725 0.22514099999999998 0.341875 0.353659
2 0.295625 0.578799 0.36 0.7786119999999999
2 0.31875 0.11538499999999999 0.42625 0.28424
2 0.334375 0.294559 0.4175 0.386492
2 0.344375 0.375235 0.455625 0.560037
2 0.351875 0.5093810000000001 0.52875 0.807692
2 0.41375 0.86773 0.488125 0.9287049999999999
2 0.445625 0.18667899999999998 0.610625 0.423077
2 0.455625 0.659475 0.655625 0.9080679999999999
2 0.499375 0.353659 0.63375 0.576923
2 0.499375 0.8658540000000002 0.67875 0.9990620000000001
2 0.5425 0.42120100000000005 0.745 0.707317
2 0.559375 0.0 0.72125 0.19605999999999998
2 0.63 0.6463409999999999 0.84 0.9577860000000001
2 0.63625 0.184803 0.8225 0.41744799999999993
2 0.72125 0.380863 0.845625 0.547842
2 0.749375 0.553471 0.87125 0.697936
2 0.756875 0.9305819999999999 0.88 0.998124
2 0.816875 0.138837 0.955625 0.336773
2 0.849375 0.60788 0.999375 0.884615
2 0.856875 0.302064 0.99375 0.530957
2 0.88375 0.525328 0.99125 0.5966229999999999
2 0.89 0.780488 0.9975 0.992495
2 0.955625 0.138837 0.999375 0.300188
