2 0.359375 0.7232649999999999 0.38875 0.767355
2 0.369375 0.382739 0.39375 0.423077
2 0.39 0.35928699999999997 0.40875 0.39774899999999996
2 0.40875 0.399625 0.434375 0.43245799999999995
2 0.43875 0.41744799999999993 0.4575 0.446529
2 0.45 0.8189489999999998 0.478125 0.84803
2 0.45125 0.888368 0.470625 0.9465290000000001
2 0.470625 0.329268 0.480625 0.363977
2 0.478125 0.41744799999999993 0.5 0.461538
2 0.484375 0.665103 0.580625 0.8367729999999999
2 0.49 0.31144499999999997 0.523125 0.35741100000000003
2 0.513125 0.461538 0.528125 0.484991
2 0.523125 0.423077 0.5575 0.461538
2 0.528125 0.4906189999999999 0.555 0.525328
2 0.54375 0.163227 0.584375 0.22701699999999997
2 0.639375 0.6425890000000001 0.734375 0.7786119999999999
2 0.686875 0.144465 0.78125 0.287993
2 0.70125 0.549719 0.730625 0.606004
2 0.715 0.525328 0.738125 0.556285
2 0.74375 0.461538 0.774375 0.501876
2 0.75 0.43245799999999995 0.774375 0.4634149999999999
2 0.824375 0.60788 0.85 0.6425890000000001
2 0.843125 0.207317 0.873125 0.25985
2 0.8475 0.438086 0.86875 0.48123800000000005
2 0.85875 0.8189489999999998 0.993125 0.9887429999999999
2 0.86625 0.567542 0.90375 0.606004
2 0.891875 0.58818 0.9125 0.624765
2 0.905 0.201689 0.935625 0.256098
2 0.96875 0.74015 0.996875 0.8611629999999999
2 0.988125 0.40431500000000004 0.999375 0.467167
