2 0.0 0.5605680000000001 0.081875 0.909774
2 0.0 0.234754 0.128125 0.584795
2 0.0 0.007519 0.174375 0.274018
2 0.07125 0.477861 0.23625 0.7878029999999999
2 0.11625 0.223058 0.245 0.451963
2 0.14875 0.56391 0.45625 0.9791139999999999
2 0.168125 0.223058 0.4525 0.56391
2 0.346875 0.31745999999999996 0.670625 0.7218040000000001
2 0.41375 0.192147 0.615 0.322473
2 0.458125 0.710109 0.58 0.792815
2 0.57375 0.549708 0.893125 0.966583
2 0.588125 0.22807 0.85875 0.570593
2 0.796875 0.467001 0.999375 0.8028400000000001
