2 0.0 0.0 0.126875 0.400187
2 0.0 0.4095599999999999 0.18875 0.841612
2 0.08625 0.0 0.335 0.083411
2 0.116875 0.075914 0.39625 0.504217
2 0.14 0.8303659999999999 0.519375 0.9990629999999999
2 0.19375 0.44423599999999996 0.50875 0.8134959999999999
2 0.36625 0.117151 0.71125 0.6091850000000001
2 0.39625 0.0 0.730625 0.180881
2 0.4925 0.613871 0.828125 0.9990629999999999
2 0.670625 0.105904 0.95375 0.611059
2 0.76125 0.572634 0.95875 0.905342
2 0.793125 0.0 0.999375 0.253983
2 0.865 0.8134959999999999 0.999375 0.9990629999999999
2 0.926875 0.334583 0.999375 0.8209930000000001
