2 0.0 0.6177020000000001 0.140625 0.843691
2 0.1675 0.663842 0.33 0.909605
2 0.26125 0.513183 0.415 0.753296
2 0.3825 0.519774 0.495625 0.744821
2 0.42875 0.7683620000000001 0.5325 0.97081
2 0.606875 0.948211 0.6325 0.97646
2 0.67625 0.7570619999999999 0.706875 0.808851
2 0.7325 0.643126 0.760625 0.683616
2 0.74 0.676083 0.755625 0.7184560000000001
2 0.79125 0.549906 0.810625 0.584746
2 0.83375 0.6290020000000001 0.856875 0.6544260000000001
2 0.845625 0.600753 0.864375 0.625235
2 0.864375 0.509416 0.88625 0.527307
2 0.866875 0.588512 0.88 0.608286
2 0.87875 0.538606 0.8875 0.5621470000000001
