2 0.270625 0.269167 0.28625 0.3125
2 0.325 0.238333 0.335625 0.269167
2 0.3325 0.3275 0.340625 0.3575
2 0.3675 0.2225 0.386875 0.245
2 0.39375 0.25416700000000003 0.40625 0.28
2 0.416875 0.238333 0.4325 0.28
2 0.428125 0.35333299999999995 0.459375 0.3775
2 0.43625 0.14166700000000002 0.456875 0.17666700000000002
2 0.44125 0.336667 0.460625 0.3625
2 0.460625 0.385 0.4725 0.4258330000000001
2 0.48 0.14666700000000002 0.494375 0.188333
2 0.51 0.455 0.530625 0.4825
2 0.51125 0.0625 0.525 0.093333
2 0.536875 0.155833 0.55 0.188333
2 0.54875 0.429167 0.56 0.446667
2 0.54875 0.2175 0.565 0.248333
2 0.54875 0.286667 0.568125 0.315833
2 0.5525 0.446667 0.568125 0.475833
2 0.56125 0.3275 0.584375 0.3675
2 0.56375 0.1725 0.583125 0.20916700000000002
2 0.568125 0.10416700000000001 0.579375 0.14
2 0.573125 0.219167 0.60375 0.259167
2 0.5925 0.041667 0.59875 0.07333300000000001
2 0.59875 0.085 0.608125 0.10416700000000001
2 0.615625 0.214167 0.645625 0.245
2 0.62625 0.31083299999999997 0.63875 0.346667
2 0.6275 0.291667 0.63875 0.3075
2 0.63 0.6275 0.645625 0.6741670000000001
2 0.6425 0.31083299999999997 0.658125 0.346667
2 0.645625 0.08 0.660625 0.115833
2 0.654375 0.286667 0.656875 0.30583299999999997
2 0.665 0.2125 0.695625 0.235
2 0.68125 0.1575 0.693125 0.191667
2 0.71125 0.295 0.72 0.3175
2 0.7125 0.651667 0.731875 0.693333
2 0.739375 0.601667 0.75875 0.648333
2 0.74375 0.775833 0.75375 0.7966669999999999
2 0.765 0.68 0.788125 0.7075
2 0.765625 0.25416700000000003 0.776875 0.285
2 0.766875 0.295 0.7825 0.3125
2 0.774375 0.491667 0.78875 0.529167
2 0.776875 0.735833 0.79375 0.775833
2 0.82375 0.038333 0.83625 0.083333
2 0.835 0.259167 0.844375 0.28
2 0.83625 0.11916700000000001 0.851875 0.14166700000000002
2 0.839375 0.20916700000000002 0.86 0.25
2 0.843125 0.295 0.855625 0.3275
2 0.851875 0.145 0.8625 0.1625
2 0.854375 0.606667 0.883125 0.630833
2 0.855625 0.435 0.87 0.4625000000000001
2 0.86375 0.3 0.878125 0.331667
2 0.86625 0.064167 0.879375 0.09000000000000001
2 0.86625 0.4883330000000001 0.879375 0.5175
2 0.8675 0.219167 0.886875 0.245
2 0.875 0.4258330000000001 0.893125 0.455
2 0.881875 0.338333 0.894375 0.36416699999999996
2 0.883125 0.5325 0.8975 0.558333
2 0.885625 0.23333299999999998 0.905 0.264167
2 0.885625 0.59 0.916875 0.61
2 0.8975 0.346667 0.91 0.3725
2 0.89875 0.28 0.90625 0.320833
2 0.90125 0.555 0.91375 0.580833
2 0.91375 0.281667 0.925625 0.3125
2 0.91375 0.351667 0.931875 0.385
2 0.918125 0.5225 0.931875 0.548333
2 0.918125 0.359167 0.93625 0.38999999999999996
2 0.925625 0.575833 0.94 0.5966670000000001
2 0.931875 0.409167 0.9475 0.44
2 0.933125 0.6 0.9475 0.641667
2 0.94125 0.480833 0.955625 0.508333
2 0.968125 0.2225 0.98 0.25416700000000003
2 0.97875 0.22833299999999998 0.99125 0.248333
2 0.98 0.3625 0.99 0.395
