2 0.015625 0.46238 0.155469 0.6648430000000001
2 0.142188 0.49521200000000004 0.203906 0.6306430000000001
2 0.161719 0.518468 0.203906 0.6306430000000001
2 0.165625 0.564979 0.25156300000000004 0.705882
2 0.275 0.491108 0.3625 0.658003
2 0.294531 0.42818100000000003 0.378125 0.502052
2 0.310156 0.585499 0.358594 0.658003
2 0.339844 0.511628 0.397656 0.674419
2 0.375781 0.47742799999999996 0.40625 0.522572
2 0.395312 0.348837 0.495313 0.48837200000000003
2 0.397656 0.450068 0.532812 0.6812590000000001
2 0.47890600000000005 0.42134099999999997 0.542188 0.525308
2 0.509375 0.529412 0.607813 0.6922020000000001
2 0.548437 0.450068 0.65625 0.667579
2 0.560938 0.314637 0.689062 0.508892
2 0.6601560000000001 0.463748 0.745313 0.606019
2 0.665625 0.570451 0.710938 0.7004100000000001
2 0.715625 0.543092 0.835938 0.699042
2 0.73125 0.497948 0.784375 0.549932
2 0.8085939999999999 0.502052 0.832031 0.6607390000000001
2 0.8164060000000001 0.474692 0.9367190000000001 0.688098
