2 0.085938 0.17116099999999998 0.12421900000000001 0.235639
2 0.109375 0.152403 0.157813 0.22977700000000004
2 0.230469 0.46189900000000006 0.2625 0.506448
2 0.236719 0.376319 0.274219 0.438453
2 0.26406199999999996 0.44197000000000003 0.307813 0.515827
2 0.37343699999999996 0.325909 0.41171899999999995 0.393904
2 0.425 0.409144 0.475 0.48300099999999996
2 0.46875 0.132474 0.507031 0.19343500000000002
2 0.47031300000000004 0.08089099999999999 0.514063 0.12309500000000002
2 0.507031 0.150059 0.557813 0.22626
2 0.557813 0.48065699999999995 0.609375 0.55803
2 0.577344 0.550996 0.625 0.624853
2 0.599219 0.41500600000000004 0.657031 0.4923800000000001
2 0.625 0.525205 0.675 0.596717
2 0.639844 0.277843 0.695312 0.361079
2 0.665625 0.566237 0.713281 0.652989
2 0.689062 0.270809 0.728125 0.31535799999999997
2 0.692969 0.307151 0.732813 0.376319
