2 0.38375 0.767355 0.449375 0.873358
2 0.449375 0.4099439999999999 0.53 0.49812399999999996
2 0.551875 0.6425890000000001 0.565 0.67167
2 0.575 0.007505 0.62875 0.045966
2 0.575 0.375235 0.63 0.43245799999999995
2 0.57875 0.6575979999999999 0.595625 0.6829270000000001
2 0.6175 0.6191369999999999 0.63375 0.653846
2 0.62875 0.659475 0.653125 0.692308
2 0.66875 0.694184 0.68375 0.738274
2 0.67875 0.668856 0.701875 0.705441
2 0.698125 0.190432 0.745625 0.26547800000000005
2 0.78 0.190432 0.803125 0.250469
2 0.82875 0.051594999999999995 0.901875 0.12101300000000001
2 0.8325 0.5487810000000001 0.886875 0.598499
