2 0.050625 0.275833 0.08125 0.3125
2 0.063125 0.49333299999999997 0.098125 0.529167
2 0.11 0.4625000000000001 0.145 0.508333
2 0.213125 0.3725 0.249375 0.419167
2 0.225 0.724167 0.245625 0.7725
2 0.295625 0.7258330000000001 0.333125 0.775833
2 0.31125 0.9274999999999999 0.33875 0.989167
2 0.329375 0.9733329999999999 0.35375 0.994167
2 0.34625 0.705 0.358125 0.746667
2 0.3875 0.35333299999999995 0.408125 0.409167
2 0.535 0.10916700000000001 0.558125 0.14666700000000002
2 0.54 0.126667 0.561875 0.183333
2 0.648125 0.654167 0.66875 0.6925
2 0.6625 0.255833 0.6875 0.30583299999999997
2 0.675625 0.295 0.716875 0.346667
2 0.74125 0.543333 0.760625 0.584167
2 0.744375 0.5175 0.760625 0.548333
2 0.84875 0.033333 0.873125 0.064167
2 0.900625 0.20416700000000002 0.92375 0.24
2 0.904375 0.160833 0.92375 0.19833299999999998
2 0.965 0.646667 0.985625 0.708333
2 0.96625 0.393333 0.981875 0.420833
2 0.978125 0.359167 0.9975 0.414167
