2 0.10625 0.775732 0.2275 0.935565
2 0.1075 0.62092 0.2225 0.7673639999999999
2 0.121875 0.9372389999999998 0.2375 0.999163
2 0.13375 0.21255199999999996 0.246875 0.35230100000000003
2 0.17 0.15062799999999998 0.24375 0.224268
2 0.185 0.077824 0.261875 0.170711
2 0.206875 0.0 0.291875 0.07280299999999999
2 0.21 0.6895399999999999 0.318125 0.842678
2 0.214375 0.279498 0.331875 0.379079
2 0.22 0.842678 0.341875 0.9941420000000001
2 0.243125 0.176569 0.330625 0.284519
2 0.261875 0.11966500000000001 0.335625 0.18159
2 0.2775 0.05355599999999999 0.339375 0.129707
2 0.309375 0.6 0.42875 0.7447699999999998
2 0.3225 0.219247 0.420625 0.353975
2 0.32375 0.925523 0.435625 0.999163
2 0.346875 0.06778200000000001 0.44375 0.139749
2 0.35375 0.5397489999999999 0.40375 0.606695
2 0.35375 0.046862 0.41625 0.09037700000000001
2 0.385625 0.233473 0.4925 0.3849369999999999
2 0.423125 0.684519 0.5425 0.832636
2 0.426875 0.186611 0.515625 0.260251
2 0.430625 0.842678 0.54 0.9941420000000001
2 0.4325 0.033473 0.51375 0.12133900000000003
2 0.438125 0.098745 0.52875 0.20920500000000003
2 0.513125 0.630962 0.54375 0.6928870000000001
2 0.558125 0.11380799999999999 0.61625 0.198326
2 0.5775 0.920502 0.6775 0.999163
2 0.585 0.76569 0.700625 0.930544
2 0.611875 0.0 0.685625 0.03682
2 0.62 0.07280299999999999 0.67875 0.17238499999999998
2 0.6275 0.139749 0.728125 0.21255199999999996
2 0.629375 0.026777999999999996 0.671875 0.074477
2 0.643125 0.517155 0.74875 0.648536
2 0.664375 0.682845 0.793125 0.847699
2 0.67375 0.8443510000000001 0.80125 0.999163
2 0.685625 0.046862 0.76 0.11380799999999999
2 0.68875 0.21255199999999996 0.761875 0.33640200000000003
2 0.695 0.09037700000000001 0.793125 0.186611
2 0.705 0.640305 0.785625 0.033473
2 0.728125 0.170711 0.8125 0.27447699999999997
2 0.745 0.538075 0.800625 0.641004
2 0.746875 0.28954 0.860625 0.377406
2 0.746875 0.5916319999999999 0.866875 0.7305439999999999
2 0.7525 0.5297069999999999 0.820625 0.610042
2 0.78875 0.082845 0.85875 0.14728
2 0.79375 0.912134 0.918125 0.99749
2 0.80875 0.134728 0.870625 0.21422600000000006
2 0.870625 0.668619 0.991875 0.8066949999999999
2 0.8875 0.808368 0.998125 0.9615060000000001
