2 0.0 0.369606 0.06 0.694184
2 0.038125 0.44465299999999996 0.184375 0.7870540000000001
2 0.044375 0.26547800000000005 0.11 0.47279499999999997
2 0.090625 0.600375 0.441875 0.9990620000000001
2 0.094375 0.060038 0.44375 0.5966229999999999
2 0.351875 0.41744799999999993 0.603125 0.8442780000000001
2 0.3825 0.8658540000000002 0.68625 0.9990620000000001
2 0.5325 0.11726099999999998 0.82125 0.573171
2 0.544375 0.611632 0.866875 0.9990620000000001
2 0.7325 0.4502810000000001 0.999375 0.8386490000000001
2 0.825 0.207317 0.999375 0.5422140000000001
