2 0.0 0.590056 0.075 0.727017
2 0.026875 0.479362 0.11375 0.6135079999999999
2 0.10375 0.628518 0.16125 0.6754220000000001
2 0.115 0.479362 0.203125 0.611632
2 0.151875 0.576923 0.2575 0.732645
2 0.303125 0.617261 0.390625 0.745779
2 0.38 0.0 0.490625 0.11538499999999999
2 0.455625 0.573171 0.53625 0.705441
2 0.47625 0.22701699999999997 0.5325 0.342402
2 0.478125 0.755159 0.555625 0.8536590000000001
2 0.48375 0.0 0.544375 0.12101300000000001
2 0.490625 0.32551599999999997 0.53625 0.39211999999999997
2 0.505625 0.157598 0.548125 0.24202600000000002
2 0.51375 0.12288900000000001 0.5725 0.197936
2 0.52625 0.727017 0.594375 0.8499059999999999
2 0.52875 0.22138799999999997 0.57625 0.313321
2 0.53 0.302064 0.57625 0.365854
2 0.5325 0.5825520000000001 0.595625 0.734522
2 0.5375 0.0 0.591875 0.11538499999999999
2 0.560625 0.104128 0.609375 0.161351
2 0.5825 0.0 0.610625 0.042214
2 0.595625 0.001876 0.62125 0.098499
