2 0.186875 0.37916700000000003 0.48 0.708333
2 0.0 0.2075 0.16625 0.419167
2 0.0 0.4725 0.2125 0.7825000000000001
2 0.001875 0.359167 0.13 0.5341670000000001
2 0.073125 0.04750000000000001 0.20375 0.219167
2 0.104375 0.193333 0.379375 0.496667
2 0.189375 0.0625 0.395 0.2025
2 0.224375 0.010833 0.383125 0.07333300000000001
2 0.261875 0.595 0.63125 0.9975
2 0.301875 0.183333 0.455625 0.351667
2 0.31625 0.0058330000000000005 0.533125 0.193333
2 0.3975 0.135 0.646875 0.325833
2 0.421875 0.325833 0.715 0.574167
2 0.455625 0.0 0.68125 0.06916699999999999
2 0.541875 0.519167 0.885625 0.9049999999999999
2 0.608125 0.083333 0.785 0.255833
2 0.635 0.25 0.82125 0.359167
2 0.654375 0.023333000000000003 0.815625 0.14166700000000002
2 0.7575 0.36416699999999996 0.999375 0.635833
2 0.78625 0.20416700000000002 0.999375 0.4258330000000001
2 0.79625 0.083333 0.89875 0.235
