2 0.01 0.63985 0.036875 0.685688
2 0.06125 0.584659 0.086875 0.624883
2 0.083125 0.555659 0.11375 0.5884
2 0.095625 0.4116 0.1225 0.440599
2 0.11375 0.756782 0.130625 0.795136
2 0.130625 0.50421 0.165 0.5537890000000001
2 0.17625 0.5537890000000001 0.201875 0.5884
2 0.194375 0.371375 0.215 0.4116
2 0.195625 0.170253 0.2175 0.202993
2 0.199375 0.43311499999999997 0.233125 0.48643600000000004
2 0.21875 0.542563 0.26 0.570627
2 0.26125 0.026193 0.288125 0.064546
2 0.26375 0.922357 0.291875 0.968195
2 0.26875 0.07203 0.298125 0.122544
2 0.2725 0.110384 0.294375 0.144995
2 0.27625 0.0 0.306875 0.031805
2 0.305625 0.9644530000000001 0.33 0.999065
2 0.3175 0.8203929999999999 0.349375 0.8755850000000002
2 0.336875 0.087933 0.355625 0.130028
2 0.345625 0.10664199999999999 0.36375 0.15341400000000002
2 0.375 0.13938299999999998 0.390625 0.16464
2 0.391875 0.15341400000000002 0.415 0.179607
2 0.42875 0.130028 0.451875 0.16464
2 0.448125 0.09915800000000001 0.47875 0.146866
2 0.553125 0.617399 0.58 0.653882
2 0.601875 0.5537890000000001 0.63375 0.594013
2 0.603125 0.595884 0.6375 0.623012
2 0.62125 0.668849 0.6375 0.720299
2 0.660625 0.530402 0.68625 0.570627
2 0.691875 0.502339 0.72625 0.561272
2 0.698125 0.812909 0.744375 0.8718429999999999
2 0.74125 0.815716 0.773125 0.859682
2 0.753125 0.590271 0.78625 0.636109
2 0.77875 0.532273 0.803125 0.5884
2 0.813125 0.4845649999999999 0.83375 0.53695
2 0.82125 0.617399 0.845625 0.653882
2 0.84125 0.4733399999999999 0.860625 0.509822
2 0.845625 0.657624 0.87875 0.6941069999999999
2 0.853125 0.594013 0.868125 0.6304960000000001
2 0.856875 0.864359 0.88375 0.924228
