2 0.030957 0.450625 0.069418 0.47125
2 0.100375 0.3325 0.125704 0.358125
2 0.10225099999999998 0.236875 0.138837 0.2675
2 0.15666 0.414375 0.184803 0.426875
2 0.177298 0.399375 0.202627 0.41125
2 0.179174 0.488125 0.21013099999999996 0.50375
2 0.202627 0.445625 0.241088 0.47625
2 0.226079 0.324375 0.26454 0.35
2 0.26454 0.31875 0.300188 0.343125
2 0.269231 0.07125 0.303002 0.091875
2 0.276735 0.10375 0.294559 0.124375
2 0.29268299999999997 0.47125 0.322702 0.496875
2 0.353659 0.30375 0.399625 0.3275
2 0.369606 0.288125 0.41557200000000005 0.30875
2 0.38743 0.40125 0.43058199999999996 0.435
2 0.418386 0.28125 0.44090100000000004 0.29875
2 0.438086 0.29875 0.47185699999999997 0.31375
2 0.438086 0.41625 0.47654799999999997 0.436875
2 0.45403399999999994 0.36 0.49249499999999996 0.38375
2 0.47654799999999997 0.1325 0.49531000000000003 0.155
2 0.48686700000000005 0.301875 0.515009 0.324375
2 0.517824 0.148125 0.530957 0.16375
2 0.6181989999999999 0.175625 0.638837 0.20625
2 0.664165 0.20125 0.7101310000000001 0.22
2 0.731707 0.44875 0.774859 0.4775
