2 0.022917000000000003 0.192969 0.146875 0.26875
2 0.027083 0.09296900000000001 0.1375 0.17890599999999998
2 0.034375 0.278906 0.14375 0.364844
2 0.04374999999999999 0.378125 0.153125 0.45546899999999996
2 0.04374999999999999 0.4625 0.153125 0.54375
2 0.158333 0.09296900000000001 0.26145799999999997 0.174219
2 0.160417 0.191406 0.267708 0.275
2 0.160417 0.282031 0.267708 0.36093800000000004
2 0.16458299999999998 0.380469 0.267708 0.45546899999999996
2 0.275 0.085938 0.3875 0.171875
2 0.284375 0.1875 0.3843750000000001 0.261719
2 0.284375 0.278906 0.389583 0.363281
2 0.284375 0.37343699999999996 0.389583 0.45078100000000004
2 0.286458 0.627344 0.39583299999999993 0.708594
2 0.622917 0.09296900000000001 0.7312499999999998 0.17890599999999998
2 0.625 0.184375 0.7312499999999998 0.270312
2 0.625 0.282031 0.7312499999999998 0.364844
2 0.628125 0.47109399999999996 0.733333 0.55
2 0.628125 0.378125 0.7375000000000002 0.457812
2 0.742708 0.37656300000000004 0.854167 0.457812
2 0.744792 0.283594 0.854167 0.363281
2 0.744792 0.189063 0.857292 0.270312
2 0.748958 0.09453099999999999 0.854167 0.174219
2 0.86875 0.184375 0.9718750000000002 0.26875
2 0.86875 0.285937 0.9718750000000002 0.363281
2 0.86875 0.629687 0.978125 0.715625
2 0.86875 0.08984400000000001 0.9802079999999999 0.174219
2 0.8708329999999999 0.37656300000000004 0.978125 0.459375
