2 0.24304499999999998 0.782227 0.47730600000000006 0.8681639999999999
2 0.0 0.389648 0.19472899999999996 0.5039060000000001
2 0.0 0.244141 0.24743800000000002 0.399414
2 0.0 0.07714800000000001 0.272328 0.238281
2 0.05417299999999999 0.679688 0.270864 0.78418
2 0.06735 0.779297 0.270864 0.860352
2 0.083455 0.5898439999999999 0.24743800000000002 0.679688
2 0.265007 0.6679689999999999 0.47291400000000006 0.7714840000000001
2 0.272328 0.576172 0.46705699999999994 0.694336
2 0.46705699999999994 0.688477 0.644217 0.773438
2 0.46705699999999994 0.779297 0.644217 0.8652340000000001
2 0.47584200000000004 0.56543 0.6603220000000001 0.669922
2 0.647145 0.768555 0.8389459999999999 0.860352
2 0.651537 0.657227 0.855051 0.768555
2 0.674963 0.580078 0.8565149999999999 0.663086
2 0.745242 0.202148 0.998536 0.352539
2 0.7554900000000001 0.347656 0.939971 0.405273
2 0.771596 0.072266 0.963397 0.207031
