2 0.60625 0.548333 0.88625 0.918333
2 0.0 0.620833 0.068125 0.9308330000000001
2 0.0 0.9216669999999999 0.085 0.999167
2 0.0 0.064167 0.181875 0.4258330000000001
2 0.05375 0.679167 0.296875 0.9216669999999999
2 0.068125 0.36416699999999996 0.2925 0.7725
2 0.1375 0.916667 0.33125 0.999167
2 0.184375 0.10416700000000001 0.375625 0.393333
2 0.25125 0.346667 0.565 0.790833
2 0.311875 0.639744 0.606875 0.3675
2 0.335625 0.75 0.6025 0.999167
2 0.475 0.853333 0.7425 0.9975
2 0.501875 0.369167 0.63125 0.729167
2 0.55 0.2175 0.82 0.558333
2 0.579375 0.0525 0.723125 0.269167
2 0.71875 0.0 0.9875 0.1525
2 0.731875 0.105833 0.82375 0.259167
2 0.776875 0.136667 0.998125 0.524167
2 0.7925 0.824167 0.999375 0.999167
2 0.846875 0.5175 0.999375 0.8225000000000001
