2 0.0 0.748958 0.203125 0.998958
2 0.0 0.467708 0.232812 0.696875
2 0.092188 0.16875000000000004 0.44375 0.40104200000000007
2 0.10546900000000001 0.561458 0.528125 0.998958
2 0.45390600000000003 0.814583 0.797656 0.998958
2 0.520312 0.302083 0.8523440000000001 0.533333
2 0.521875 0.635417 0.7625 0.8479170000000001
2 0.713281 0.45833299999999993 0.9992190000000001 0.830208
2 0.8210940000000001 0.892708 0.9992190000000001 0.9968749999999998
2 0.839844 0.25416700000000003 0.9992190000000001 0.444792
