2 0.7075 0.4575 0.7825 0.545833
2 0.05625 0.648333 0.106875 0.713333
2 0.111875 0.693333 0.17375 0.766667
2 0.119375 0.625833 0.180625 0.6825
2 0.12625 0.579167 0.191875 0.646667
2 0.184375 0.7566669999999999 0.224375 0.806667
2 0.184375 0.575833 0.231875 0.651667
2 0.205 0.6875 0.261875 0.751667
2 0.21625 0.503333 0.269375 0.553333
2 0.220625 0.746667 0.28125 0.8166670000000001
2 0.230625 0.4258330000000001 0.28125 0.496667
2 0.230625 0.61 0.29 0.663333
2 0.24 0.341667 0.296875 0.41583299999999995
2 0.24 0.580833 0.308125 0.6325
2 0.274375 0.7341669999999999 0.336875 0.8325
2 0.2775 0.445 0.32375 0.5225
2 0.28125 0.3 0.32375 0.351667
2 0.29375 0.6175 0.350625 0.6741670000000001
2 0.311875 0.22833299999999998 0.36 0.3075
2 0.313125 0.346667 0.3625 0.393333
2 0.325 0.405 0.375625 0.455
2 0.335625 0.695 0.40125 0.790833
2 0.36375 0.3125 0.41 0.403333
2 0.37 0.4258330000000001 0.424375 0.506667
2 0.39875 0.661667 0.453125 0.740833
2 0.40875 0.301667 0.459375 0.37916700000000003
2 0.44375 0.3625 0.490625 0.420833
2 0.44375 0.2025 0.501875 0.285
2 0.453125 0.501667 0.51375 0.570833
2 0.466875 0.585833 0.51375 0.651667
2 0.47875 0.3075 0.5225 0.3675
2 0.515 0.54 0.55375 0.585833
2 0.5175 0.4883330000000001 0.56125 0.5325
2 0.5175 0.580833 0.573125 0.6825
2 0.56125 0.419167 0.615625 0.4825
2 0.568125 0.5275 0.610625 0.606667
2 0.568125 0.4883330000000001 0.611875 0.5325
2 0.575625 0.3575 0.63 0.414167
2 0.583125 0.615833 0.621875 0.684167
2 0.63875 0.3775 0.6725 0.451667
2 0.64125 0.579167 0.693125 0.643333
2 0.650625 0.3225 0.715 0.369167
2 0.66625 0.514167 0.72 0.5966670000000001
2 0.7825 0.338333 0.8325 0.410833
2 0.811875 0.388333 0.86 0.44166700000000003
