2 0.080625 0.427361 0.186875 0.636804
2 0.0 0.688862 0.05375 0.9273610000000001
2 0.0 0.608959 0.07625 0.74092
2 0.00625 0.11501199999999999 0.12125 0.360775
2 0.01 0.5690069999999999 0.084375 0.651332
2 0.036875 0.353511 0.088125 0.5690069999999999
2 0.038125 0.762712 0.195625 0.96368
2 0.1075 0.263923 0.198125 0.450363
2 0.144375 0.8523 0.288125 0.9987889999999999
2 0.16375 0.23486700000000002 0.26875 0.353511
2 0.17875 0.412833 0.249375 0.616223
2 0.17875 0.651332 0.349375 0.9200969999999999
2 0.203125 0.348668 0.26125 0.44309899999999997
2 0.251875 0.256659 0.345625 0.420097
2 0.265 0.37046 0.365 0.579903
2 0.28 0.430993 0.42625 0.70339
2 0.284375 0.18523 0.348125 0.29661
2 0.288125 0.934625 0.345625 0.9987889999999999
2 0.3325 0.133172 0.465 0.338983
2 0.338125 0.608959 0.510625 0.875303
2 0.36375 0.315981 0.460625 0.420097
2 0.375 0.866828 0.490625 0.9987889999999999
2 0.391875 0.420097 0.490625 0.608959
2 0.41125 0.08595599999999999 0.48625 0.21912800000000002
2 0.438125 0.430993 0.53 0.547216
2 0.46875 0.190073 0.551875 0.326877
2 0.4825 0.825666 0.62125 0.9721549999999998
2 0.490625 0.003632 0.57875 0.177966
2 0.503125 0.710654 0.605625 0.854722
2 0.505625 0.279661 0.605625 0.497579
2 0.509375 0.512107 0.590625 0.7360770000000001
2 0.551875 0.0 0.6725 0.09322000000000001
2 0.5675 0.11501199999999999 0.6725 0.274818
2 0.57125 0.266344 0.653125 0.428571
2 0.58 0.423729 0.67625 0.59201
2 0.599375 0.029056 0.710625 0.20702199999999998
2 0.599375 0.710654 0.794375 0.9140440000000001
2 0.603125 0.601695 0.694375 0.7360770000000001
2 0.645625 0.263923 0.694375 0.412833
2 0.68625 0.430993 0.794375 0.651332
2 0.699375 0.110169 0.755625 0.25908000000000003
2 0.699375 0.368039 0.849375 0.549637
2 0.745625 0.041162 0.806875 0.2046
2 0.759375 0.0 0.84 0.07021799999999999
2 0.77875 0.556901 0.909375 0.755448
2 0.77875 0.74092 0.910625 0.861985
2 0.79 0.24939499999999995 0.853125 0.363196
2 0.813125 0.199758 0.898125 0.282082
2 0.8325 0.102906 0.92875 0.23486700000000002
2 0.84 0.355932 0.964375 0.542373
2 0.864375 0.23486700000000002 0.97625 0.405569
2 0.87125 0.525424 0.97875 0.72155
2 0.903125 0.214286 0.995 0.289346
2 0.959375 0.49031499999999995 0.999375 0.62954
2 0.963125 0.353511 0.995 0.497579
2 0.97625 0.636804 0.999375 0.780872
