2 0.715 0.550833 0.78625 0.64
2 0.258125 0.270833 0.309375 0.36416699999999996
2 0.2925 0.35333299999999995 0.355 0.429167
2 0.304375 0.584167 0.350625 0.615833
2 0.3675 0.333333 0.420625 0.41583299999999995
2 0.381875 0.643333 0.40875 0.695
2 0.420625 0.4366670000000001 0.475 0.506667
2 0.425625 0.3075 0.47625 0.3775
2 0.468125 0.669167 0.4875 0.735833
2 0.545625 0.255833 0.579375 0.331667
2 0.59625 0.265833 0.64125 0.320833
2 0.6025 0.2025 0.661875 0.269167
2 0.64125 0.460833 0.70875 0.5325
2 0.645625 0.555 0.699375 0.625833
2 0.66625 0.274167 0.7125 0.3275
2 0.731875 0.87 0.7825 0.958333
2 0.921875 0.5225 0.956875 0.570833
2 0.921875 0.188333 0.966875 0.28
