2 0.22656199999999999 0.48958299999999993 0.36093800000000004 0.672917
2 0.16875 0.647917 0.29531199999999996 0.81875
2 0.385938 0.258333 0.43906300000000004 0.377083
2 0.409375 0.160417 0.528125 0.33125
2 0.546875 0.541667 0.6125 0.747917
2 0.6 0.397917 0.66875 0.504167
2 0.717188 0.764583 0.88125 0.96875
2 0.757812 0.660417 0.8875 0.75625
2 0.8453120000000001 0.504167 0.9546870000000001 0.654167
2 0.86875 0.7854170000000001 0.9984379999999999 0.947917
2 0.90625 0.9125 0.9984379999999999 0.997917
2 0.9171879999999999 0.620833 0.9984379999999999 0.7145829999999999
