2 0.616554 0.647766 0.809122 0.793814
2 0.037162 0.737113 0.10472999999999999 0.891753
2 0.040541 0.651203 0.097973 0.723368
2 0.10304100000000001 0.706186 0.25 0.780069
2 0.119932 0.584192 0.268581 0.647766
2 0.23986500000000002 0.699313 0.410473 0.776632
2 0.271959 0.560137 0.373311 0.61512
2 0.293919 0.61512 0.381757 0.661512
2 0.418919 0.666667 0.628378 0.797251
2 0.64527 0.49140900000000004 0.761824 0.556701
2 0.6469590000000001 0.546392 0.739865 0.608247
2 0.680743 0.603093 0.751689 0.651203
2 0.741554 0.592784 0.856419 0.71134
2 0.777027 0.46907200000000004 0.849662 0.5068729999999999
2 0.809122 0.652921 0.949324 0.786942
2 0.8175680000000001 0.524055 0.883446 0.56701
2 0.8327700000000001 0.592784 0.9341219999999999 0.651203
2 0.864865 0.536082 0.9594590000000001 0.618557
