2 0.031875 0.665 0.17125 0.841667
2 0.0 0.6675 0.04375 0.8391670000000001
2 0.0 0.501667 0.050625 0.651667
2 0.016875 0.8483329999999999 0.131875 0.9841669999999999
2 0.050625 0.456667 0.205625 0.648333
2 0.133125 0.945833 0.251875 0.999167
2 0.135625 0.765 0.290625 0.9425
2 0.16 0.38999999999999996 0.251875 0.570833
2 0.16 0.591667 0.315 0.755
2 0.255625 0.4258330000000001 0.38375 0.615833
2 0.256875 0.3575 0.356875 0.451667
2 0.26375 0.834167 0.3775 0.9975
2 0.288125 0.6675 0.42375 0.8483329999999999
2 0.35375 0.315833 0.439375 0.445
2 0.38375 0.818333 0.45875 0.956667
2 0.400625 0.538333 0.550625 0.713333
2 0.404375 0.419167 0.485625 0.5341670000000001
2 0.446875 0.740833 0.575 0.895833
2 0.489375 0.410833 0.60875 0.580833
2 0.523125 0.6741670000000001 0.62125 0.85
2 0.5325 0.8424999999999999 0.6625 0.9975
2 0.601875 0.6175 0.73625 0.7825000000000001
2 0.66 0.863333 0.790625 0.999167
2 0.679375 0.3575 0.795625 0.54
2 0.6875 0.7566669999999999 0.8025 0.874167
2 0.74 0.61 0.864375 0.7875
2 0.78 0.388333 0.8575 0.5341670000000001
2 0.786875 0.115833 0.868125 0.2175
2 0.791875 0.8908330000000001 0.899375 0.999167
2 0.8075 0.3125 0.8925 0.414167
2 0.8175 0.7341669999999999 0.9225 0.92
2 0.833125 0.519167 0.96625 0.656667
2 0.834375 0.395 0.92625 0.514167
2 0.876875 0.10916700000000001 0.941875 0.1725
2 0.88125 0.191667 0.95875 0.270833
2 0.89125 0.255833 0.981875 0.383333
2 0.8925 0.031667 0.949375 0.110833
2 0.900625 0.91 0.9975 0.999167
2 0.903125 0.635833 0.999375 0.798333
2 0.91875 0.383333 0.999375 0.508333
2 0.93375 0.7966669999999999 0.989375 0.91
2 0.935 0.1625 0.980625 0.20916700000000002
2 0.941875 0.10916700000000001 0.9975 0.178333
2 0.945625 0.5175 0.999375 0.6225
2 0.97375 0.19833299999999998 0.999375 0.3
