2 0.044167000000000005 0.594375 0.089167 0.62
2 0.125833 0.43375 0.166667 0.46625
2 0.180833 0.534375 0.22833299999999998 0.579375
2 0.18499999999999997 0.80125 0.224167 0.83
2 0.249167 0.7875 0.283333 0.81625
2 0.294167 0.87625 0.3425 0.90375
2 0.303333 0.748125 0.3375000000000001 0.7825
2 0.303333 0.6425 0.34416699999999995 0.669375
2 0.3425 0.42 0.395 0.464375
2 0.39666700000000005 0.733125 0.445 0.765
2 0.429167 0.496875 0.47 0.54
2 0.44250000000000006 0.53625 0.4925 0.5825
2 0.47916700000000007 0.56875 0.535833 0.608125
2 0.626667 0.235625 0.6750000000000002 0.268125
2 0.681667 0.02375 0.7433330000000001 0.06125
2 0.693333 0.118125 0.761667 0.1675
2 0.7200000000000001 0.0 0.809167 0.039375
2 0.806667 0.291875 0.865833 0.34
2 0.811667 0.141875 0.8616670000000001 0.1775
2 0.8275 0.249375 0.865833 0.278125
2 0.843333 0.086875 0.884167 0.11625
2 0.898333 0.165625 0.9575 0.21875
