2 0.526266 0.455 0.712946 0.556875
2 0.0 0.604375 0.048780000000000004 0.6575
2 0.017824 0.5375 0.100375 0.614375
2 0.041276 0.604375 0.10787999999999998 0.670625
2 0.10225099999999998 0.614375 0.168856 0.68625
2 0.10787999999999998 0.555 0.168856 0.609375
2 0.369606 0.625 0.47654799999999997 0.71875
2 0.38743 0.51875 0.5 0.590625
2 0.4258909999999999 0.446875 0.530957 0.51375
2 0.47185699999999997 0.544375 0.610694 0.665625
2 0.523452 0.646875 0.630394 0.7275
2 0.523452 0.36 0.6491560000000001 0.441875
2 0.622889 0.568125 0.7842399999999999 0.660625
2 0.638837 0.385625 0.7842399999999999 0.483125
2 0.65666 0.2575 0.825516 0.365
2 0.699812 0.4525 0.8611629999999999 0.58375
2 0.726079 0.660625 0.8414629999999998 0.76
2 0.822702 0.260625 0.9615379999999999 0.35
2 0.8536590000000001 0.36875 0.971857 0.450625
2 0.8799249999999998 0.435 0.9990620000000001 0.558125
