2 0.465625 0.45439300000000005 0.608125 0.647699
2 0.388125 0.508787 0.470625 0.625941
2 0.3975 0.36736399999999997 0.474375 0.496234
2 0.438125 0.281172 0.53875 0.451883
2 0.44375 0.21255199999999996 0.5 0.315481
2 0.45375 0.653556 0.563125 0.761506
2 0.45875 0.10376600000000001 0.561875 0.264435
2 0.509375 0.24518800000000002 0.596875 0.348117
2 0.520625 0.72887 0.58625 0.8803350000000002
2 0.554375 0.15062799999999998 0.67375 0.284519
2 0.565625 0.5397489999999999 0.654375 0.687866
2 0.569375 0.364017 0.698125 0.538075
2 0.570625 0.694561 0.696875 0.8736400000000001
2 0.6175 0.538075 0.744375 0.746444
2 0.625 0.191632 0.731875 0.3723849999999999
2 0.693125 0.388285 0.829375 0.554812
2 0.7525 0.527197 0.821875 0.611715
