2 0.0 0.4775 0.015625 0.543333
2 0.023125 0.606667 0.048125 0.656667
2 0.061875 0.545 0.10875 0.595
2 0.0825 0.269167 0.14375 0.346667
2 0.15875 0.8166670000000001 0.225 0.906667
2 0.178125 0.30583299999999997 0.2375 0.3725
2 0.179375 0.684167 0.26375 0.780833
2 0.225 0.19833299999999998 0.283125 0.274167
2 0.245625 0.605 0.3375 0.719167
2 0.27625 0.269167 0.323125 0.3225
2 0.31 0.713333 0.39125 0.801667
2 0.365625 0.3275 0.395625 0.3775
2 0.446875 0.456667 0.5325 0.564167
2 0.4975 0.359167 0.57375 0.4258330000000001
2 0.549375 0.7025 0.618125 0.7858329999999999
2 0.77875 0.574167 0.864375 0.695
2 0.864375 0.7825000000000001 0.945625 0.884167
2 0.869375 0.968333 0.939375 0.999167
2 0.88 0.6325 0.976875 0.729167
2 0.908125 0.745 0.978125 0.8275
2 0.984375 0.224167 0.999375 0.3175
