2 0.077 0.224 0.115 0.276
2 0.175 0.604 0.206 0.645333
2 0.222 0.296 0.258 0.350667
2 0.265 0.528 0.278 0.545333
2 0.337 0.533333 0.353 0.556
2 0.381 0.26 0.416 0.301333
2 0.389 0.224 0.415 0.266667
2 0.439 0.370667 0.464 0.4040000000000001
2 0.439 0.18000000000000002 0.478 0.22266700000000003
2 0.44 0.470667 0.476 0.501333
2 0.448 0.31866700000000003 0.484 0.370667
2 0.488 0.36533299999999996 0.502 0.41466699999999995
2 0.499 0.306667 0.526 0.34933299999999995
2 0.553 0.265333 0.574 0.317333
2 0.594 0.486667 0.628 0.538667
2 0.611 0.36933299999999997 0.641 0.4040000000000001
2 0.613 0.322667 0.648 0.370667
2 0.626 0.656 0.644 0.6919999999999998
2 0.644 0.444 0.669 0.496
2 0.668 0.66 0.684 0.6919999999999998
2 0.677 0.725333 0.697 0.7559999999999999
