2 0.0 0.313321 0.10375 0.5422140000000001
2 0.101875 0.340525 0.2725 0.58818
2 0.1225 0.80394 0.215 0.9634149999999999
2 0.138125 0.005629 0.32125 0.27861199999999997
2 0.15625 0.8939959999999999 0.286875 0.9990620000000001
2 0.445625 0.24859299999999998 0.5375 0.331144
2 0.494375 0.203565 0.5675 0.300188
2 0.551875 0.617261 0.649375 0.780488
2 0.551875 0.168856 0.695625 0.329268
2 0.62125 0.677298 0.751875 0.888368
2 0.755625 0.7101310000000001 0.866875 0.8827389999999999
2 0.891875 0.363039 0.999375 0.594747
2 0.955625 0.128518 0.999375 0.24202600000000002
