2 0.028332999999999997 0.716875 0.065 0.749375
2 0.055833 0.693125 0.09666699999999999 0.72875
2 0.06916699999999999 0.7375 0.085833 0.768125
2 0.076667 0.88125 0.09916699999999999 0.903125
2 0.105833 0.7425 0.1125 0.753125
2 0.151667 0.754375 0.17416700000000004 0.795625
2 0.160833 0.865625 0.185833 0.8825
2 0.260833 0.30875 0.304167 0.35
2 0.274167 0.758125 0.304167 0.809375
2 0.283333 0.50375 0.315833 0.539375
2 0.301667 0.455625 0.345 0.498125
2 0.304167 0.916875 0.345 0.949375
2 0.329167 0.348125 0.365833 0.38375
2 0.3499999999999999 0.431875 0.38583300000000004 0.465625
2 0.365833 0.814375 0.404167 0.85
2 0.37916700000000003 0.77875 0.404167 0.805625
2 0.37916700000000003 0.688125 0.418333 0.7425
2 0.393333 0.446875 0.425 0.48125
2 0.3975 0.800625 0.4275 0.824375
2 0.3975 0.245625 0.481667 0.306875
2 0.418333 0.390625 0.46833300000000005 0.435
2 0.425 0.69125 0.465833 0.7325
2 0.45249999999999996 0.56 0.5025 0.590625
2 0.49333299999999997 0.225 0.5475 0.241875
2 0.49583299999999997 0.93375 0.5225 0.968125
2 0.513333 0.58875 0.561667 0.62625
2 0.540833 0.9475 0.5775 0.985
2 0.543333 0.683125 0.584167 0.721875
2 0.618333 0.37875 0.6774999999999999 0.41125
2 0.63 0.544375 0.673333 0.575
2 0.6325 0.749375 0.6525 0.77875
2 0.636667 0.558125 0.698333 0.600625
2 0.7116669999999999 0.48625 0.755 0.529375
2 0.7275 0.30375 0.7825000000000001 0.343125
2 0.814167 0.809375 0.878333 0.846875
2 0.823333 0.516875 0.878333 0.565
2 0.8625000000000002 0.595625 0.898333 0.64
2 0.8625000000000002 0.32625 0.935 0.375625
2 0.91 0.62125 0.9308330000000001 0.646875
2 0.923333 0.27125 0.965 0.296875
2 0.923333 0.293125 0.980833 0.355
2 0.9308330000000001 0.8675 0.965 0.89125
2 0.94 0.76 0.999167 0.81125
2 0.9716670000000001 0.28125 0.999167 0.329375
2 0.9875000000000002 0.77875 0.999167 0.809375
