2 0.369375 0.3767750000000001 0.44875 0.46031700000000003
2 0.01 0.59482 0.068125 0.684211
2 0.0525 0.5605680000000001 0.12625 0.6566420000000001
2 0.13875 0.244779 0.193125 0.31745999999999996
2 0.16625 0.20718499999999995 0.22625 0.276525
2 0.17625 0.331662 0.21875 0.367586
2 0.20875 0.5446949999999999 0.25875 0.627402
2 0.579375 0.28655 0.59875 0.320802
2 0.609375 0.291562 0.63 0.31745999999999996
2 0.621875 0.274018 0.648125 0.305764
2 0.68 0.147034 0.729375 0.20384299999999997
2 0.706875 0.543024 0.7175 0.5739350000000001
2 0.715 0.19883000000000003 0.748125 0.24310799999999996
2 0.7175 0.568922 0.741875 0.596491
2 0.7575 0.570593 0.773125 0.6065159999999999
2 0.7575 0.543024 0.780625 0.568922
2 0.76125 0.692565 0.79875 0.724311
2 0.7675 0.20718499999999995 0.79625 0.25396799999999997
2 0.775625 0.632414 0.8 0.6741849999999999
2 0.776875 0.596491 0.79875 0.632414
2 0.783125 0.487886 0.818125 0.5296569999999999
2 0.786875 0.44527999999999995 0.8075 0.477861
2 0.788125 0.6533 0.81 0.700084
2 0.81 0.43609 0.8375 0.471178
2 0.823125 0.4728489999999999 0.85 0.522139
2 0.8375 0.43609 0.869375 0.4862159999999999
2 0.861875 0.481203 0.88 0.5187970000000001
2 0.871875 0.450292 0.899375 0.496241
2 0.873125 0.5121140000000001 0.899375 0.5605680000000001
2 0.91875 0.44527999999999995 0.935 0.4728489999999999
2 0.92 0.467001 0.941875 0.502089
2 0.9225 0.11946500000000002 0.954375 0.157059
2 0.949375 0.18629899999999996 0.97625 0.22807
2 0.949375 0.064327 0.984375 0.10526300000000001
2 0.97 0.35171299999999994 0.999375 0.39515500000000003
2 0.9725 0.21386799999999997 0.999375 0.250627
