2 0.19316200000000003 0.527458 0.213675 0.5542779999999999
2 0.21880300000000003 0.596424 0.249573 0.624521
2 0.23589699999999997 0.530013 0.249573 0.559387
2 0.23931599999999997 0.48658999999999997 0.268376 0.498084
2 0.276923 0.561941 0.305983 0.587484
2 0.283761 0.266922 0.312821 0.296296
2 0.299145 0.5721579999999999 0.319658 0.6091949999999999
2 0.326496 0.6091949999999999 0.347009 0.634738
2 0.333333 0.535121 0.35897399999999996 0.5542779999999999
2 0.353846 0.051086 0.37606799999999996 0.077905
2 0.353846 0.00894 0.389744 0.030650999999999998
2 0.365812 0.47765 0.39487200000000006 0.496807
2 0.39487200000000006 0.045977 0.439316 0.060025999999999996
2 0.3965810000000001 0.6091949999999999 0.425641 0.628352
2 0.408547 0.653895 0.42222200000000004 0.680715
2 0.41538500000000006 0.464879 0.432479 0.475096
2 0.41538500000000006 0.569604 0.44444399999999995 0.597701
2 0.44615400000000005 0.487867 0.466667 0.514687
2 0.459829 0.634738 0.48547 0.65645
2 0.46495699999999995 0.496807 0.502564 0.514687
2 0.482051 0.681992 0.509402 0.7126439999999999
2 0.48547 0.57599 0.507692 0.596424
2 0.495726 0.661558 0.523077 0.685824
2 0.536752 0.680715 0.57265 0.692209
2 0.54188 0.512133 0.586325 0.527458
2 0.548718 0.469987 0.598291 0.496807
2 0.57265 0.154534 0.598291 0.172414
2 0.579487 0.671775 0.6085470000000001 0.690932
2 0.584615 0.102171 0.6153850000000001 0.128991
2 0.591453 0.312899 0.647863 0.346105
2 0.6 0.690932 0.618803 0.703704
2 0.62735 0.48914399999999997 0.680342 0.517241
2 0.647863 0.41890200000000005 0.68547 0.44444399999999995
2 0.692308 0.38825 0.7247859999999999 0.413793
2 0.7111109999999999 0.628352 0.738462 0.65645
2 0.712821 0.243934 0.738462 0.266922
2 0.712821 0.65645 0.738462 0.675607
2 0.719658 0.692209 0.748718 0.703704
2 0.738462 0.54023 0.769231 0.561941
2 0.738462 0.261814 0.774359 0.28607899999999997
2 0.74188 0.7241380000000001 0.7555560000000001 0.734355
2 0.760684 0.498084 0.794872 0.533844
2 0.7675209999999999 0.130268 0.7982909999999999 0.154534
2 0.769231 0.166028 0.791453 0.186462
2 0.781197 0.550447 0.8102560000000001 0.582375
2 0.788034 0.35632199999999997 0.8119660000000001 0.383142
2 0.817094 0.45593900000000004 0.851282 0.496807
2 0.936752 0.651341 0.964103 0.671775
2 0.9504270000000001 0.671775 0.9846150000000001 0.681992
