2 0.48281199999999996 0.504687 0.609375 0.617188
2 0.0 0.36093800000000004 0.029687 0.421875
2 0.36093800000000004 0.476562 0.471875 0.565625
2 0.41875 0.42343800000000004 0.503125 0.49843699999999996
2 0.503125 0.390625 0.573438 0.48125
2 0.542188 0.4375 0.635938 0.535937
2 0.642187 0.47031300000000004 0.732813 0.55625
2 0.657812 0.684375 0.735937 0.8
2 0.678125 0.607813 0.742188 0.673437
2 0.701563 0.525 0.796875 0.63125
2 0.728125 0.642187 0.815625 0.679688
2 0.746875 0.671875 0.8765620000000001 0.778125
2 0.8234379999999999 0.546875 0.9015629999999999 0.634375
2 0.84375 0.673437 0.960938 0.789062
2 0.8953120000000001 0.5125 0.9671879999999999 0.592188
2 0.896875 0.34375 0.9671879999999999 0.39218800000000004
2 0.90625 0.604688 0.960938 0.6625
2 0.928125 0.645312 0.9984379999999999 0.748438
2 0.975 0.370313 0.9984379999999999 0.45
