2 0.0225 0.5275 0.103125 0.625
2 0.0425 0.9533330000000001 0.093125 0.999167
2 0.048125 0.10916700000000001 0.089375 0.17083299999999998
2 0.050625 0.0675 0.086875 0.11916700000000001
2 0.059375 0.424167 0.094375 0.4775
2 0.140625 0.333333 0.174375 0.388333
2 0.170625 0.3 0.1825 0.34333300000000005
2 0.171875 0.285 0.19375 0.3225
2 0.19875 0.22833299999999998 0.2325 0.265833
2 0.361875 0.0025 0.38125 0.038333
2 0.41625 0.405 0.489375 0.508333
2 0.566875 0.0 0.604375 0.021667000000000002
2 0.5825 0.414167 0.636875 0.4775
2 0.671875 0.100833 0.725 0.193333
2 0.9275 0.06916699999999999 0.985625 0.150833
