2 0.146484 0.606459 0.16308599999999998 0.62201
2 0.16308599999999998 0.5562199999999999 0.18457 0.590909
2 0.174805 0.54067 0.189453 0.559809
2 0.240234 0.738038 0.255859 0.764354
2 0.257812 0.73445 0.29199200000000003 0.758373
2 0.308594 0.488038 0.33886700000000003 0.527512
2 0.33300799999999997 0.46650699999999995 0.351562 0.48205699999999996
2 0.33300799999999997 0.677033 0.351562 0.7189
2 0.407227 0.46650699999999995 0.435547 0.511962
2 0.601562 0.6590910000000001 0.624023 0.673445
2 0.642578 0.4174640000000001 0.6679689999999999 0.440191
