2 0.265625 0.477058 0.384375 0.582666
2 0.0 0.9147850000000001 0.055625 0.9803350000000001
2 0.104375 0.311726 0.173125 0.409323
2 0.13375 0.579024 0.179375 0.662782
2 0.135 0.642389 0.190625 0.697014
2 0.173125 0.30298600000000003 0.21 0.342316
2 0.188125 0.347414 0.24375 0.410779
2 0.26625 0.372906 0.33375 0.472688
2 0.35875 0.414421 0.43375 0.501821
2 0.420625 0.734887 0.488125 0.8616169999999999
2 0.453125 0.15877600000000003 0.5 0.234523
2 0.46625 0.8674440000000001 0.54125 0.9359069999999999
2 0.479375 0.486526 0.55875 0.614712
2 0.496875 0.239621 0.56625 0.332119
2 0.504375 0.120903 0.563125 0.20539000000000002
2 0.536875 0.0 0.629375 0.126001
2 0.54125 0.8841950000000002 0.60625 0.951202
2 0.58375 0.83831 0.65625 0.913328
2 0.615 0.357611 0.7075 0.501821
2 0.86375 0.8616169999999999 0.925625 0.9446469999999999
2 0.8975 0.174071 0.955 0.30298600000000003
2 0.9325 0.8259290000000001 0.99875 0.92571
2 0.968125 0.352513 0.999375 0.42607399999999995
