2 0.0 0.686667 0.125 0.85
2 0.0 0.639744 0.563125 0.5675
2 0.13 0.7158329999999999 0.215625 0.838333
2 0.185625 0.559167 0.305625 0.724167
2 0.1975 0.746667 0.27 0.85
2 0.3125 0.9533330000000001 0.370625 0.999167
2 0.35 0.541667 0.47 0.6774999999999999
2 0.39125 0.4075 0.505 0.5625
2 0.4025 0.8883329999999999 0.475 0.979167
2 0.50625 0.4475 0.604375 0.576667
2 0.571875 0.0 0.9675 0.17166700000000001
2 0.585 0.11333299999999998 0.721875 0.285
2 0.611875 0.464167 0.70125 0.5675
2 0.7375 0.646667 0.79 0.7075
2 0.758125 0.560833 0.809375 0.638333
2 0.765625 0.425 0.836875 0.5175
2 0.798125 0.664167 0.844375 0.7258330000000001
2 0.876875 0.4025 0.92875 0.476667
2 0.885625 0.464167 0.924375 0.510833
2 0.886875 0.505833 0.93375 0.58
