2 0.30375 0.675833 0.45125 0.864167
2 0.108125 0.270833 0.219375 0.435
2 0.12625 0.44166700000000003 0.258125 0.605
2 0.20125 0.214167 0.301875 0.3575
2 0.2125 0.331667 0.344375 0.4725
2 0.23875 0.470833 0.386875 0.643333
2 0.2425 0.6 0.32375 0.775833
2 0.25 0.083333 0.350625 0.23
2 0.308125 0.243333 0.389375 0.359167
2 0.32875 0.595 0.416875 0.693333
2 0.335625 0.131667 0.4325 0.270833
2 0.348125 0.348333 0.43625 0.475833
2 0.395 0.23 0.51375 0.3575
2 0.395 0.424167 0.52625 0.591667
2 0.40875 0.338333 0.530625 0.44
2 0.420625 0.584167 0.5225 0.720833
2 0.44375 0.13 0.55375 0.245
2 0.464375 0.643333 0.58875 0.7966669999999999
2 0.498125 0.341667 0.575625 0.451667
2 0.506875 0.05416699999999999 0.610625 0.178333
2 0.515 0.23333299999999998 0.618125 0.37916700000000003
2 0.525 0.480833 0.653125 0.6325
2 0.540625 0.1725 0.63375 0.264167
2 0.56 0.420833 0.654375 0.538333
2 0.571875 0.643333 0.653125 0.770833
2 0.584375 0.286667 0.646875 0.409167
2 0.59875 0.100833 0.700625 0.243333
2 0.623125 0.243333 0.685625 0.3275
2 0.6275 0.3225 0.739375 0.456667
2 0.658125 0.0675 0.734375 0.160833
2 0.665 0.570833 0.774375 0.708333
2 0.685625 0.17083299999999998 0.78125 0.275833
2 0.70875 0.25 0.825 0.393333
2 0.723125 0.424167 0.839375 0.585833
2 0.765625 0.548333 0.8325 0.661667
2 0.809375 0.331667 0.890625 0.44166700000000003
2 0.82 0.41583299999999995 0.918125 0.553333
