2 0.01087 0.596875 0.356138 0.97125
2 0.0 0.89625 0.150256 0.999375
2 0.056266 0.539375 0.33248099999999997 0.69625
2 0.19757 0.958125 0.418159 0.99875
2 0.285166 0.800625 0.45971899999999993 0.985
2 0.370844 0.60625 0.680307 0.88125
2 0.411125 0.544375 0.590793 0.62125
2 0.463555 0.875625 0.726982 0.99875
2 0.547315 0.488125 0.695652 0.609375
2 0.575448 0.958125 0.8216110000000001 0.999375
2 0.595908 0.549375 0.874041 0.795625
2 0.632992 0.35 0.662404 0.394375
2 0.632992 0.355 0.678389 0.42
2 0.657289 0.36 0.7308180000000001 0.43
2 0.662404 0.78 0.999361 0.999375
2 0.709719 0.385625 0.7691819999999999 0.44
2 0.753197 0.404375 0.804348 0.446875
2 0.778133 0.3175 0.847826 0.36875
2 0.785166 0.506875 0.998082 0.701875
2 0.804348 0.395625 0.8689260000000001 0.455625
2 0.847826 0.38875 0.898338 0.441875
2 0.852941 0.31875 0.9034530000000001 0.365
2 0.856777 0.241875 0.931586 0.306875
2 0.8689260000000001 0.665625 0.999361 0.898125
2 0.874041 0.358125 0.950767 0.394375
2 0.890026 0.29875 0.9616370000000001 0.36875
2 0.890026 0.36875 0.999361 0.498125
2 0.898338 0.20125 0.96867 0.2675
2 0.962916 0.288125 0.999361 0.36875
2 0.9667520000000001 0.189375 0.999361 0.255625
