2 0.234375 0.09717 0.31 0.209434
2 0.64 0.0 0.115625 0.11320799999999999
2 0.004375 0.133019 0.09 0.281132
2 0.061875 0.118868 0.119375 0.18867899999999999
2 0.08125 0.548113 0.123125 0.617925
2 0.1925 0.068868 0.25 0.173585
2 0.365625 0.4443399999999999 0.39375 0.468868
2 0.366875 0.391509 0.413125 0.432075
2 0.4475 0.47452799999999995 0.48875 0.521698
2 0.45375 0.321698 0.478125 0.374528
2 0.51125 0.432075 0.530625 0.479245
2 0.6425 0.028301999999999997 0.674375 0.068868
2 0.681875 0.016981 0.70375 0.061320999999999994
2 0.7125 0.138679 0.74625 0.20188699999999998
2 0.74375 0.080189 0.769375 0.136792
