2 0.14625 0.724105 0.2325 0.8568739999999999
2 0.041875 0.8954799999999999 0.098125 0.9990579999999999
2 0.06375 0.955744 0.1675 0.9990579999999999
2 0.11375 0.86064 0.17875 0.937853
2 0.151875 0.869115 0.23 0.932203
2 0.153125 0.93032 0.191875 0.9943500000000001
2 0.183125 0.878531 0.253125 0.972693
2 0.20625 0.814501 0.286875 0.884181
2 0.22625 0.665725 0.295625 0.7815439999999999
2 0.233125 0.9359700000000001 0.3325 0.9990579999999999
2 0.27875 0.832392 0.334375 0.9359700000000001
2 0.288125 0.735405 0.325 0.816384
2 0.290625 0.542373 0.355625 0.6177020000000001
2 0.291875 0.600753 0.386875 0.735405
2 0.325 0.849341 0.398125 0.972693
2 0.325 0.420904 0.42125 0.536723
2 0.341875 0.739171 0.36875 0.834275
2 0.355625 0.867232 0.43375 0.9783430000000002
2 0.36125 0.733522 0.409375 0.854991
2 0.36375 0.590395 0.390625 0.6355930000000001
2 0.3675 0.351224 0.436875 0.44444399999999995
2 0.391875 0.214689 0.48375 0.324859
2 0.391875 0.612053 0.48625 0.746704
2 0.409375 0.7702449999999998 0.436875 0.869115
2 0.42625 0.751412 0.475 0.849341
2 0.43375 0.369115 0.503125 0.46704300000000004
2 0.436875 0.426554 0.509375 0.5310729999999999
2 0.451875 0.623352 0.560625 0.7702449999999998
2 0.46875 0.490584 0.555625 0.608286
2 0.494375 0.237288 0.556875 0.351224
2 0.509375 0.353107 0.57625 0.490584
2 0.52125 0.0 0.5675 0.13935999999999998
2 0.5375 0.113936 0.63625 0.212806
2 0.545625 0.46704300000000004 0.653125 0.602637
2 0.549375 0.044256000000000004 0.599375 0.13935999999999998
2 0.559375 0.24105500000000002 0.701875 0.44444399999999995
2 0.560625 0.0 0.6325 0.056497
2 0.599375 0.0 0.6725 0.145009
2 0.63375 0.172316 0.691875 0.260829
2 0.640625 0.369115 0.748125 0.509416
2 0.649375 0.00565 0.74125 0.1742
2 0.68625 0.156309 0.751875 0.260829
2 0.69 0.283428 0.77875 0.374765
2 0.705625 0.0 0.760625 0.046139
2 0.74125 0.04990599999999999 0.795625 0.179849
2 0.751875 0.160075 0.848125 0.328625
2 0.756875 0.0 0.849375 0.084746
2 0.77625 0.056497 0.87875 0.148776
2 0.83 0.13935999999999998 0.925 0.290019
