2 0.671875 0.8 0.865625 0.9734370000000001
2 0.071875 0.503125 0.303125 0.61875
2 0.1 0.353125 0.31093699999999996 0.45625
2 0.110937 0.19375 0.323438 0.307813
2 0.110937 0.065625 0.32968800000000004 0.175
2 0.110937 0.759375 0.332812 0.95
2 0.36093800000000004 0.051562000000000004 0.509375 0.289062
2 0.4625 0.604688 0.610937 0.773438
2 0.571875 0.035937000000000004 0.689062 0.26406199999999996
2 0.578125 0.339063 0.726562 0.459375
2 0.6625 0.464063 0.821875 0.58125
2 0.7 0.5875 0.8609370000000001 0.70625
2 0.735937 0.029687 0.8765620000000001 0.2625
2 0.753125 0.3125 0.8875 0.4375
