2 0.676875 0.733584 0.80875 0.8752349999999999
2 0.223125 0.67167 0.34 0.798311
2 0.361875 0.67167 0.49375 0.7926830000000001
2 0.49625 0.6463409999999999 0.59375 0.813321
2 0.580625 0.7504689999999998 0.676875 0.8658540000000002
2 0.6125 0.6519699999999999 0.720625 0.7729829999999999
2 0.678125 0.567542 0.75125 0.67167
2 0.734375 0.617261 0.831875 0.7504689999999998
2 0.80875 0.565666 0.873125 0.6810510000000001
2 0.834375 0.47467200000000004 0.926875 0.58818
2 0.8975 0.732645 0.995625 0.8996250000000001
2 0.9075 0.635084 0.988125 0.738274
2 0.934375 0.5966229999999999 0.981875 0.624765
2 0.946875 0.521576 0.999375 0.58818
