2 0.0 0.337838 0.035 0.464527
2 0.0 0.162162 0.04125 0.23479699999999998
2 0.0 0.20776999999999998 0.045 0.336149
2 0.0 0.101351 0.05125 0.162162
2 0.0 0.626689 0.15 0.881757
2 0.0 0.866554 0.21375 0.9983110000000001
2 0.0075 0.4239859999999999 0.22625 0.6689189999999999
2 0.035 0.231419 0.09125 0.32601399999999997
2 0.04 0.273649 0.15375 0.39526999999999995
2 0.0475 0.138514 0.08375 0.22973000000000002
2 0.07625 0.143581 0.09625 0.20270300000000002
2 0.09125 0.23648600000000003 0.1625 0.305743
2 0.10625 0.192568 0.16375 0.25337800000000005
2 0.13875 0.16554100000000002 0.19875 0.258446
2 0.14625 0.625 0.39875 0.9138509999999999
2 0.1575 0.266892 0.26125 0.342905
2 0.1825 0.221284 0.24625 0.266892
2 0.21125 0.391892 0.36125 0.5844590000000001
2 0.24875 0.266892 0.305 0.314189
2 0.2575 0.295608 0.36375 0.39526999999999995
2 0.27 0.805743 0.50625 0.9983110000000001
2 0.33375 0.268581 0.385 0.36317599999999994
2 0.355 0.418919 0.42 0.48817599999999994
2 0.36375 0.347973 0.42 0.418919
2 0.39125 0.300676 0.45125 0.347973
2 0.3925 0.358108 0.47875 0.466216
2 0.45 0.341216 0.60625 0.52027
2 0.51875 0.244932 0.64125 0.380068
2 0.535 0.797297 0.66375 0.9983110000000001
2 0.53875 0.545608 0.6925 0.822635
2 0.59375 0.407095 0.75625 0.589527
2 0.61 0.258446 0.675 0.359797
2 0.61375 0.30912199999999995 0.71625 0.380068
2 0.67125 0.908784 0.73625 0.994932
2 0.675 0.199324 0.7975 0.336149
2 0.68125 0.570946 0.81 0.8125
2 0.71125 0.881757 0.9325 0.9983110000000001
2 0.7125 0.290541 0.855 0.496622
2 0.7675 0.47973000000000005 0.9025 0.672297
2 0.7675 0.7094590000000001 0.98375 0.966216
2 0.81125 0.12331099999999999 0.8925 0.256757
2 0.845 0.256757 0.9475 0.369932
2 0.855 0.358108 0.94 0.530405
2 0.8825 0.613176 0.99875 0.8344590000000001
2 0.90125 0.49155400000000005 0.99875 0.635135
2 0.93 0.353041 0.99125 0.49155400000000005
2 0.93 0.864865 0.99875 0.9983110000000001
2 0.93625 0.17229699999999998 0.99875 0.35473000000000005
