2 0.630625 0.465833 0.735625 0.600833
2 0.005 0.36416699999999996 0.020625 0.410833
2 0.023125 0.3741670000000001 0.035 0.419167
2 0.04375 0.3775 0.051875 0.424167
2 0.04375 0.388333 0.061875 0.456667
2 0.063125 0.38999999999999996 0.08125 0.451667
2 0.0775 0.4000000000000001 0.098125 0.456667
2 0.096875 0.424167 0.11375 0.480833
2 0.128125 0.4258330000000001 0.15875 0.486667
2 0.1525 0.4366670000000001 0.18375 0.501667
2 0.18625 0.44166700000000003 0.216875 0.501667
2 0.201875 0.446667 0.240625 0.529167
2 0.23625 0.460833 0.26125 0.55
2 0.255625 0.470833 0.290625 0.553333
2 0.286875 0.470833 0.333125 0.56
2 0.31125 0.496667 0.38 0.579167
2 0.326875 0.656667 0.360625 0.71
2 0.333125 0.605 0.35375 0.6725
2 0.35375 0.61 0.39125 0.6825
2 0.356875 0.6741670000000001 0.39125 0.740833
2 0.361875 0.49833299999999997 0.42375 0.615833
2 0.385 0.4258330000000001 0.4275 0.501667
2 0.39125 0.6225 0.450625 0.708333
2 0.3925 0.331667 0.450625 0.41583299999999995
2 0.406875 0.259167 0.450625 0.3225
2 0.41625 0.708333 0.4625 0.798333
2 0.42 0.5225 0.485625 0.6325
2 0.43 0.424167 0.485625 0.506667
2 0.434375 0.336667 0.505 0.4258330000000001
2 0.441875 0.265833 0.49625 0.333333
2 0.446875 0.656667 0.49375 0.746667
2 0.455 0.75 0.528125 0.844167
2 0.47 0.538333 0.559375 0.656667
2 0.476875 0.4366670000000001 0.555625 0.545
2 0.484375 0.346667 0.550625 0.429167
2 0.49625 0.264167 0.558125 0.351667
2 0.5 0.6675 0.563125 0.766667
2 0.523125 0.780833 0.593125 0.87
2 0.53875 0.553333 0.65625 0.693333
2 0.550625 0.348333 0.640625 0.446667
2 0.554375 0.264167 0.6175 0.341667
2 0.561875 0.6999999999999998 0.66375 0.806667
2 0.594375 0.803333 0.683125 0.9274999999999999
2 0.6125 0.351667 0.709375 0.4825
2 0.62 0.269167 0.69375 0.35333299999999995
2 0.636875 0.605 0.753125 0.735833
2 0.668125 0.7258330000000001 0.765 0.8391670000000001
2 0.69375 0.243333 0.791875 0.36416699999999996
2 0.721875 0.496667 0.821875 0.643333
2 0.756875 0.6375 0.861875 0.766667
2 0.77125 0.765 0.861875 0.853333
2 0.77625 0.260833 0.910625 0.41583299999999995
2 0.80625 0.403333 0.92 0.5175
2 0.833125 0.5225 0.92625 0.6533329999999999
2 0.85375 0.6675 0.954375 0.7858329999999999
