2 0.33 0.23545999999999997 0.41625 0.33958699999999997
2 0.130625 0.44465299999999996 0.234375 0.6425890000000001
2 0.188125 0.363977 0.325 0.556285
2 0.215 0.600375 0.351875 0.7786119999999999
2 0.291875 0.313321 0.353125 0.363977
2 0.344375 0.12288900000000001 0.42875 0.250469
2 0.355625 0.363977 0.415 0.39774899999999996
2 0.38375 0.069418 0.46375 0.175422
2 0.391875 0.203565 0.4725 0.288931
2 0.403125 0.276735 0.475 0.386492
2 0.445625 0.146341 0.501875 0.24859299999999998
2 0.449375 0.365854 0.490625 0.428705
2 0.47125 0.232645 0.510625 0.300188
2 0.475 0.267355 0.540625 0.363977
2 0.494375 0.35178200000000004 0.5725 0.4577859999999999
2 0.510625 0.184803 0.56375 0.256098
2 0.53 0.19605999999999998 0.601875 0.313321
2 0.544375 0.513133 0.713125 0.67167
2 0.548125 0.665103 0.699375 0.873358
2 0.559375 0.423077 0.63375 0.507505
2 0.575 0.288931 0.63625 0.393996
2 0.590625 0.11538499999999999 0.664375 0.21013099999999996
2 0.609375 0.329268 0.694375 0.4502810000000001
2 0.61875 0.21575999999999995 0.714375 0.305816
2 0.62875 0.428705 0.714375 0.532833
2 0.694375 0.624765 0.78625 0.8367729999999999
2 0.706875 0.201689 0.79125 0.294559
2 0.7225 0.428705 0.801875 0.547842
2 0.72875 0.29080700000000004 0.816875 0.40619099999999997
2 0.745625 0.515009 0.795625 0.578799
2 0.775 0.19605999999999998 0.87125 0.342402
2 0.803125 0.42120100000000005 0.84 0.5093810000000001
2 0.818125 0.318949 0.875 0.41557200000000005
2 0.866875 0.282364 0.898125 0.331144
