2 0.042969 0.559203 0.153906 0.6752640000000001
2 0.0 0.539273 0.05703099999999999 0.661196
2 0.0 0.664713 0.0625 0.787808
2 0.039062 0.6764359999999999 0.205469 0.7772569999999999
2 0.122656 0.317702 0.178125 0.376319
2 0.13203099999999998 0.50762 0.197656 0.573271
2 0.169531 0.339977 0.221094 0.368113
2 0.173438 0.289566 0.19375 0.329426
2 0.18125 0.588511 0.271094 0.6951930000000001
2 0.182031 0.439625 0.236719 0.531067
2 0.185156 0.29894499999999996 0.236719 0.34583800000000003
2 0.201562 0.649472 0.335938 0.7690500000000001
2 0.209375 0.260258 0.246875 0.310668
2 0.21171900000000002 0.509965 0.290625 0.6295430000000001
2 0.236719 0.31653000000000003 0.286719 0.356389
2 0.239063 0.45721 0.29843800000000004 0.519343
2 0.259375 0.263775 0.294531 0.313013
2 0.278906 0.269637 0.317969 0.328253
2 0.292969 0.539273 0.364062 0.6471279999999999
2 0.31406300000000004 0.32356399999999996 0.374219 0.356389
2 0.316406 0.579132 0.417188 0.712778
2 0.321094 0.287222 0.358594 0.31653000000000003
2 0.328906 0.26611999999999997 0.382031 0.304807
2 0.385938 0.509965 0.46328100000000005 0.620164
2 0.536719 0.310668 0.552344 0.34583800000000003
2 0.540625 0.347011 0.548437 0.37045700000000004
2 0.564844 0.3517 0.592188 0.38804199999999994
2 0.592188 0.347011 0.627344 0.39155899999999993
2 0.629687 0.36225100000000005 0.65625 0.39155899999999993
2 0.657812 0.35287199999999996 0.679688 0.376319
2 0.715625 0.317702 0.753125 0.35287199999999996
2 0.760938 0.313013 0.788281 0.368113
2 0.832031 0.339977 0.8578129999999999 0.382181
2 0.8859379999999999 0.328253 0.9328129999999999 0.37045700000000004
