10 0.393125 0.649167 0.585625 0.999167
10 0.393125 0.114167 0.6325 0.9958329999999999
10 0.393125 0.1125 0.6375 0.999167
10 0.395625 0.650833 0.5825 0.999167
10 0.56375 0.553333 0.768125 0.999167
10 0.56625 0.565833 0.766875 0.999167
10 0.59 0.186667 0.90625 0.7858329999999999
10 0.5925 0.186667 0.999375 0.765
10 0.67375 0.5966670000000001 0.835 0.999167
10 0.75125 0.4775 0.905 0.7775
10 0.806875 0.49333299999999997 0.999375 0.7566669999999999
10 0.811875 0.7741669999999999 0.9775 0.9016670000000001
10 0.841875 0.748333 0.999375 0.8775
