10 0.36625 0.22545500000000002 0.46875 0.363636
10 0.086875 0.32 0.189375 0.46727299999999994
10 0.144375 0.394545 0.255 0.512727
10 0.1525 0.614545 0.265 0.782727
10 0.333125 0.683636 0.43 0.7599999999999999
10 0.42125 0.733636 0.5225 0.894545
10 0.444375 0.13363599999999998 0.548125 0.24727299999999997
10 0.450625 0.245455 0.5675 0.3872729999999999
10 0.48 0.594545 0.603125 0.782727
10 0.51 0.145455 0.57 0.24727299999999997
10 0.600625 0.9318179999999999 0.7175 0.999091
10 0.608125 0.7599999999999999 0.7275 0.933636
10 0.6225 0.596364 0.740625 0.756364
10 0.6825 0.678182 0.83125 0.887273
10 0.725 0.55 0.843125 0.73
10 0.756875 0.32818200000000003 0.8825 0.486364
10 0.78125 0.523636 0.88875 0.670909
10 0.794375 0.4527270000000001 0.88625 0.547273
10 0.814375 0.702727 0.901875 0.8454549999999998
10 0.88125 0.610909 0.999375 0.7845449999999999
