10 0.18 0.71375 0.26125 0.8925
10 0.234375 0.704375 0.27875 0.895625
10 0.2825 0.718125 0.326875 0.9075
10 0.31 0.7075 0.33875 0.8225
10 0.331875 0.713125 0.37125 0.881875
10 0.3675 0.700625 0.4 0.86125
10 0.383125 0.71125 0.434375 0.85625
10 0.424375 0.699375 0.45 0.86
10 0.45125 0.704375 0.475625 0.8225
10 0.47875 0.699375 0.509375 0.8275
10 0.51125 0.71125 0.536875 0.820625
10 0.53 0.718125 0.564375 0.816875
10 0.57125 0.71125 0.588125 0.830625
10 0.59 0.71125 0.615625 0.81375
10 0.60875 0.71625 0.6375 0.75875
10 0.634375 0.704375 0.661875 0.820625
10 0.666875 0.700625 0.68375 0.79125
10 0.675 0.72 0.704375 0.793125
10 0.6925 0.731875 0.71625 0.765625
10 0.714375 0.731875 0.73 0.765625
10 0.731875 0.74 0.746875 0.793125
10 0.746875 0.723125 0.7675 0.764375
