10 0.518703 0.46 0.638404 0.576667
10 0.079801 0.56 0.311721 0.946667
10 0.23940100000000003 0.463333 0.299252 0.503333
10 0.291771 0.68 0.37406500000000004 0.7433330000000001
10 0.321696 0.49 0.351621 0.55
10 0.394015 0.29 0.45885299999999996 0.346667
10 0.40399 0.553333 0.45885299999999996 0.623333
10 0.503741 0.326667 0.628429 0.426667
10 0.6359100000000001 0.523333 0.710723 0.66
10 0.638404 0.43666699999999997 0.7556109999999999 0.52
10 0.690773 0.543333 0.870324 0.643333
10 0.7007479999999999 0.27 0.763092 0.323333
10 0.703242 0.3 0.795511 0.43333299999999997
10 0.8379049999999999 0.5966670000000001 0.892768 0.696667
10 0.8678299999999999 0.556667 0.9251870000000001 0.62
