14 0.7225 0.629456 0.830625 0.767355
14 0.0 0.393058 0.015 0.42964399999999997
14 0.0 0.41651000000000005 0.01625 0.458724
14 0.0 0.243902 0.0175 0.277674
14 0.0 0.291745 0.01875 0.361163
14 0.0 0.11069399999999999 0.025625 0.152908
14 0.0 0.10881800000000001 0.126875 0.31050700000000003
14 0.0 0.39774899999999996 0.1575 0.6491560000000001
14 0.07125 0.414634 0.286875 0.693246
14 0.088125 0.249531 0.2675 0.4258909999999999
14 0.21125 0.287993 0.415 0.518762
14 0.26125 0.4606 0.4725 0.7476550000000001
14 0.32625 0.152908 0.491875 0.3855530000000001
14 0.404375 0.27955 0.57875 0.487805
14 0.4175 0.502814 0.636875 0.797373
14 0.5275 0.166979 0.7875 0.438086
14 0.52875 0.314259 0.72 0.58349
14 0.62 0.0 0.808125 0.059099000000000006
14 0.640625 0.332083 0.948125 0.8724200000000001
14 0.843125 0.420263 0.999375 0.914634
