14 0.20050099999999998 0.196875 0.38512899999999994 0.355625
14 0.250627 0.45125 0.40100199999999997 0.545625
14 0.3467 0.58625 0.46282399999999996 0.666875
14 0.374269 0.34875 0.563074 0.494375
14 0.374269 0.499375 0.581454 0.655
14 0.390142 0.681875 0.558897 0.8325
14 0.43776099999999996 0.27375 0.6023390000000001 0.391875
14 0.853801 0.886875 0.999165 0.999375
14 0.885547 0.121875 0.931495 0.1575
14 0.9014200000000001 0.019375 0.93985 0.056875
14 0.9055970000000001 0.215625 0.9198 0.239375
14 0.935673 0.029375 0.976608 0.075625
