14 0.05375 0.684557 0.1575 0.8465159999999999
14 0.0675 0.537665 0.1025 0.592279
14 0.10125 0.590395 0.191875 0.730697
14 0.175625 0.252354 0.21 0.30226
14 0.22375 0.206215 0.296875 0.31355900000000003
14 0.341875 0.10734500000000001 0.445625 0.248588
14 0.386875 0.0 0.47375 0.122411
14 0.425 0.375706 0.56375 0.570621
14 0.435625 0.634652 0.5125 0.769303
14 0.505625 0.020716 0.5625 0.155367
14 0.606875 0.5612050000000001 0.68375 0.690207
14 0.88125 0.39077199999999995 0.9275 0.504708
14 0.898125 0.136535 0.999375 0.287194
