14 0.0 0.7233329999999999 0.021875 0.783333
14 0.0 0.415 0.069375 0.589167
14 0.0575 0.38583300000000004 0.09375 0.42666699999999996
14 0.060625 0.23083299999999998 0.108125 0.294167
14 0.075625 0.16833299999999998 0.153125 0.263333
14 0.12375 0.678333 0.181875 0.738333
14 0.13125 0.1375 0.215625 0.26
14 0.191875 0.371667 0.228125 0.42666699999999996
14 0.218125 0.3633330000000001 0.24375 0.3975
14 0.219375 0.63 0.271875 0.689167
14 0.228125 0.1275 0.31875 0.229167
14 0.229375 0.195833 0.295625 0.263333
14 0.235 0.7883330000000001 0.305625 0.8991669999999999
14 0.24 0.955833 0.335625 0.999167
14 0.24875 0.3275 0.32875 0.44416700000000003
14 0.285 0.613333 0.3525 0.690833
14 0.28875 0.58 0.3125 0.609167
14 0.32875 0.6833329999999999 0.374375 0.750833
14 0.3675 0.718333 0.4775 0.88
14 0.383125 0.476667 0.44625 0.550833
14 0.388125 0.5525 0.445 0.609167
14 0.39375 0.063333 0.458125 0.14083299999999999
14 0.40125 0.67 0.445 0.7216670000000001
14 0.409375 0.465 0.458125 0.554167
14 0.43 0.613333 0.459375 0.650833
14 0.43 0.148333 0.498125 0.23749999999999996
14 0.43125 0.349167 0.47375 0.41666700000000007
14 0.47 0.523333 0.55375 0.63
14 0.4825 0.279167 0.530625 0.345833
14 0.499375 0.609167 0.538125 0.655833
14 0.51125 0.358333 0.543125 0.400833
14 0.528125 0.273333 0.5625 0.3275
14 0.530625 0.3275 0.5525 0.37333299999999997
14 0.535625 0.644167 0.651875 0.8024999999999999
14 0.55125 0.37916700000000003 0.6775 0.52
14 0.578125 0.16833299999999998 0.635 0.244167
14 0.595 0.299167 0.63625 0.36999999999999994
14 0.715 0.456667 0.78 0.554167
14 0.75625 0.525 0.82 0.5925
14 0.810625 0.0 0.853125 0.029167000000000002
14 0.82375 0.46 0.87 0.5341670000000001
14 0.874375 0.020833 0.9425 0.098333
14 0.89625 0.10666700000000001 0.9725 0.21
