14 0.05125 0.6368199999999999 0.26125 0.911297
14 0.08375 0.374895 0.2675 0.558159
14 0.0975 0.08619199999999999 0.2675 0.292887
14 0.256875 0.23431000000000002 0.426875 0.41506299999999996
14 0.2725 0.471967 0.4475 0.6853560000000001
14 0.41125 0.070293 0.601875 0.25272
14 0.4375 0.32719699999999996 0.635625 0.576569
14 0.61875 0.21841000000000002 0.781875 0.408368
14 0.66625 0.476987 0.8075 0.709623
14 0.79125 0.356485 0.949375 0.5615060000000001
14 0.79875 0.11380799999999999 0.8925 0.320502
14 0.83625 0.6368199999999999 0.999375 0.861088
