14 0.051875 0.7560979999999998 0.205625 0.95591
14 0.02 0.053471000000000005 0.0625 0.08161399999999999
14 0.028125 0.11069399999999999 0.2575 0.17823599999999998
14 0.044375 0.515009 0.83625 0.9990620000000001
14 0.06625 0.255159 0.455625 0.393058
14 0.37125 0.08349 0.603125 0.125704
14 0.42 0.015009 0.445625 0.031895
14 0.454375 0.00469 0.486875 0.030019
14 0.496875 0.16228900000000002 0.83875 0.268293
14 0.689375 0.32457800000000003 0.999375 0.6181989999999999
14 0.743125 0.033770999999999995 0.77 0.05534699999999999
