3 0.055 0.25396799999999997 0.144375 0.48179299999999997
3 0.09875 0.09337100000000001 0.305 0.5378149999999999
3 0.21375 0.281046 0.284375 0.445378
3 0.234375 0.156863 0.340625 0.514472
3 0.35625 0.21568600000000002 0.41125 0.436041
3 0.36625 0.12418299999999997 0.4575 0.479925
3 0.494375 0.154995 0.595625 0.49579799999999996
3 0.51375 0.204482 0.600625 0.36694699999999997
3 0.553125 0.434174 0.649375 0.731092
3 0.56875 0.690943 0.659375 0.997199
3 0.66625 0.19140999999999997 0.7225 0.37254899999999996
3 0.690625 0.09337100000000001 0.78125 0.47619
3 0.690625 0.521942 0.7875 0.802054
3 0.894375 0.10830999999999999 0.9875 0.407096
