3 0.191321 0.894515 0.252465 0.9578059999999999
3 0.209073 0.609705 0.252465 0.7426159999999999
3 0.209073 0.38818600000000003 0.25640999999999997 0.451477
3 0.333333 0.753165 0.394477 0.873418
3 0.335306 0.464135 0.394477 0.599156
3 0.34714 0.172996 0.38856 0.301688
3 0.47534499999999996 0.312236 0.5325439999999999 0.440928
3 0.477318 0.603376 0.536489 0.7341770000000001
3 0.483235 0.8776370000000001 0.530572 0.9578059999999999
3 0.613412 0.748945 0.672584 0.875527
3 0.6173569999999999 0.45780600000000005 0.672584 0.582278
3 0.623274 0.166667 0.650888 0.297468
3 0.7495069999999999 0.41772200000000004 0.779093 0.44514799999999993
3 0.755424 0.6075950000000001 0.792899 0.740506
3 0.759369 0.883966 0.8047340000000001 0.9556959999999999
