7 0.0 0.304388 0.0325 0.36134499999999997
7 0.016875 0.258637 0.04625 0.31559299999999996
7 0.040625 0.0 0.085625 0.045752
7 0.04375 0.41923400000000005 0.069375 0.46498599999999995
7 0.275625 0.621849 0.28625 0.6526609999999999
7 0.28875 0.656396 0.313125 0.709617
7 0.2925 0.5266109999999999 0.323125 0.587302
7 0.323125 0.09710600000000001 0.35 0.15872999999999998
7 0.328125 0.4836600000000001 0.359375 0.545285
7 0.443125 0.314659 0.571875 0.563025
7 0.513125 0.22409 0.530625 0.262372
7 0.60625 0.30719 0.623125 0.35014
7 0.71 0.028945 0.724375 0.054154999999999995
7 0.723125 0.39962700000000007 0.738125 0.422969
7 0.735625 0.38282 0.74875 0.4033610000000001
7 0.735625 0.302521 0.7575 0.34267
7 0.786875 0.478058 0.8175 0.5378149999999999
7 0.833125 0.46125099999999997 0.86375 0.521942
7 0.9125 0.340803 0.935625 0.38095200000000007
7 0.91625 0.084967 0.941875 0.114846
