7 0.0 0.134375 0.064062 0.21093800000000001
7 0.0 0.196875 0.12031199999999999 0.335938
7 0.0 0.026563 0.145313 0.146875
7 0.064062 0.076563 0.225 0.240625
7 0.203125 0.192188 0.782812 0.65
7 0.28281300000000004 0.13281199999999999 0.484375 0.217187
7 0.296875 0.653125 0.55 0.898438
7 0.307813 0.0 0.475 0.16406199999999999
7 0.478125 0.0015630000000000002 0.64375 0.214062
7 0.646875 0.55 0.810938 0.78125
7 0.721875 0.0 0.9265620000000001 0.221875
7 0.9203129999999999 0.096875 0.9984379999999999 0.26718800000000004
7 0.928125 0.0 0.9984379999999999 0.1125
