7 0.039375 0.033333 0.2225 0.265556
7 0.045625 0.30888899999999997 0.303125 0.608889
7 0.100625 0.151111 0.30875 0.34777800000000003
7 0.125 0.738889 0.26125 0.9988889999999999
7 0.2775 0.686667 0.398125 0.9255559999999998
7 0.3125 0.0 0.445625 0.226667
7 0.343125 0.221111 0.500625 0.5755560000000001
7 0.388125 0.563333 0.48375 0.771111
7 0.42625 0.012222 0.57375 0.345556
7 0.448125 0.007778000000000001 0.614375 0.117778
7 0.489375 0.48222200000000004 0.58375 0.621111
7 0.495625 0.736667 0.656875 0.9644440000000001
7 0.606875 0.053333000000000005 0.805625 0.35
7 0.714375 0.745556 0.898125 0.9422219999999998
7 0.735 0.6399360000000001 0.914375 0.215556
7 0.77875 0.19 0.958125 0.508889
7 0.785 0.584444 0.9275 0.782222
