13 0.0 0.15937 0.088125 0.30648000000000003
13 0.0 0.345884 0.200625 0.5683010000000001
13 0.038125 0.543783 0.37625 0.898424
13 0.153125 0.0 0.348125 0.166375
13 0.283125 0.21979 0.500625 0.39929899999999996
13 0.440625 0.0 0.560625 0.07092799999999999
13 0.496875 0.429947 0.6775 0.6742560000000001
13 0.596875 0.094571 0.754375 0.295096
13 0.665625 0.257443 0.89375 0.5858140000000001
13 0.6775 0.7819619999999999 0.949375 0.999124
13 0.818125 0.002627 0.98375 0.15324000000000002
13 0.954375 0.24868700000000002 0.999375 0.345884
