13 0.20625 0.296667 0.304375 0.393333
13 0.255 0.45 0.384375 0.625833
13 0.28625 0.10916700000000001 0.3725 0.2125
13 0.338125 0.214167 0.44375 0.38999999999999996
13 0.385625 0.155833 0.431875 0.2275
13 0.40875 0.401667 0.525 0.551667
13 0.44375 0.25666700000000003 0.548125 0.40666699999999995
13 0.458125 0.083333 0.573125 0.238333
13 0.459375 0.635833 0.581875 0.753333
13 0.543125 0.456667 0.649375 0.5966670000000001
13 0.548125 0.31416700000000003 0.625625 0.44
13 0.575625 0.06916699999999999 0.6775 0.201667
13 0.621875 0.181667 0.726875 0.330833
13 0.62875 0.48916699999999996 0.736875 0.634167
13 0.649375 0.3625 0.725625 0.463333
