      0/29     4.54G   0.07828    0.0552   0.06741    0.2009        53       640         0         0 0.0006276 0.0001205   0.05609   0.02761   0.05539
      1/29     4.55G   0.07091   0.05764   0.06203    0.1906        45       640         0         0 0.0005308 0.0001116   0.05403   0.03184   0.05809
      2/29     4.55G   0.06279   0.06059   0.06067     0.184        74       640         0         0 0.0009604 0.0001965   0.05495   0.02773   0.06077
      3/29     4.55G   0.06039   0.06075   0.05978    0.1809        44       640    0.1053 0.0004365   0.00143 0.0002979   0.05282   0.02697    0.0591
      4/29     4.55G   0.05892   0.06218   0.05823    0.1793        49       640         0         0   0.00277  0.000534    0.0522   0.02538   0.06245
      5/29     4.55G   0.05708   0.06184   0.05821    0.1771        66       640         0         0  0.002967 0.0005972   0.05075   0.02833   0.06335
      6/29     4.55G   0.05536   0.06138   0.05754    0.1743        81       640         0         0  0.003769 0.0008072    0.0496   0.02514   0.06424
      7/29     4.55G   0.05464   0.06183   0.05706    0.1735        47       640   0.05263 0.0001244  0.002832 0.0006684   0.05059    0.0249   0.06619
      8/29     4.55G   0.05394   0.06119   0.05663    0.1718        61       640         0         0  0.003674 0.0008841   0.04934   0.02554   0.06338
      9/29     4.55G   0.05333   0.06111   0.05623    0.1707        59       640   0.05263  0.002924  0.007205  0.003455   0.04987   0.02388   0.06496
     10/29     4.55G   0.05238   0.06131   0.05635      0.17        58       640 0.0001533  0.000331  0.003838 0.0008942    0.0482   0.02721   0.06495
     11/29     4.55G   0.05118   0.06199   0.05591    0.1691        82       640   0.05263  0.000277  0.005147  0.001499   0.04925   0.02497   0.06837
     12/29     4.55G   0.05069   0.06111   0.05527    0.1671       155       640         0         0  0.005416  0.001374   0.04823   0.02553   0.06769
     13/29     4.55G   0.05067   0.06103   0.05563    0.1673        67       640  0.001027  0.000331  0.005847  0.001315   0.04934   0.02364   0.06729
     14/29     4.55G   0.04954   0.06069   0.05429    0.1645        68       640         0         0  0.005555  0.001415   0.04847   0.02369   0.06862
     15/29     4.55G   0.04906   0.06038   0.05474    0.1642        33       640   0.05319  0.000939  0.005068  0.001303   0.04859   0.02418   0.06773
     16/29     4.55G   0.04937    0.0601   0.05332    0.1628        61       640   0.05349  0.000939  0.005013  0.001365   0.04849   0.02594   0.07124
     17/29     4.55G   0.04887   0.06038   0.05344    0.1627        38       640 0.0005625  0.001324  0.005425  0.001382   0.04792   0.02472   0.07277
     18/29     4.55G   0.04819   0.06036   0.05151    0.1601        97       640  0.002637   0.00237  0.006027  0.001419   0.04841   0.02527   0.07235
     19/29     4.55G   0.04774   0.06038   0.05189      0.16        82       640  0.001175  0.001655  0.006674   0.00153    0.0482   0.02256   0.07044
     20/29     4.55G   0.04773   0.06003   0.05204    0.1598        76       640   0.05307   0.00127  0.006937  0.001933   0.04816   0.02344   0.07207
     21/29     4.55G    0.0476   0.05988   0.05028    0.1578        44       640 0.0006359  0.001324  0.007227  0.001848    0.0483   0.02414   0.07248
     22/29     4.55G   0.04743   0.05986   0.05012    0.1574        62       640  0.001257  0.002317  0.006336  0.001606    0.0477   0.02435   0.07427
     23/29     4.55G   0.04672   0.06005   0.05006    0.1568        68       640 0.0002224  0.000331  0.005625  0.001478   0.04754    0.0243   0.07474
     24/29     4.55G   0.04663   0.05994   0.04946     0.156        86       640 0.0006553  0.001655  0.006351  0.001765   0.04743   0.02335   0.07517
     25/29     4.55G   0.04649   0.05979   0.04917    0.1554        74       640   0.01508 0.0008158  0.007303  0.002085   0.04741   0.02385   0.07394
     26/29     4.55G   0.04663   0.06032   0.04896    0.1559        33       640    0.0342  0.000885   0.00611  0.001633   0.04763   0.02379   0.07647
     27/29     4.55G   0.04585   0.05982   0.04798    0.1537        61       640         0         0  0.006082  0.001492   0.04756   0.02323   0.07735
     28/29     4.55G   0.04564   0.05918   0.04742    0.1522        59       640   0.01097  0.001987  0.005846  0.001547   0.04763   0.02357    0.0782
     29/29     4.55G   0.04536   0.05919   0.04745     0.152        35       640   0.01517  0.002594  0.005024  0.001525   0.04734   0.02369   0.07673
