18 0.760625 0.72549 0.961875 0.9887959999999999
18 0.0 0.719888 0.109375 0.9990660000000001
18 0.008125 0.258637 0.229375 0.626517
18 0.010625 0.0 0.171875 0.21661999999999998
18 0.119375 0.719888 0.224375 0.9990660000000001
18 0.14625 0.012138 0.4075 0.22595700000000002
18 0.18625 0.39869299999999996 0.371875 0.687208
18 0.1875 0.555556 0.465625 0.963585
18 0.19625 0.159664 0.3475 0.448179
18 0.221875 0.9729230000000001 0.40375 0.9990660000000001
18 0.30375 0.067227 0.59125 0.47899200000000003
18 0.379375 0.417367 0.668125 0.8123250000000001
18 0.39875 0.856209 0.680625 0.9990660000000001
18 0.5975 0.10550899999999999 0.865 0.475257
18 0.6025 0.721755 0.774375 0.9990660000000001
18 0.6525 0.36041100000000004 0.891875 0.8235290000000001
18 0.8525 0.24369699999999997 0.983125 0.564893
18 0.90625 0.36601300000000003 0.999375 0.781513
