18 0.4725 0.27875 0.540833 0.323125
18 0.4883330000000001 0.253125 0.559167 0.3025
18 0.525 0.313125 0.584167 0.355625
18 0.538333 0.2175 0.589167 0.26
18 0.55 0.26 0.606667 0.304375
18 0.564167 0.24625 0.620833 0.280625
18 0.5908329999999999 0.33375 0.6575 0.385
18 0.595833 0.2925 0.666667 0.33
18 0.620833 0.21375 0.6591670000000001 0.256875
18 0.640833 0.24625 0.689167 0.2875
18 0.655 0.201875 0.7025 0.24125
18 0.666667 0.276875 0.716667 0.30625
18 0.666667 0.30125 0.7233329999999999 0.34875
18 0.684167 0.229375 0.735 0.26
18 0.6875 0.3375 0.73 0.38125
18 0.7075 0.258125 0.7525 0.2925
18 0.716667 0.206875 0.7575 0.24125
18 0.7275 0.28875 0.7825000000000001 0.33375
18 0.739167 0.318125 0.798333 0.3675
18 0.7525 0.27 0.800833 0.313125
18 0.7575 0.3575 0.8325 0.415625
18 0.761667 0.25 0.814167 0.2875
18 0.761667 0.225625 0.820833 0.258125
18 0.7799999999999999 0.28875 0.8375 0.33375
18 0.8075 0.32125 0.8625000000000002 0.359375
18 0.8391670000000001 0.224375 0.889167 0.266875
18 0.841667 0.275625 0.889167 0.313125
18 0.8483329999999999 0.244375 0.894167 0.2925
18 0.853333 0.346875 0.923333 0.396875
18 0.8625000000000002 0.2975 0.9216669999999999 0.341875
18 0.905833 0.256875 0.969167 0.295625
18 0.923333 0.2825 0.9758330000000001 0.325
18 0.923333 0.313125 0.9758330000000001 0.364375
