18 0.43923599999999996 0.6933159999999999 0.502604 0.7640890000000001
18 0.455729 0.250328 0.565972 0.365662
18 0.455729 0.35386599999999996 0.571181 0.499345
18 0.46006899999999995 0.585845 0.557292 0.697248
18 0.49131899999999995 0.46526899999999993 0.565104 0.6055050000000001
18 0.493924 0.8020970000000001 0.599826 0.9239839999999999
18 0.523438 0.515072 0.646701 0.66055
18 0.559028 0.650066 0.644965 0.771953
18 0.559896 0.380079 0.664062 0.529489
18 0.560764 0.243775 0.642361 0.4036699999999999
18 0.597222 0.49148100000000006 0.71875 0.6015729999999999
18 0.616319 0.718218 0.697917 0.913499
18 0.631076 0.6055050000000001 0.752604 0.7051109999999999
18 0.633681 0.231979 0.710938 0.395806
18 0.658854 0.39842700000000003 0.735243 0.519004
18 0.678819 0.473132 0.8246530000000001 0.614679
18 0.684028 0.7981650000000001 0.801215 0.9056360000000002
18 0.684896 0.678899 0.793403 0.8178240000000001
18 0.700521 0.34731300000000004 0.806424 0.479685
18 0.702257 0.239843 0.8298610000000001 0.351245
