18 0.031875 0.286667 0.999375 0.806667
18 0.0675 0.411667 0.999375 0.999167
18 0.393125 0.928333 0.505625 0.999167
18 0.395625 0.0 0.814375 0.1275
18 0.434375 0.038333 0.8775 0.238333
18 0.4775 0.09000000000000001 0.934375 0.34
18 0.501875 0.8616670000000001 0.5975 0.999167
18 0.521875 0.351667 0.586875 0.43083299999999997
18 0.575625 0.17416700000000004 0.9875 0.43083299999999997
18 0.589375 0.8249999999999998 0.68 0.956667
18 0.665625 0.768333 0.76375 0.908333
18 0.75125 0.735833 0.815625 0.8649999999999999
18 0.805 0.684167 0.891875 0.8166670000000001
18 0.87875 0.6375 0.955 0.77
18 0.955 0.595 0.999375 0.716667
