18 0.467905 0.26375 0.623311 0.39125
18 0.010979999999999998 0.01875 0.163851 0.14
18 0.016891999999999997 0.0 0.9282090000000001 0.444375
18 0.059966 0.0 0.108108 0.02375
18 0.110642 0.0 0.25337800000000005 0.085625
18 0.133446 0.178125 0.221284 0.275625
18 0.138514 0.068125 0.271959 0.183125
18 0.184122 0.145625 0.318412 0.23125
18 0.186655 0.234375 0.30912199999999995 0.316875
18 0.282939 0.00375 0.409628 0.16375
18 0.302365 0.200625 0.396959 0.25875
18 0.325169 0.104375 0.438345 0.195
18 0.38344599999999995 0.38 0.48479700000000003 0.451875
18 0.40625 0.0 0.47043900000000005 0.1025
18 0.45270299999999997 0.0 0.5126689999999999 0.04125
18 0.560811 0.3525 0.6858110000000001 0.44625
18 0.6967909999999999 0.30625 0.807432 0.4225
18 0.798986 0.280625 0.916385 0.38125
18 0.831081 0.149375 0.9282090000000001 0.270625
