18 0.134167 0.425 0.325833 0.56625
18 0.22083299999999997 0.568125 0.339167 0.633125
18 0.225 0.633125 0.39583299999999993 0.7475
18 0.304167 0.160625 0.558333 0.325625
18 0.33416700000000005 0.5275 0.500833 0.65
18 0.3758329999999999 0.705 0.539167 0.829375
18 0.4075 0.386875 0.491667 0.479375
18 0.43249999999999994 0.638125 0.5575 0.71
18 0.475833 0.279375 0.644167 0.399375
18 0.4875 0.600625 0.605833 0.6825
18 0.48916699999999996 0.375 0.69 0.554375
18 0.530833 0.675625 0.66 0.78375
18 0.5325 0.554375 0.6741670000000001 0.674375
18 0.56 0.0 0.7233329999999999 0.1025
18 0.5625 0.1 0.675833 0.21125
18 0.585 0.194375 0.7399999999999999 0.330625
18 0.6125 0.7525 0.7375000000000002 0.870625
18 0.644167 0.365 0.7766670000000001 0.4775
18 0.644167 0.58375 0.830833 0.75125
18 0.646667 0.018125 0.7858329999999999 0.143125
18 0.658333 0.479375 0.795 0.590625
18 0.705833 0.11875 0.8450000000000001 0.23
18 0.708333 0.223125 0.84 0.334375
18 0.7125 0.694375 0.8424999999999999 0.83125
18 0.838333 0.11875 0.999167 0.264375
18 0.960833 0.713125 0.999167 0.796875
