18 0.0 0.4831140000000001 0.295 0.8367729999999999
18 0.001875 0.0 0.19625 0.43996199999999996
18 0.068125 0.7420260000000001 0.5025 0.9990620000000001
18 0.106875 0.212008 0.34 0.611632
18 0.18875 0.0 0.380625 0.29080700000000004
18 0.259375 0.37898699999999996 0.48875 0.802064
18 0.335 0.165103 0.530625 0.494371
18 0.376875 0.0 0.623125 0.298311
18 0.44 0.322702 0.666875 0.721388
18 0.461875 0.701689 0.516875 0.9080679999999999
18 0.50875 0.624765 0.71625 0.9709190000000001
18 0.570625 0.315197 0.829375 0.670732
18 0.571875 0.021575999999999998 0.825625 0.34427800000000003
18 0.605 0.8151970000000002 0.874375 0.9990620000000001
18 0.681875 0.5422140000000001 0.976875 0.8789870000000002
18 0.75 0.038462 0.999375 0.40431500000000004
18 0.75875 0.309568 0.999375 0.663227
