18 0.15125 0.603545 0.370625 0.8787309999999999
18 0.173125 0.142724 0.35 0.402052
18 0.173125 0.015858 0.8125 0.862873
18 0.206875 0.347015 0.45625 0.658582
18 0.34125 0.534515 0.536875 0.897388
18 0.345 0.11940299999999998 0.469375 0.352612
18 0.35625 0.41977600000000004 0.56125 0.6819029999999999
18 0.418125 0.23973899999999998 0.55125 0.46921599999999997
18 0.44 0.070896 0.589375 0.278918
18 0.50375 0.26865700000000003 0.720625 0.5979479999999999
18 0.531875 0.23600700000000005 0.616875 0.414179
18 0.55375 0.5494399999999999 0.75 0.840485
18 0.69375 0.43097 0.8025 0.680037
18 0.71625 0.6875 0.771875 0.8078359999999999
