18 0.205625 0.14477 0.308125 0.333891
18 0.258125 0.668619 0.335 0.789121
18 0.545 0.959833 0.576875 0.999163
18 0.570625 0.748117 0.609375 0.8309620000000001
18 0.59125 0.4569039999999999 0.64125 0.558159
18 0.650625 0.0 0.715 0.164017
18 0.6725 0.9422590000000001 0.700625 0.992469
18 0.709375 0.7874479999999999 0.738125 0.8443510000000001
18 0.744375 0.582427 0.775 0.646025
18 0.791875 0.808368 0.81625 0.847699
18 0.80375 0.30543899999999996 0.840625 0.4
18 0.830625 0.653556 0.8575 0.702929
18 0.884375 0.4635979999999999 0.913125 0.520502
18 0.89125 0.6979080000000001 0.90375 0.727197
18 0.8975 0.0 0.924375 0.040167
18 0.935 0.548117 0.9525 0.587448
18 0.959375 0.20836799999999997 0.985 0.284519
18 0.98625 0.36736399999999997 0.999375 0.408368
