18 0.0 0.39065399999999995 0.10375 0.661682
18 0.0 0.0 0.18875 0.164486
18 0.00125 0.15700899999999998 0.175 0.39626200000000006
18 0.03 0.323364 0.31 0.6261680000000001
18 0.12875 0.446729 0.2825 0.785047
18 0.14375 0.143925 0.3475 0.345794
18 0.1525 0.0 0.205 0.151402
18 0.1775 0.0 0.3175 0.15514
18 0.185 0.742056 0.5075 0.9364490000000001
18 0.20375 0.0 0.43875 0.17757
18 0.26375 0.429907 0.41375 0.7588789999999999
18 0.28375 0.127103 0.4775 0.4654210000000001
18 0.29875 0.583178 0.5875 0.8728969999999999
18 0.38625 0.36635500000000004 0.60875 0.5981310000000001
18 0.4175 0.0 0.5775 0.2
18 0.4675 0.08972000000000001 0.61375 0.385047
18 0.5275 0.416822 0.66625 0.6990649999999999
18 0.5275 0.665421 0.72375 0.9289719999999998
18 0.56375 0.020561000000000003 0.6075 0.142056
18 0.57 0.0 0.74375 0.19813100000000003
18 0.58625 0.138318 0.75125 0.41495299999999996
18 0.59375 0.4 0.76625 0.607477
18 0.63125 0.074766 0.8225 0.315888
18 0.6525 0.562617 0.8425 0.8186920000000001
18 0.73625 0.0037380000000000004 0.86125 0.119626
18 0.7475 0.250467 0.92625 0.497196
18 0.75625 0.413084 0.92375 0.676636
18 0.8175 0.166355 0.9875 0.42243
18 0.85 0.005607 0.9525 0.173832
18 0.8925 0.065421 0.99875 0.265421
