18 0.13611099999999998 0.5861109999999999 0.244444 0.733333
18 0.142593 0.244444 0.260185 0.380556
18 0.152778 0.37037 0.256481 0.527778
18 0.206481 0.5398149999999999 0.3 0.659259
18 0.231481 0.219444 0.378704 0.328704
18 0.239815 0.338889 0.367593 0.48055600000000004
18 0.3 0.55 0.425926 0.671296
18 0.336111 0.312963 0.43518500000000004 0.440741
18 0.37963 0.384259 0.5129630000000001 0.518519
18 0.425926 0.591667 0.54537 0.717593
18 0.43518500000000004 0.312963 0.540741 0.413889
18 0.515741 0.6861109999999999 0.6268520000000001 0.817593
18 0.583333 0.799074 0.6907409999999999 0.9185190000000001
