18 0.0 0.50421 0.255 0.7988770000000001
18 0.03375 0.21796100000000002 0.265625 0.4733399999999999
18 0.061875 0.29841 0.34375 0.6725909999999999
18 0.18875 0.060804 0.464375 0.354537
18 0.19 0.692236 0.383125 0.999065
18 0.29 0.538821 0.519375 0.8260059999999999
18 0.335 0.21983200000000003 0.584375 0.579046
18 0.376875 0.7109449999999999 0.76375 0.999065
18 0.410625 0.006548 0.625625 0.31899
18 0.470625 0.319925 0.684375 0.603368
18 0.6 0.4134709999999999 0.929375 0.9560339999999999
18 0.620625 0.0 0.894375 0.23947600000000002
18 0.625625 0.20112299999999997 0.9625 0.623012
