18 0.82625 0.198874 0.969375 0.386492
18 0.0 0.0 0.2 0.86773
18 0.0 0.0 0.208125 0.327392
18 0.19625 0.177298 0.771875 0.9990620000000001
18 0.32625 0.0 0.776875 0.069418
18 0.338125 0.10318900000000003 0.48375 0.24202600000000002
18 0.345 0.0 0.421875 0.058161000000000004
18 0.421875 0.0 0.50875 0.07129500000000001
18 0.518125 0.001876 0.633125 0.07129500000000001
18 0.638125 0.0 0.733125 0.07129500000000001
18 0.81875 0.10787999999999998 0.999375 0.8789870000000002
18 0.82 0.39774899999999996 0.92875 0.601313
18 0.823125 0.0 0.999375 0.029081
18 0.835625 0.0 0.936875 0.038462
18 0.853125 0.5703560000000001 0.94125 0.7439020000000001
18 0.88625 0.652908 0.999375 0.8705440000000001
18 0.924375 0.0 0.999375 0.036585
18 0.925 0.47654799999999997 0.999375 0.6913699999999999
18 0.9275 0.291745 0.999375 0.48592899999999994
