18 0.43906300000000004 0.2125 0.584375 0.301562
18 0.184375 0.192188 0.31875 0.323438
18 0.192188 0.628125 0.385938 0.81875
18 0.2 0.354688 0.38906199999999996 0.55625
18 0.240625 0.070312 0.367188 0.192188
18 0.296875 0.5125 0.464063 0.665625
18 0.334375 0.153125 0.417188 0.27968699999999996
18 0.3375 0.29843800000000004 0.479688 0.47031300000000004
18 0.385938 0.123438 0.45625 0.21093800000000001
18 0.45625 0.49375 0.579687 0.615625
18 0.48125 0.025 0.623438 0.146875
18 0.517187 0.123438 0.598437 0.215625
