18 0.65332 0.157143 0.7617189999999999 0.272449
18 0.11035199999999999 0.441837 0.245117 0.512245
18 0.11328099999999999 0.5040819999999999 0.22656199999999999 0.573469
18 0.11328099999999999 0.37551 0.246094 0.45
18 0.13378900000000002 0.306122 0.240234 0.385714
18 0.13378900000000002 0.556122 0.241211 0.622449
18 0.155273 0.5959180000000002 0.27636700000000003 0.7030609999999999
18 0.173828 0.24898 0.274414 0.338776
18 0.207031 0.21122399999999997 0.297852 0.2979590000000001
18 0.211914 0.65 0.30175799999999997 0.767347
18 0.241211 0.457143 0.337891 0.514286
18 0.246094 0.5265310000000001 0.34570300000000004 0.592857
18 0.248047 0.38979600000000003 0.34570300000000004 0.4520409999999999
18 0.256836 0.162245 0.335938 0.263265
18 0.264648 0.693878 0.352539 0.817347
18 0.264648 0.32550999999999997 0.35742199999999996 0.403061
18 0.288086 0.581633 0.382812 0.6653060000000001
18 0.302734 0.266327 0.380859 0.36020399999999997
18 0.306641 0.12449 0.397461 0.234694
18 0.335938 0.719388 0.402344 0.8448979999999999
18 0.335938 0.5989800000000001 0.427734 0.7030609999999999
18 0.342773 0.47448999999999997 0.427734 0.540816
18 0.34570300000000004 0.414286 0.43261700000000003 0.47448999999999997
18 0.359375 0.23877600000000002 0.41894499999999996 0.340816
18 0.366211 0.353061 0.45214799999999994 0.43265299999999995
18 0.37793000000000004 0.512245 0.45605500000000004 0.5989800000000001
18 0.378906 0.110204 0.445312 0.214286
18 0.389648 0.7561220000000001 0.482422 0.87551
18 0.417969 0.6377550000000001 0.484375 0.755102
18 0.42285200000000006 0.223469 0.47753900000000005 0.32040799999999997
18 0.42285200000000006 0.318367 0.482422 0.408163
18 0.44433599999999995 0.5265310000000001 0.5058590000000001 0.630612
18 0.449219 0.420408 0.520508 0.5
18 0.449219 0.097959 0.52832 0.220408
18 0.478516 0.7581629999999999 0.546875 0.886735
18 0.478516 0.22449000000000002 0.551758 0.321429
18 0.484375 0.620408 0.56543 0.752041
18 0.48925799999999997 0.318367 0.553711 0.408163
18 0.501953 0.523469 0.5722659999999999 0.610204
18 0.522461 0.36020399999999997 0.608398 0.42959200000000003
18 0.5253909999999999 0.48673500000000003 0.625 0.559184
18 0.53418 0.10306099999999999 0.6054689999999999 0.215306
18 0.539062 0.7459180000000001 0.608398 0.877551
18 0.539062 0.42959200000000003 0.643555 0.49183699999999997
18 0.541992 0.234694 0.62207 0.32550999999999997
18 0.548828 0.618367 0.629883 0.726531
18 0.5683590000000001 0.273469 0.669922 0.35
18 0.5683590000000001 0.5857140000000001 0.674805 0.668367
18 0.5839840000000001 0.12550999999999998 0.6777340000000001 0.22244899999999998
18 0.5898439999999999 0.730612 0.672852 0.8530610000000001
18 0.608398 0.315306 0.708008 0.390816
18 0.611328 0.5367350000000001 0.7128909999999999 0.6163270000000001
18 0.62793 0.695918 0.736328 0.8
18 0.6347659999999999 0.42244899999999996 0.748047 0.481633
18 0.638672 0.365306 0.734375 0.42551000000000005
18 0.638672 0.489796 0.7460939999999999 0.558163
18 0.6777340000000001 0.644898 0.78125 0.7336729999999999
18 0.688477 0.234694 0.7929689999999999 0.29898
18 0.717773 0.6020409999999999 0.827148 0.693878
18 0.7226560000000001 0.273469 0.817383 0.358163
18 0.743164 0.342857 0.8525389999999999 0.41530600000000006
18 0.748047 0.528571 0.867188 0.617347
18 0.750977 0.412245 0.867188 0.47448999999999997
18 0.760742 0.49183699999999997 0.882812 0.5469390000000001
