18 0.0 0.356589 0.08051900000000001 0.620155
18 0.0 0.0 0.11168800000000001 0.193798
18 0.09350599999999999 0.023256 0.184416 0.19767400000000002
18 0.096104 0.7984500000000001 0.21818200000000001 0.976744
18 0.171429 0.391473 0.314286 0.55814
18 0.184416 0.542636 0.324675 0.6589149999999999
18 0.18961 0.9496120000000001 0.272727 0.9961239999999999
18 0.241558 0.12015499999999998 0.384416 0.28682199999999997
18 0.342857 0.12015499999999998 0.45194799999999996 0.251938
18 0.368831 0.8217049999999999 0.5220779999999999 0.9961239999999999
18 0.420779 0.414729 0.545455 0.608527
18 0.496104 0.817829 0.6337659999999999 0.9961239999999999
18 0.5012989999999999 0.31395300000000004 0.646753 0.550388
18 0.52987 0.01938 0.698701 0.193798
18 0.6 0.155039 0.703896 0.255814
18 0.74026 0.8100779999999999 0.87013 0.9961239999999999
18 0.742857 0.531008 0.8935059999999999 0.70155
18 0.748052 0.325581 0.9220780000000001 0.554264
18 0.784416 0.023256 0.914286 0.21317799999999998
18 0.909091 0.08139500000000001 0.997403 0.275194
