18 0.456875 0.23333299999999998 0.53375 0.339167
18 0.18625 0.5375 0.203125 0.613333
18 0.19375 0.6 0.2225 0.665
18 0.22625 0.643333 0.26625 0.7116669999999999
18 0.27125 0.685833 0.325625 0.753333
18 0.315 0.720833 0.395625 0.815
18 0.328125 0.329167 0.375 0.37916700000000003
18 0.358125 0.3741670000000001 0.404375 0.474167
18 0.38375 0.739167 0.471875 0.830833
18 0.4175 0.253333 0.455 0.330833
18 0.440625 0.75 0.54 0.815
18 0.53625 0.746667 0.62 0.821667
18 0.54 0.238333 0.599375 0.359167
18 0.585 0.253333 0.6575 0.348333
18 0.60875 0.705 0.673125 0.790833
18 0.666875 0.6533329999999999 0.725 0.7566669999999999
18 0.708125 0.630833 0.755625 0.720833
18 0.74125 0.580833 0.77875 0.6741670000000001
18 0.7675 0.55 0.794375 0.606667
