18 0.231875 0.246025 0.343125 0.395816
18 0.0 0.0 0.11625 0.134728
18 0.0 0.259414 0.133125 0.48954
18 0.0 0.6133890000000001 0.301875 0.999163
18 0.0 0.134728 0.341875 0.611715
18 0.0 0.0 0.36 0.155649
18 0.01125 0.14728 0.126875 0.287029
18 0.049375 0.42761499999999997 0.20375 0.608368
18 0.06375 0.28870300000000004 0.168125 0.42091999999999996
18 0.084375 0.12636 0.266875 0.341423
18 0.093125 0.0 0.14875 0.11966500000000001
18 0.129375 0.34728000000000003 0.23875 0.462761
18 0.134375 0.0 0.254375 0.15062799999999998
18 0.19625 0.376569 0.335 0.569038
18 0.2325 0.0 0.355625 0.097071
18 0.34 0.7807529999999999 0.455 0.9907950000000001
18 0.343125 0.6 0.685625 0.999163
18 0.353125 0.586611 0.47125 0.7841
18 0.35375 0.153975 0.68125 0.594979
18 0.381875 0.0 0.515625 0.112134
18 0.4225 0.777406 0.519375 0.9481169999999999
18 0.444375 0.65523 0.531875 0.801674
18 0.473125 0.0 0.5475 0.055229999999999994
18 0.481875 0.6016739999999999 0.566875 0.708787
18 0.51125 0.708787 0.579375 0.851883
18 0.519375 0.004184 0.6375 0.12636
18 0.520625 0.853557 0.5975 0.9548120000000001
18 0.545 0.6125520000000001 0.654375 0.7205020000000002
18 0.553125 0.0 0.691875 0.09205
18 0.5575 0.858577 0.68625 0.9983260000000002
18 0.563125 0.722176 0.64875 0.8552299999999999
18 0.689375 0.608368 0.999375 0.999163
18 0.70625 0.158996 0.999375 0.57908
18 0.726875 0.0 0.81125 0.12133900000000003
18 0.795 0.21087899999999998 0.91125 0.353138
18 0.805 0.0 0.959375 0.131381
18 0.865625 0.0 0.995625 0.14728
