18 0.0 0.3675 0.060833000000000005 0.42
18 0.0 0.411875 0.09083300000000001 0.535
18 0.0 0.203125 0.214167 0.324375
18 0.015833 0.295625 0.261667 0.4
18 0.04750000000000001 0.546875 0.23 0.691875
18 0.09083300000000001 0.4325 0.295833 0.555
18 0.15 0.615 0.361667 0.748125
18 0.188333 0.1775 0.37083299999999997 0.300625
18 0.25666700000000003 0.07375 0.429167 0.1825
18 0.275 0.393125 0.5075 0.5675
18 0.28 0.33125 0.4875 0.440625
18 0.34333300000000005 0.60125 0.494167 0.748125
18 0.38000000000000006 0.21875 0.516667 0.291875
18 0.385 0.5125 0.585 0.615
18 0.39583299999999993 0.258125 0.575833 0.3725
18 0.411667 0.160625 0.603333 0.2425
18 0.419167 0.683125 0.6875 0.836875
18 0.450833 0.063125 0.598333 0.1575
18 0.470833 0.3625 0.6808330000000001 0.519375
18 0.491667 0.533125 0.780833 0.746875
18 0.5966670000000001 0.335 0.7991670000000001 0.45125
18 0.598333 0.263125 0.826667 0.375625
18 0.6075 0.099375 0.678333 0.160625
18 0.625833 0.146875 0.7991670000000001 0.203125
18 0.6375 0.201875 0.826667 0.276875
18 0.6716669999999999 0.04125 0.8058330000000001 0.133125
18 0.6716669999999999 0.42375 0.908333 0.5675
18 0.771667 0.22875 0.954167 0.31625
18 0.7741669999999999 0.090625 0.883333 0.14875
18 0.8083329999999999 0.29375 0.985833 0.39125
18 0.8466670000000001 0.35875 0.999167 0.5025
18 0.863333 0.145 0.999167 0.26125
18 0.8675 0.663125 0.999167 0.789375
18 0.908333 0.56375 0.999167 0.67125
