18 0.0 0.023438 0.073437 0.32968800000000004
18 0.0 0.32968800000000004 0.103125 0.582812
18 0.0 0.517187 0.11406300000000001 0.801562
18 0.0 0.0 0.14375 0.173438
18 0.0 0.76875 0.29843800000000004 0.9984379999999999
18 0.029687 0.16875 0.239063 0.4125
18 0.057812999999999996 0.0 0.221875 0.046875
18 0.075 0.567187 0.215625 0.796875
18 0.14375 0.0 0.379687 0.2125
18 0.239063 0.35 0.554688 0.634375
18 0.4375 0.325 0.534375 0.48125
18 0.489062 0.145313 0.75625 0.379687
18 0.496875 0.551562 0.63125 0.751562
18 0.532812 0.254687 0.95 0.598437
18 0.535937 0.0 0.717188 0.1625
18 0.601562 0.567187 0.9984379999999999 0.9984379999999999
18 0.642187 0.0 0.9984379999999999 0.196875
18 0.729688 0.1125 0.978125 0.276563
18 0.789062 0.332812 0.992188 0.610937
18 0.792188 0.5875 0.9390620000000001 0.710938
18 0.882812 0.540625 0.9984379999999999 0.726562
18 0.929688 0.284375 0.9984379999999999 0.4375
