18 0.0 0.9596269999999999 0.01875 0.996894
18 0.0 0.086957 0.033333 0.26087
18 0.0 0.60559 0.05625 0.8260870000000001
18 0.0 0.279503 0.10416700000000001 0.618012
18 0.0 0.0 0.997917 0.996894
18 0.025 0.009317 0.245833 0.204969
18 0.05625 0.9006209999999999 0.2875 0.996894
18 0.060417 0.549689 0.30833299999999997 0.854037
18 0.064583 0.27018600000000004 0.23125 0.565217
18 0.191667 0.124224 0.33125 0.38509299999999996
18 0.23125 0.332298 0.429167 0.555901
18 0.266667 0.0 0.525 0.173913
18 0.279167 0.07764 0.570833 0.4409939999999999
18 0.3 0.509317 0.55 0.8881990000000001
18 0.30833299999999997 0.854037 0.520833 0.996894
18 0.45625 0.279503 0.70625 0.586957
18 0.522917 0.0 0.808333 0.173913
18 0.541667 0.807453 0.808333 0.996894
18 0.552083 0.099379 0.789583 0.341615
18 0.58125 0.5310560000000001 0.789583 0.782609
18 0.683333 0.254658 0.93125 0.565217
18 0.804167 0.86646 0.997917 0.996894
18 0.8125 0.537267 0.9875 0.813665
18 0.814583 0.0 0.997917 0.158385
18 0.85625 0.152174 0.997917 0.46583900000000006
18 0.89375 0.45652200000000004 0.997917 0.698758
