18 0.24625 0.45 0.256875 0.461667
18 0.2525 0.266667 0.306875 0.2875
18 0.255625 0.359167 0.263125 0.38000000000000006
18 0.261875 0.360833 0.270625 0.38000000000000006
18 0.266875 0.44833300000000004 0.271875 0.456667
18 0.269375 0.3625 0.27625 0.378333
18 0.275 0.359167 0.28375 0.378333
18 0.2775 0.463333 0.28375 0.475833
18 0.28875 0.46 0.294375 0.474167
18 0.29 0.474167 0.35375 0.49583299999999997
18 0.293125 0.453333 0.301875 0.461667
18 0.3125 0.249167 0.39625 0.2875
18 0.3275 0.38166700000000003 0.335625 0.39583299999999993
18 0.340625 0.378333 0.40375 0.404167
18 0.36125 0.515 0.36875 0.5275
18 0.381875 0.533333 0.44625 0.5575
18 0.388125 0.27 0.39625 0.289167
18 0.39125 0.275 0.40625 0.283333
18 0.40625 0.266667 0.414375 0.283333
18 0.40625 0.509167 0.44 0.53
18 0.415625 0.275 0.425625 0.283333
18 0.426875 0.24749999999999997 0.494375 0.283333
18 0.43 0.388333 0.50875 0.4366670000000001
18 0.476875 0.585 0.486875 0.604167
18 0.480625 0.5925 0.495 0.618333
18 0.496875 0.240833 0.54625 0.273333
18 0.505 0.565 0.511875 0.583333
18 0.50625 0.573333 0.520625 0.5925
18 0.50875 0.595833 0.523125 0.621667
18 0.53 0.576667 0.54375 0.595833
18 0.5325 0.566667 0.54625 0.581667
18 0.539375 0.434167 0.648125 0.474167
18 0.545 0.26 0.55375 0.284167
18 0.545 0.595833 0.561875 0.618333
18 0.5525 0.25166700000000003 0.568125 0.273333
18 0.5525 0.258333 0.569375 0.289167
18 0.553125 0.578333 0.563125 0.594167
18 0.561875 0.588333 0.575 0.605833
18 0.570625 0.245833 0.580625 0.265
18 0.570625 0.258333 0.58375 0.2825
18 0.585 0.263333 0.603125 0.2875
18 0.6 0.25666700000000003 0.618125 0.284167
18 0.603125 0.25166700000000003 0.618125 0.261667
18 0.613125 0.44166700000000003 0.725625 0.49499999999999994
18 0.620625 0.229167 0.726875 0.279167
18 0.63375 0.660833 0.645625 0.678333
18 0.63875 0.670833 0.665 0.6833329999999999
18 0.643125 0.63 0.656875 0.6525
18 0.659375 0.65 0.66875 0.665
18 0.66375 0.628333 0.67875 0.645
18 0.680625 0.651667 0.691875 0.658333
18 0.694375 0.669167 0.71 0.6808330000000001
18 0.735625 0.720833 0.758125 0.745
18 0.74 0.731667 0.760625 0.7658330000000001
18 0.745 0.25416700000000003 0.765625 0.281667
18 0.761875 0.45833299999999993 0.8675 0.506667
18 0.763125 0.235833 0.78875 0.259167
18 0.764375 0.255833 0.78875 0.28
18 0.769375 0.7174999999999999 0.79125 0.745
18 0.773125 0.7008329999999999 0.78875 0.728333
18 0.7825 0.22 0.798125 0.23916700000000002
18 0.78375 0.748333 0.804375 0.785
18 0.785 0.235833 0.805625 0.268333
18 0.788125 0.261667 0.8 0.28
18 0.79125 0.218333 0.810625 0.24749999999999997
18 0.796875 0.719167 0.814375 0.745
18 0.803125 0.7025 0.8225 0.728333
18 0.804375 0.24250000000000002 0.825 0.255833
18 0.805625 0.255833 0.82375 0.28
18 0.809375 0.21666700000000003 0.8225 0.23166699999999998
18 0.814375 0.225 0.835625 0.250833
18 0.8175 0.755833 0.839375 0.783333
18 0.8225 0.25416700000000003 0.8325 0.263333
18 0.825 0.2525 0.846875 0.283333
18 0.8275 0.235833 0.848125 0.255833
18 0.82875 0.22 0.849375 0.24250000000000002
18 0.83 0.7075 0.846875 0.73
18 0.848125 0.22166699999999998 0.85625 0.24250000000000002
18 0.848125 0.2525 0.8675 0.281667
18 0.849375 0.23749999999999996 0.86125 0.2575
18 0.851875 0.733333 0.86875 0.764167
18 0.86125 0.23916700000000002 0.8725 0.25416700000000003
18 0.86125 0.25416700000000003 0.879375 0.28
18 0.875625 0.25416700000000003 0.886875 0.278333
