18 0.54085 0.20098 0.77451 0.44281000000000004
18 0.031045999999999997 0.43137299999999995 0.276144 0.722222
18 0.060458000000000005 0.22549 0.320261 0.44444399999999995
18 0.086601 0.651961 0.34313699999999997 0.9346409999999999
18 0.158497 0.027777999999999997 0.397059 0.267974
18 0.238562 0.367647 0.437909 0.604575
18 0.289216 0.550654 0.54902 0.843137
18 0.323529 0.196078 0.54085 0.40686300000000003
18 0.400327 0.79902 0.651961 0.9722219999999999
18 0.44281000000000004 0.395425 0.679739 0.622549
18 0.493464 0.112745 0.6192810000000001 0.287582
18 0.55719 0.5179739999999999 0.880719 0.74183
18 0.650327 0.723856 0.9330069999999999 0.978758
18 0.712418 0.140523 0.918301 0.346405
18 0.736928 0.382353 0.893791 0.522876
18 0.781046 0.53268 0.9673200000000001 0.769608
18 0.897059 0.320261 0.964052 0.488562
