18 0.561875 0.5197 0.67125 0.6519699999999999
18 0.0 0.326454 0.148125 0.605066
18 0.0 0.553471 0.235625 0.755159
18 0.02 0.941839 0.105 0.9990620000000001
18 0.073125 0.30487800000000004 0.341875 0.56848
18 0.096875 0.9249529999999999 0.196875 0.9990620000000001
18 0.1125 0.17636 0.31875 0.31238299999999997
18 0.1625 0.195122 0.999375 0.832083
18 0.188125 0.8996250000000001 0.301875 0.9990620000000001
18 0.244375 0.016886 0.399375 0.17260799999999998
18 0.3275 0.876173 0.403125 0.9990620000000001
18 0.346875 0.121951 0.495625 0.21482199999999999
18 0.383125 0.921201 0.498125 0.9990620000000001
18 0.394375 0.910882 0.51875 0.9803
18 0.399375 0.0 0.545625 0.154784
18 0.4625 0.967167 0.565 0.9990620000000001
18 0.491875 0.0 0.914375 0.258912
18 0.50875 0.926829 0.56625 0.998124
18 0.660625 0.959662 0.73625 0.9990620000000001
18 0.688125 0.8499059999999999 0.791875 0.9765479999999999
18 0.7225 0.8921199999999999 0.860625 0.9990620000000001
18 0.798125 0.9305819999999999 0.900625 0.998124
18 0.854375 0.835835 0.996875 0.967167
18 0.865625 0.921201 0.999375 0.9990620000000001
18 0.916875 0.0 0.999375 0.141651
