18 0.155625 0.532578 0.3325 0.694995
18 0.205 0.581681 0.355 0.688385
18 0.229375 0.494806 0.36875 0.626062
18 0.275 0.635505 0.380625 0.678942
18 0.27875 0.623229 0.42 0.733711
18 0.310625 0.457035 0.411875 0.561851
18 0.370625 0.423041 0.549375 0.691218
18 0.415 0.6704439999999999 0.548125 0.74221
18 0.429375 0.37582600000000005 0.586875 0.6610010000000001
18 0.534375 0.618508 0.653125 0.745987
18 0.565625 0.288952 0.75625 0.565628
18 0.58625 0.460812 0.79125 0.632672
18 0.634375 0.629839 0.80625 0.7667609999999999
18 0.686875 0.41831899999999994 0.791875 0.639282
18 0.780625 0.6373939999999999 0.85875 0.773371
18 0.786875 0.511804 0.838125 0.652502
18 0.830625 0.5873470000000001 0.980625 0.76865
