18 0.0 0.751667 0.0375 0.818333
18 0.0 0.708333 0.04375 0.753333
18 0.0225 0.9250000000000002 0.1 0.999167
18 0.049375 0.75 0.1075 0.805
18 0.054375 0.6774999999999999 0.11375 0.740833
18 0.096875 0.7275 0.18125 0.7841670000000001
18 0.1075 0.8991669999999999 0.200625 0.999167
18 0.11125 0.6999999999999998 0.174375 0.739167
18 0.199375 0.873333 0.264375 0.989167
18 0.26125 0.830833 0.309375 0.9508329999999999
18 0.29875 0.813333 0.32875 0.8991669999999999
18 0.313125 0.794167 0.343125 0.8825
18 0.319375 0.779167 0.344375 0.849167
