18 0.741667 0.31625 0.895 0.425
18 0.42 0.5775 0.541667 0.63875
18 0.42 0.72 0.583333 0.85375
18 0.421667 0.64 0.541667 0.69
18 0.421667 0.3525 0.551667 0.44
18 0.423333 0.46625 0.555 0.57375
18 0.431667 0.06625 0.55 0.15375
18 0.43333299999999997 0.15625 0.548333 0.2475
18 0.435 0.88125 0.575 0.99875
18 0.443333 0.2475 0.55 0.33375
18 0.451667 0.0 0.563333 0.04875
18 0.708333 0.0 0.818333 0.04875
18 0.718333 0.15875 0.8283330000000001 0.22375
18 0.725 0.06375 0.8249999999999998 0.14125
18 0.7366670000000001 0.22625 0.8466670000000001 0.31125
18 0.75 0.45625 0.8816669999999999 0.5525
18 0.7600000000000001 0.60125 0.918333 0.685
18 0.795 0.7325 0.951667 0.825
18 0.806667 0.8825 0.968333 0.99875
