18 0.101 0.47226399999999996 0.275 0.953523
18 0.165 0.7961020000000002 0.417 0.995502
18 0.249 0.47226399999999996 0.455 0.964018
18 0.348 0.24887600000000001 0.513 0.445277
18 0.383 0.022489 0.65 0.316342
18 0.49 0.325337 0.592 0.433283
18 0.571 0.49925 0.714 0.755622
18 0.586 0.7061470000000001 0.802 0.932534
18 0.614 0.269865 0.733 0.41679199999999994
18 0.616 0.032984 0.708 0.251874
18 0.696 0.494753 0.854 0.710645
18 0.808 0.5727140000000001 0.912 0.802099
18 0.811 0.653673 0.984 0.998501
