18 0.5114380000000001 0.848039 0.637255 0.9950979999999999
18 0.323529 0.54085 0.53268 0.645425
18 0.32516300000000004 0.47385600000000005 0.526144 0.545752
18 0.35130700000000004 0.583333 0.49183000000000004 0.7336600000000001
18 0.35784299999999997 0.370915 0.550654 0.535948
18 0.397059 0.6323529999999999 0.5049020000000001 0.8382350000000001
18 0.403595 0.308824 0.5653590000000001 0.503268
18 0.470588 0.276144 0.596405 0.482026
18 0.501634 0.609477 0.616013 0.8447709999999999
18 0.570261 0.308824 0.660131 0.48366000000000003
18 0.596405 0.452614 0.7973859999999999 0.5718949999999999
18 0.599673 0.668301 0.710784 0.79085
18 0.614379 0.6323529999999999 0.772876 0.735294
18 0.6323529999999999 0.361111 0.7549020000000001 0.52451
18 0.635621 0.570261 0.781046 0.658497
