18 0.6225 0.11726099999999998 0.745 0.300188
18 0.1475 0.380863 0.361875 0.7232649999999999
18 0.14875 0.24014999999999997 0.28625 0.438086
18 0.19125 0.6848029999999999 0.28625 0.901501
18 0.220625 0.168856 0.323125 0.329268
18 0.23375 0.040338 0.3925 0.257974
18 0.28875 0.590056 0.534375 0.9399629999999999
18 0.311875 0.207317 0.49875 0.461538
18 0.365625 0.40619099999999997 0.49 0.58818
18 0.395 0.111632 0.45125 0.25422100000000003
18 0.45875 0.10225099999999998 0.615625 0.298311
18 0.463125 0.35741100000000003 0.6025 0.6153850000000001
18 0.50375 0.209193 0.670625 0.43245799999999995
18 0.523125 0.604128 0.74375 0.9399629999999999
18 0.59125 0.336773 0.76375 0.593809
18 0.669375 0.505629 0.80125 0.7842399999999999
