18 0.585938 0.496875 0.709375 0.604688
18 0.184375 0.37656300000000004 0.32656199999999996 0.46875
18 0.189063 0.510938 0.321875 0.601562
18 0.21875 0.579687 0.35625 0.714063
18 0.220313 0.285937 0.351562 0.3875
18 0.290625 0.428125 0.40625 0.510938
18 0.301562 0.253125 0.395312 0.321875
18 0.31875 0.635938 0.429688 0.765625
18 0.354688 0.501562 0.473437 0.6125
18 0.359375 0.30625 0.4375 0.409375
18 0.3625 0.201562 0.459375 0.321875
18 0.370313 0.43906300000000004 0.4625 0.521875
18 0.42031199999999996 0.323438 0.509375 0.457812
18 0.4375 0.667188 0.535937 0.778125
18 0.448438 0.489062 0.535937 0.567187
18 0.457812 0.560938 0.551562 0.673437
18 0.4625 0.417188 0.545313 0.492188
18 0.475 0.185937 0.560938 0.289062
18 0.48281199999999996 0.26875 0.582812 0.395312
18 0.5125 0.354688 0.604688 0.460938
18 0.517187 0.453125 0.632812 0.53125
18 0.525 0.659375 0.632812 0.773438
18 0.575 0.2125 0.678125 0.309375
18 0.603125 0.64375 0.707812 0.753125
18 0.60625 0.38125 0.695312 0.47031300000000004
18 0.628125 0.598437 0.7625 0.707812
18 0.66875 0.26718800000000004 0.765625 0.3625
18 0.696875 0.325 0.8234379999999999 0.425
18 0.698438 0.40781300000000004 0.835938 0.484375
18 0.7 0.557813 0.776563 0.646875
18 0.701563 0.495313 0.8375 0.5875
