18 0.03125 0.401563 0.098438 0.45468800000000004
18 0.042187999999999996 0.375 0.09375 0.414062
18 0.110937 0.253125 0.15625 0.296875
18 0.167187 0.1 0.228125 0.16406199999999999
18 0.190625 0.24375 0.229687 0.304688
18 0.217187 0.217187 0.257812 0.25625
18 0.221875 0.635938 0.271875 0.692187
18 0.2375 0.645312 0.375 0.778125
18 0.24375 0.060938 0.28281300000000004 0.085938
18 0.25 0.110937 0.289062 0.14375
18 0.2625 0.032812 0.309375 0.067188
18 0.375 0.76875 0.473437 0.8484370000000001
18 0.417188 0.3375 0.47031300000000004 0.4125
18 0.460938 0.29843800000000004 0.496875 0.351562
18 0.473437 0.171875 0.5125 0.203125
18 0.479688 0.129688 0.521875 0.173438
18 0.49375 0.0625 0.532812 0.109375
18 0.504687 0.176563 0.546875 0.215625
18 0.510938 0.0015630000000000002 0.51875 0.026563
18 0.523438 0.0 0.548437 0.026563
18 0.535937 0.064062 0.554688 0.090625
18 0.539062 0.176563 0.5625 0.215625
18 0.771875 0.092188 0.810938 0.139062
18 0.785937 0.05625 0.807813 0.084375
18 0.798437 0.125 0.85 0.170312
18 0.8265629999999999 0.082813 0.867188 0.145313
18 0.84375 0.204688 0.9203129999999999 0.289062
