18 0.405599 0.478516 0.632812 0.679688
18 0.161458 0.284505 0.343099 0.5201819999999999
18 0.238281 0.467448 0.434896 0.6621090000000001
18 0.28125 0.21093800000000001 0.351562 0.311849
18 0.311849 0.347656 0.467448 0.494792
18 0.31705700000000003 0.05859400000000001 0.505208 0.229818
18 0.330729 0.135417 0.5820310000000001 0.386719
18 0.466146 0.272135 0.654297 0.510417
18 0.501953 0.034505 0.657552 0.157552
18 0.503255 0.130208 0.63151 0.292969
18 0.592448 0.467448 0.7753909999999999 0.670573
18 0.611328 0.108073 0.7962239999999999 0.265625
18 0.654297 0.055339 0.8079430000000001 0.15625
18 0.7460939999999999 0.139323 0.929688 0.405599
