18 0.475625 0.190833 0.711875 0.424167
18 0.0225 0.20083299999999996 0.235625 0.445
18 0.02375 0.4075 0.21375 0.7033330000000001
18 0.048125 0.6675 0.273125 0.9425
18 0.105625 0.0175 0.31125 0.2575
18 0.18125 0.445 0.388125 0.753333
18 0.239375 0.188333 0.44 0.47916700000000007
18 0.280625 0.696667 0.498125 0.994167
18 0.295625 0.0 0.49875 0.23666700000000004
18 0.37125 0.414167 0.615625 0.7116669999999999
18 0.44625 0.688333 0.71125 0.994167
18 0.4975 0.0 0.70625 0.2225
18 0.630625 0.41583299999999995 0.968125 0.7633329999999999
18 0.6825 0.018333000000000002 0.895625 0.23666700000000004
18 0.6875 0.720833 0.926875 0.999167
18 0.699375 0.1675 0.96 0.44833300000000004
