18 0.20375 0.601667 0.3575 0.786667
18 0.0 0.506667 0.080625 0.5908329999999999
18 0.0 0.585833 0.095 0.715
18 0.025 0.608333 0.17125 0.7875
18 0.0275 0.434167 0.149375 0.5175
18 0.0975 0.429167 0.273125 0.61
18 0.149375 0.391667 0.231875 0.46916699999999995
18 0.21625 0.401667 0.2925 0.4875
18 0.2625 0.37916700000000003 0.356875 0.5375
18 0.28875 0.46916699999999995 0.429375 0.6425
18 0.3325 0.3825 0.386875 0.446667
18 0.348125 0.405 0.48875 0.5275
18 0.425625 0.584167 0.57125 0.755
18 0.44 0.4258330000000001 0.549375 0.49833299999999997
18 0.473125 0.47916700000000007 0.60875 0.611667
