18 0.651961 0.598039 0.960784 0.915033
18 0.089869 0.34313699999999997 0.289216 0.539216
18 0.09477100000000001 0.616013 0.276144 0.800654
18 0.24836599999999998 0.42483699999999996 0.393791 0.5669930000000001
18 0.253268 0.535948 0.36928099999999997 0.705882
18 0.261438 0.679739 0.5473859999999999 0.9705879999999999
18 0.382353 0.47222200000000003 0.521242 0.55719
18 0.470588 0.308824 0.594771 0.460784
18 0.48366000000000003 0.490196 0.611111 0.665033
18 0.6781050000000001 0.46241800000000005 0.833333 0.612745
