18 0.72 0.649907 0.836875 0.7662939999999998
18 0.01375 0.500931 0.129375 0.642458
18 0.035625 0.682495 0.134375 0.8119180000000001
18 0.1225 0.6517689999999999 0.21625 0.806331
18 0.131875 0.48323999999999995 0.21 0.624767
18 0.184375 0.8370580000000001 0.27125 0.9515830000000001
18 0.21 0.47020500000000004 0.286875 0.608007
18 0.21625 0.657356 0.301875 0.798883
18 0.27 0.8212290000000001 0.338125 0.9515830000000001
18 0.286875 0.45716899999999994 0.36875 0.5996279999999999
18 0.301875 0.626629 0.415 0.7718809999999999
18 0.338125 0.810056 0.451875 0.947858
18 0.37 0.47579099999999996 0.445625 0.5996279999999999
18 0.400625 0.31378 0.483125 0.43203
18 0.4075 0.050279000000000004 0.495625 0.135009
18 0.41375 0.17411500000000002 0.47 0.288641
18 0.41875 0.63594 0.490625 0.7541899999999999
18 0.441875 0.46275600000000006 0.550625 0.613594
18 0.450625 0.815642 0.538125 0.9320299999999999
18 0.465 0.172253 0.5325 0.296089
18 0.48125 0.34078200000000003 0.541875 0.43761600000000006
18 0.486875 0.630354 0.5675 0.7793300000000001
18 0.498125 0.048417 0.57 0.111732
18 0.5325 0.802607 0.62 0.9208569999999999
18 0.534375 0.181564 0.5825 0.294227
18 0.541875 0.32495300000000005 0.6125 0.439479
18 0.550625 0.44878999999999997 0.654375 0.60149
18 0.5725 0.19553099999999998 0.62 0.304469
18 0.57375 0.630354 0.649375 0.76257
18 0.585625 0.048417 0.66625 0.13314700000000002
18 0.61375 0.33705799999999997 0.706875 0.451583
18 0.615 0.817505 0.685 0.9227190000000001
18 0.62 0.206704 0.685 0.300745
18 0.644375 0.630354 0.725 0.744879
18 0.653125 0.46648 0.73375 0.60149
18 0.6725 0.064246 0.754375 0.148045
18 0.6825 0.191806 0.744375 0.302607
18 0.68625 0.806331 0.743125 0.9283049999999998
18 0.696875 0.33054 0.78 0.46275600000000006
18 0.7325 0.477654 0.83125 0.60987
18 0.743125 0.8119180000000001 0.805625 0.9283049999999998
18 0.748125 0.20298 0.804375 0.302607
18 0.756875 0.040968 0.84 0.148045
18 0.77625 0.35568 0.846875 0.46089399999999997
18 0.804375 0.22625699999999999 0.861875 0.32309099999999996
18 0.805625 0.823091 0.87875 0.9301679999999999
18 0.82875 0.477654 0.908125 0.617318
18 0.835 0.342644 0.903125 0.47020500000000004
18 0.841875 0.624767 0.9275 0.756983
18 0.843125 0.07914299999999999 0.894375 0.164804
18 0.863125 0.204842 0.93375 0.33054
18 0.903125 0.363128 0.965625 0.47206699999999996
18 0.911875 0.48510200000000003 0.975 0.608007
