18 0.271875 0.6425 0.3825 0.8083329999999999
18 0.0 0.564167 0.06 0.999167
18 0.1075 0.031667 0.209375 0.1975
18 0.125625 0.178333 0.21375 0.38000000000000006
18 0.166875 0.3225 0.270625 0.543333
18 0.18625 0.553333 0.285625 0.753333
18 0.19 0.7116669999999999 0.355625 0.999167
18 0.194375 0.07 0.284375 0.250833
18 0.22375 0.2025 0.33125 0.39666700000000005
18 0.235625 0.010833 0.363125 0.10916700000000001
18 0.279375 0.39666700000000005 0.3325 0.4883330000000001
18 0.2925 0.110833 0.389375 0.2675
18 0.314375 0.278333 0.41875 0.44166700000000003
18 0.351875 0.911667 0.44625 0.999167
18 0.355625 0.5 0.469375 0.695
18 0.395625 0.7141670000000001 0.431875 0.7741669999999999
18 0.4125 0.0 0.49 0.160833
18 0.42125 0.889167 0.495 0.999167
18 0.430625 0.655 0.545625 0.8775
18 0.439375 0.08833300000000001 0.53625 0.25416700000000003
18 0.455 0.8708329999999999 0.575 0.999167
18 0.464375 0.219167 0.583125 0.38999999999999996
18 0.49125 0.0 0.588125 0.16583299999999998
18 0.516875 0.41583299999999995 0.60625 0.6
18 0.53375 0.1475 0.624375 0.2675
18 0.546875 0.0 0.631875 0.143333
18 0.554375 0.291667 0.629375 0.388333
18 0.56875 0.585 0.670625 0.811667
18 0.594375 0.09749999999999999 0.67625 0.23333299999999998
18 0.6025 0.44833300000000004 0.661875 0.5675
18 0.60875 0.811667 0.740625 0.999167
18 0.61125 0.18000000000000002 0.725 0.40583300000000005
18 0.631875 0.5125 0.736875 0.669167
18 0.664375 0.410833 0.765 0.5225
18 0.666875 0.645 0.790625 0.885833
18 0.739375 0.535 0.83875 0.746667
18 0.790625 0.7158329999999999 0.900625 0.958333
