18 0.7041970000000001 0.3325 0.88434 0.465
18 0.157625 0.31 0.24462599999999998 0.373125
18 0.174002 0.45125 0.24667299999999998 0.51625
18 0.18526099999999998 0.33875 0.359263 0.471875
18 0.230297 0.46 0.39304 0.58125
18 0.264074 0.22625 0.33674499999999996 0.2925
18 0.348004 0.26875 0.518936 0.36625
18 0.351075 0.131875 0.515865 0.265
18 0.423746 0.028125 0.4872060000000001 0.0875
18 0.4933470000000001 0.06875 0.577277 0.149375
18 0.554759 0.253125 0.7420680000000001 0.341875
18 0.686796 0.528125 0.8597750000000001 0.601875
18 0.691914 0.458125 0.81781 0.541875
18 0.7533270000000001 0.24125 0.918117 0.3575
18 0.8679629999999999 0.3675 0.9744110000000001 0.476875
18 0.90174 0.224375 0.9856700000000002 0.340625
