18 0.271094 0.576172 0.395312 0.742188
18 0.13359400000000002 0.44238299999999997 0.29843800000000004 0.5898439999999999
18 0.158594 0.34375 0.2625 0.441406
18 0.2125 0.21581999999999998 0.324219 0.3125
18 0.228906 0.524414 0.321875 0.6660159999999999
18 0.277344 0.13281199999999999 0.374219 0.26074200000000003
18 0.395312 0.563477 0.51875 0.750977
18 0.44375 0.12793 0.542188 0.295898
18 0.507812 0.48925799999999997 0.632031 0.664062
18 0.5351560000000001 0.229492 0.678906 0.365234
18 0.538281 0.35644499999999996 0.680469 0.4912109999999999
