18 0.44166700000000003 0.246296 0.555556 0.34814799999999996
18 0.30138899999999996 0.196296 0.369444 0.257407
18 0.319444 0.166667 0.39722199999999996 0.275926
18 0.32361100000000004 0.259259 0.40555599999999997 0.4240739999999999
18 0.3625 0.27963000000000005 0.4375 0.43333299999999997
18 0.36527800000000005 0.140741 0.41805600000000004 0.266667
18 0.43472200000000005 0.12037000000000002 0.45277799999999996 0.166667
18 0.458333 0.32037 0.5194439999999999 0.462963
18 0.5013890000000001 0.124074 0.529167 0.155556
18 0.5236109999999999 0.311111 0.5805560000000001 0.466667
18 0.5611109999999999 0.22963000000000003 0.630556 0.335185
18 0.5875 0.118519 0.6430560000000001 0.26111100000000004
18 0.609722 0.31666700000000003 0.690278 0.446296
18 0.616667 0.16481500000000002 0.683333 0.27037
18 0.65 0.27037 0.718056 0.427778
18 0.658333 0.198148 0.75 0.292593
