18 0.06125 0.8199280000000001 0.15625 0.978391
18 0.0 0.7442979999999999 0.0825 0.95078
18 0.156875 0.0 0.246875 0.031211999999999997
18 0.161875 0.831933 0.25375 0.9988
18 0.243125 0.0 0.305625 0.11644700000000001
18 0.2475 0.8295319999999999 0.375625 0.9988
18 0.28375 0.0 0.325 0.031211999999999997
18 0.304375 0.0 0.394375 0.132053
18 0.365625 0.834334 0.4975 0.9988
18 0.38625 0.0 0.48125 0.036014
18 0.4925 0.77551 0.60375 0.9459780000000001
18 0.585625 0.697479 0.7025 0.864346
18 0.669375 0.593037 0.784375 0.7659060000000001
18 0.740625 0.4873949999999999 0.86875 0.632653
18 0.773125 0.0 0.80125 0.10684300000000001
18 0.779375 0.396158 0.886875 0.531813
18 0.789375 0.10324100000000001 0.86875 0.201681
18 0.790625 0.192077 0.890625 0.33013200000000004
18 0.8075 0.297719 0.8975 0.43337299999999995
