18 0.29 0.827392 0.3825 0.984991
18 0.120625 0.0 0.285 0.22514099999999998
18 0.13375 0.294559 0.323125 0.606004
18 0.1525 0.602251 0.3875 0.9990620000000001
18 0.29875 0.0 0.43875 0.18667899999999998
18 0.33625 0.24765500000000001 0.5475 0.549719
18 0.415625 0.540338 0.674375 0.959662
18 0.571875 0.19981200000000002 0.80375 0.4831140000000001
18 0.655 0.4577859999999999 0.91375 0.86773
18 0.721875 0.0 0.81375 0.100375
18 0.7525 0.168856 0.983125 0.45403399999999994
18 0.886875 0.41744799999999993 0.999375 0.7560979999999998
