18 0.42375 0.384444 0.48875 0.508889
18 0.0 0.184444 0.065 0.384444
18 0.0 0.442222 0.08125 0.764444
18 0.00625 0.0 0.15 0.162222
18 0.00625 0.175556 0.16625 0.408889
18 0.07875 0.48000000000000004 0.2075 0.813333
18 0.11125 0.20666700000000002 0.275 0.45111099999999993
18 0.20875 0.4888890000000001 0.3375 0.853333
18 0.2275 0.226667 0.38875 0.48000000000000004
18 0.33375 0.526667 0.47 0.904444
18 0.36 0.24666700000000003 0.52875 0.526667
18 0.44375 0.057777999999999996 0.57125 0.26
18 0.47875 0.5711109999999999 0.63875 0.9466670000000001
18 0.52125 0.26222199999999996 0.66625 0.555556
18 0.56375 0.062222 0.69125 0.273333
18 0.625 0.622222 0.79625 0.997778
18 0.6925 0.324444 0.8325 0.586667
18 0.70875 0.082222 0.82375 0.317778
18 0.80375 0.66 0.95375 0.997778
18 0.835 0.126667 0.945 0.328889
18 0.84375 0.337778 0.97875 0.64
