18 0.0025 0.44 0.08125 0.575833
18 0.03875 0.56 0.099375 0.629167
18 0.060625 0.613333 0.1975 0.794167
18 0.0675 0.4383329999999999 0.1825 0.615
18 0.088125 0.795833 0.171875 0.906667
18 0.15125 0.744167 0.27375 0.8991669999999999
18 0.16 0.570833 0.248125 0.740833
18 0.6875 0.091667 0.7775 0.245
18 0.73625 0.038333 0.833125 0.126667
18 0.78 0.085 0.903125 0.2775
18 0.785625 0.369167 0.875625 0.519167
18 0.8125 0.515833 0.92625 0.663333
18 0.84625 0.270833 0.950625 0.456667
18 0.870625 0.443333 0.938125 0.535833
