18 0.636 0.304029 0.771 0.413919
18 0.0 0.612637 0.07 0.71978
18 0.9380000000000001 0.30952399999999997 0.069 0.401099
18 0.012 0.201465 0.121 0.291209
18 0.138 0.809524 0.261 0.925824
18 0.193 0.19963399999999998 0.289 0.297619
18 0.218 0.283883 0.325 0.39652
18 0.229 0.5173989999999999 0.34 0.6163
18 0.248 0.8873629999999999 0.352 0.992674
18 0.348 0.30952399999999997 0.457 0.43131899999999995
18 0.348 0.173077 0.461 0.29304
18 0.391 0.700549 0.501 0.797619
18 0.555 0.48534799999999995 0.672 0.578755
18 0.759 0.0 0.853 0.025641000000000004
18 0.795 0.588828 0.895 0.688645
18 0.88 0.257326 0.995 0.372711
18 0.94 0.144689 0.999 0.263736
