18 0.20125 0.569167 0.305 0.7033330000000001
18 0.0 0.235833 0.02625 0.304167
18 0.0 0.180833 0.049375 0.23083299999999998
18 0.03125 0.23083299999999998 0.0725 0.299167
18 0.04 0.184167 0.088125 0.23416700000000001
18 0.0675 0.24749999999999997 0.091875 0.276667
18 0.0675 0.21666700000000003 0.099375 0.258333
18 0.21375 0.3825 0.279375 0.465833
18 0.22125 0.535833 0.28625 0.585833
18 0.226875 0.315833 0.278125 0.391667
18 0.268125 0.2775 0.313125 0.3225
18 0.269375 0.561667 0.346875 0.6375
18 0.2875 0.618333 0.3725 0.695833
18 0.309375 0.3675 0.391875 0.453333
18 0.310625 0.336667 0.36625 0.3775
18 0.313125 0.2775 0.40125 0.358333
18 0.36875 0.23916700000000002 0.43125 0.315
18 0.3725 0.388333 0.445 0.513333
18 0.378125 0.313333 0.47125 0.399167
18 0.391875 0.511667 0.463125 0.570833
18 0.391875 0.434167 0.485 0.511667
18 0.415625 0.215 0.47125 0.273333
18 0.43625 0.275 0.490625 0.356667
18 0.44375 0.358333 0.536875 0.471667
18 0.449375 0.189167 0.538125 0.253333
18 0.464375 0.22583300000000003 0.5475 0.33416700000000005
18 0.466875 0.49833299999999997 0.514375 0.611667
18 0.48375 0.318333 0.54625 0.390833
18 0.51125 0.345833 0.55375 0.42666699999999996
18 0.51375 0.184167 0.565625 0.245833
18 0.539375 0.1925 0.62375 0.244167
18 0.540625 0.294167 0.585 0.404167
18 0.545625 0.49333299999999997 0.586875 0.5775
18 0.579375 0.303333 0.659375 0.3975
18 0.611875 0.229167 0.6675 0.306667
18 0.625 0.244167 0.729375 0.31666700000000003
18 0.626875 0.393333 0.735625 0.4875
18 0.635 0.30833299999999997 0.70625 0.378333
18 0.68 0.34 0.770625 0.443333
18 0.715 0.668333 0.819375 0.7875
18 0.7225 0.275833 0.7525 0.315833
18 0.741875 0.31083299999999997 0.80125 0.3741670000000001
18 0.7575 0.6225 0.856875 0.729167
18 0.779375 0.5225 0.84375 0.625833
18 0.8025 0.539167 0.885625 0.689167
