18 0.003268 0.12418299999999999 0.042484 0.14869300000000002
18 0.022876 0.465686 0.086601 0.498366
18 0.027777999999999997 0.434641 0.10784300000000001 0.478758
18 0.093137 0.22712399999999996 0.147059 0.25816999999999996
18 0.09640499999999999 0.15196099999999998 0.142157 0.173203
18 0.098039 0.132353 0.145425 0.160131
18 0.11111099999999999 0.21568600000000002 0.158497 0.24183000000000002
18 0.114379 0.313726 0.155229 0.35130700000000004
18 0.12091500000000001 0.33660100000000004 0.166667 0.36928099999999997
18 0.14869300000000002 0.292484 0.196078 0.33169899999999997
18 0.160131 0.20915 0.196078 0.228758
18 0.168301 0.400327 0.22712399999999996 0.434641
18 0.20915 0.470588 0.281046 0.513072
18 0.21078400000000003 0.38071900000000003 0.254902 0.41993500000000006
18 0.21568600000000002 0.48692799999999997 0.292484 0.555556
18 0.22712399999999996 0.390523 0.281046 0.433007
18 0.230392 0.145425 0.27451 0.174837
18 0.238562 0.156863 0.284314 0.194444
18 0.281046 0.24836599999999998 0.326797 0.284314
18 0.29902 0.279412 0.34313699999999997 0.30719
18 0.308824 0.261438 0.37254899999999996 0.29085
18 0.33169899999999997 0.155229 0.37745100000000004 0.174837
18 0.33169899999999997 0.352941 0.40686300000000003 0.390523
18 0.333333 0.171569 0.38398699999999997 0.20261400000000002
18 0.34313699999999997 0.403595 0.408497 0.447712
18 0.354575 0.47385600000000005 0.41830100000000003 0.527778
18 0.359477 0.143791 0.410131 0.163399
18 0.364379 0.501634 0.434641 0.5669930000000001
18 0.39869299999999996 0.45915 0.460784 0.509804
18 0.45098 0.186275 0.5114380000000001 0.214052
18 0.45424799999999993 0.205882 0.513072 0.228758
18 0.5 0.302288 0.5718949999999999 0.33660100000000004
18 0.514706 0.285948 0.573529 0.308824
18 0.535948 0.583333 0.622549 0.6323529999999999
18 0.542484 0.552288 0.607843 0.593137
18 0.553922 0.16176500000000002 0.591503 0.19280999999999998
18 0.562092 0.40686300000000003 0.614379 0.449346
18 0.5653590000000001 0.28268000000000004 0.604575 0.305556
18 0.581699 0.147059 0.616013 0.179739
18 0.581699 0.428105 0.643791 0.47385600000000005
18 0.593137 0.379085 0.650327 0.428105
18 0.604575 0.158497 0.645425 0.187909
18 0.614379 0.20915 0.668301 0.23692800000000003
18 0.624183 0.220588 0.689542 0.261438
18 0.671569 0.509804 0.743464 0.558824
18 0.6781050000000001 0.12418299999999999 0.74183 0.156863
18 0.70098 0.490196 0.763072 0.5343140000000001
18 0.710784 0.156863 0.75817 0.18954200000000002
18 0.722222 0.320261 0.79902 0.36928099999999997
18 0.736928 0.20915 0.779412 0.23692800000000003
18 0.746732 0.5049020000000001 0.812092 0.558824
18 0.748366 0.230392 0.800654 0.261438
18 0.759804 0.32516300000000004 0.834967 0.374183
18 0.7614380000000001 0.196078 0.813725 0.228758
18 0.7679739999999999 0.36601300000000003 0.8251629999999999 0.393791
18 0.772876 0.604575 0.857843 0.656863
18 0.794118 0.6323529999999999 0.8856209999999999 0.710784
18 0.849673 0.45424799999999993 0.928105 0.498366
18 0.8839870000000001 0.158497 0.9248370000000001 0.187909
18 0.892157 0.25 0.955882 0.279412
18 0.8986930000000001 0.271242 0.9673200000000001 0.30392199999999997
18 0.901961 0.145425 0.9509799999999999 0.173203
18 0.903595 0.17810499999999999 0.9477120000000001 0.199346
18 0.903595 0.509804 0.964052 0.583333
18 0.952614 0.612745 0.998366 0.665033
18 0.980392 0.6617649999999999 0.998366 0.722222
18 0.988562 0.598039 0.998366 0.640523
