18 0.47385600000000005 0.647059 0.598039 0.787582
18 0.0 0.5882350000000001 0.117647 0.7320260000000001
18 0.017974 0.6486930000000001 0.163399 0.789216
18 0.308824 0.55719 0.408497 0.665033
18 0.426471 0.583333 0.5179739999999999 0.689542
18 0.513072 0.6013069999999999 0.616013 0.704248
18 0.6013069999999999 0.635621 0.679739 0.728758
18 0.671569 0.642157 0.805556 0.77451
18 0.673203 0.598039 0.787582 0.665033
18 0.763072 0.665033 0.9722219999999999 0.813725
18 0.77451 0.5882350000000001 0.9101309999999999 0.691176
18 0.877451 0.563725 0.990196 0.673203
