18 0.0 0.078333 0.161875 0.47916700000000007
18 0.0 0.012500000000000002 0.211875 0.470833
18 0.0 0.524167 0.218125 0.999167
18 0.0 0.510833 0.22125 0.91
18 0.081875 0.29 0.2525 0.638333
18 0.103125 0.0 0.27875 0.2225
18 0.131875 0.7325 0.438125 0.999167
18 0.13625 0.701667 0.430625 0.999167
18 0.145 0.0 0.545625 0.3075
18 0.201875 0.223333 0.63875 0.783333
18 0.214375 0.0 0.54375 0.30583299999999997
18 0.43375 0.8424999999999999 0.73875 0.999167
18 0.434375 0.855 0.65375 0.999167
18 0.466875 0.49833299999999997 0.88 0.999167
18 0.47 0.49499999999999994 0.876875 0.999167
18 0.5 0.0 0.86 0.224167
18 0.5225 0.0 0.858125 0.23
18 0.548125 0.20083299999999996 0.84375 0.586667
18 0.555625 0.214167 0.925 0.584167
18 0.77125 0.270833 0.999375 0.59
18 0.821875 0.9425 0.999375 0.999167
18 0.8225 0.9441669999999999 0.996875 0.999167
18 0.828125 0.556667 0.999375 0.979167
18 0.831875 0.556667 0.999375 0.9975
18 0.834375 0.0058330000000000005 0.999375 0.296667
18 0.83625 0.010833 0.999375 0.31916700000000003
18 0.84875 0.285 0.9975 0.574167
