18 0.0 0.738125 0.069257 0.83
18 0.0 0.69 0.08277000000000001 0.753125
18 0.0 0.2975 0.10641899999999999 0.41375
18 0.0 0.816875 0.110642 0.9275
18 0.0 0.570625 0.133446 0.673125
18 0.0 0.4375 0.168074 0.5675
18 0.0 0.1125 0.170608 0.34875
18 0.006756999999999999 0.006875 0.179899 0.146875
18 0.050676 0.915625 0.170608 0.999375
18 0.05320900000000001 0.735625 0.242399 0.8875
18 0.080236 0.650625 0.271959 0.75125
18 0.12668900000000002 0.045 0.404561 0.18625
18 0.142736 0.929375 0.341216 0.999375
18 0.142736 0.0 0.359797 0.07875
18 0.147804 0.535 0.346284 0.659375
18 0.14949300000000001 0.25625 0.495777 0.51625
18 0.152027 0.439375 0.391892 0.54
18 0.15456099999999998 0.183125 0.46875 0.343125
18 0.175676 0.75125 0.380912 0.964375
18 0.26773600000000003 0.920625 0.35557400000000006 0.999375
18 0.290541 0.8125 0.45270299999999997 0.976875
18 0.341216 0.486875 0.519426 0.626875
18 0.341216 0.615 0.55152 0.784375
18 0.346284 0.0 0.563345 0.145
18 0.362331 0.929375 0.576858 0.999375
18 0.36486500000000005 0.75875 0.532939 0.849375
18 0.42651999999999995 0.07375 0.6689189999999999 0.3025
18 0.443412 0.41375 0.627534 0.52625
18 0.461149 0.80625 0.6342909999999999 0.955
18 0.472973 0.1925 0.7018580000000001 0.4725
18 0.48479700000000003 0.548125 0.639358 0.69
18 0.55152 0.729375 0.657939 0.821875
18 0.581926 0.86625 0.7111490000000001 0.980625
18 0.583615 0.953125 0.7939189999999999 0.999375
18 0.5886819999999999 0.73625 0.837838 0.919375
18 0.595439 0.63875 0.777872 0.7825
18 0.618243 0.06125 0.9391889999999999 0.3175
18 0.623311 0.449375 0.9028719999999999 0.70875
18 0.715372 0.003125 0.978885 0.11875
18 0.724662 0.849375 0.8952700000000001 0.999375
18 0.724662 0.201875 0.9991549999999999 0.38625
18 0.7457770000000001 0.36875 0.9991549999999999 0.53625
18 0.831081 0.906875 0.951014 0.999375
18 0.835304 0.70875 0.9991549999999999 0.8575
18 0.8792229999999999 0.5875 0.9991549999999999 0.7725
18 0.945946 0.091875 0.9991549999999999 0.20625
