18 0.0 0.62 0.078125 0.87
18 0.0 0.3875 0.08875 0.6325
18 0.0 0.9175 0.110625 0.999167
18 0.0 0.0 0.999375 0.999167
18 0.0025 0.014166999999999999 0.0775 0.246667
18 0.005 0.145 0.1175 0.3
18 0.019375 0.0 0.1175 0.131667
18 0.04125 0.725 0.178125 0.9075000000000001
18 0.07625 0.010833 0.18125 0.23
18 0.08 0.24 0.200625 0.4675
18 0.0825 0.393333 0.245625 0.529167
18 0.140625 0.0 0.26 0.1025
18 0.16125 0.9641670000000001 0.218125 0.999167
18 0.165625 0.19000000000000003 0.30125 0.31416700000000003
18 0.166875 0.5966670000000001 0.35 0.7775
18 0.18375 0.085 0.284375 0.20583300000000002
18 0.185625 0.7458329999999999 0.371875 0.999167
18 0.22 0.2675 0.38375 0.420833
18 0.22375 0.38999999999999996 0.363125 0.580833
18 0.250625 0.0 0.323125 0.091667
18 0.26375 0.078333 0.35125 0.283333
18 0.3075 0.519167 0.471875 0.6925
18 0.31 0.0 0.4275 0.086667
18 0.34 0.059167 0.438125 0.186667
18 0.3475 0.19000000000000003 0.434375 0.395
18 0.3625 0.715 0.529375 0.999167
18 0.366875 0.408333 0.505 0.524167
18 0.4175 0.0 0.5025 0.086667
18 0.438125 0.2175 0.526875 0.360833
18 0.446875 0.065833 0.54375 0.191667
18 0.45375 0.491667 0.57 0.7741669999999999
18 0.46 0.31083299999999997 0.590625 0.465833
18 0.49125 0.0 0.58375 0.085
18 0.50625 0.031667 0.62 0.16916699999999998
18 0.510625 0.17416700000000004 0.629375 0.345
18 0.5125 0.7633329999999999 0.63 0.9975
18 0.5375 0.44166700000000003 0.633125 0.5775
18 0.565625 0.611667 0.685 0.803333
18 0.565625 0.298333 0.74125 0.45833299999999993
18 0.585 0.0 0.680625 0.093333
18 0.603125 0.09666699999999999 0.7 0.219167
18 0.61 0.1225 0.7275 0.348333
18 0.61375 0.408333 0.750625 0.595
18 0.62625 0.8058330000000001 0.74 0.999167
18 0.680625 0.026667000000000007 0.77125 0.148333
18 0.7025 0.525833 0.830625 0.768333
18 0.714375 0.0 0.80125 0.0625
18 0.715 0.7325 0.890625 0.990833
18 0.7275 0.1575 0.85375 0.37083299999999997
18 0.791875 0.0 0.89625 0.0675
18 0.80375 0.346667 0.899375 0.47916700000000007
18 0.804375 0.650833 0.93625 0.835
18 0.8125 0.4825 0.993125 0.6825
18 0.814375 0.07083300000000001 0.983125 0.240833
18 0.863125 0.320833 0.999375 0.511667
18 0.875625 0.6975000000000001 0.999375 0.9508329999999999
18 0.87875 0.274167 0.999375 0.3825
18 0.92875 0.453333 0.999375 0.6325
18 0.953125 0.0 0.999375 0.078333
18 0.96 0.186667 0.999375 0.325833
