18 0.411488 0.73625 0.751412 0.900625
18 0.143126 0.566875 0.46233500000000005 0.703125
18 0.147834 0.619375 0.45951000000000003 0.84875
18 0.209981 0.035625 0.8022600000000001 0.311875
18 0.37758899999999995 0.5275 0.631827 0.64375
18 0.382298 0.379375 0.747646 0.541875
18 0.38794700000000004 0.285 0.640301 0.414375
18 0.43408700000000006 0.63 0.616761 0.73375
18 0.557439 0.554375 0.774011 0.695
18 0.570621 0.353125 0.774011 0.43
18 0.59322 0.69125 0.8634649999999998 0.83125
18 0.649718 0.3275 0.8427500000000001 0.3875
18 0.673258 0.435 0.9048959999999999 0.568125
18 0.678908 0.61625 0.907721 0.71875
18 0.747646 0.366875 0.967043 0.465625
