18 0.64 0.534728 0.821875 0.727197
18 0.0 0.635983 0.061875 0.969875
18 0.0 0.235146 0.090625 0.31046
18 0.04 0.178243 0.12625 0.27615100000000004
18 0.11875 0.7807529999999999 0.4225 0.999163
18 0.155 0.580753 0.21625 0.722176
18 0.2475 0.164017 0.369375 0.269456
18 0.24875 0.09539700000000001 0.3 0.155649
18 0.309375 0.010879 0.396875 0.062762
18 0.33 0.12468599999999999 0.456875 0.25523
18 0.39 0.014225999999999999 0.484375 0.076151
18 0.410625 0.100418 0.50875 0.19330499999999998
18 0.43125 0.7874479999999999 0.580625 0.896234
18 0.441875 0.167364 0.531875 0.248536
18 0.445625 0.8460249999999999 0.626875 0.999163
18 0.498125 0.5464439999999999 0.586875 0.7012550000000001
18 0.549375 0.625941 0.735 0.8652719999999999
18 0.616875 0.8928870000000001 0.718125 0.9907950000000001
18 0.671875 0.7255229999999999 0.891875 0.9807530000000001
18 0.756875 0.019247 0.849375 0.08870300000000002
18 0.760625 0.170711 0.881875 0.24184099999999997
18 0.796875 0.646025 0.9175 0.754812
18 0.848125 0.10711300000000003 0.944375 0.20920500000000003
18 0.86375 0.7648540000000001 0.999375 0.9807530000000001
18 0.91125 0.12133900000000003 0.999375 0.2159
18 0.9225 0.42091999999999996 0.99625 0.574059
