18 0.184375 0.7282850000000001 0.279375 0.873051
18 0.0 0.314031 0.01875 0.395323
18 0.0 0.085746 0.03125 0.19265
18 0.0 0.42984399999999995 0.053125 0.566815
18 0.0 0.530067 0.086875 0.708241
18 0.64 0.197105 0.053125 0.27060100000000004
18 0.0175 0.260579 0.099375 0.39755
18 0.02375 0.64055 0.099375 0.11024500000000001
18 0.03375 0.11247200000000002 0.088125 0.179287
18 0.045625 0.6236079999999999 0.141875 0.804009
18 0.048125 0.375278 0.12 0.49443200000000004
18 0.06125 0.4888640000000001 0.1275 0.577951
18 0.06875 0.135857 0.156875 0.260579
18 0.089375 0.06904199999999999 0.135 0.140312
18 0.096875 0.26614699999999997 0.16875 0.393096
18 0.104375 0.536748 0.17875 0.67706
18 0.109375 0.731626 0.199375 0.8864139999999999
18 0.115 0.407572 0.199375 0.540089
18 0.12375 0.0 0.17625 0.071269
18 0.13625 0.06904199999999999 0.196875 0.179287
18 0.155625 0.6213810000000001 0.225 0.756125
18 0.160625 0.160356 0.235 0.25835199999999997
18 0.161875 0.272829 0.23 0.393096
18 0.18125 0.46659199999999995 0.258125 0.616926
18 0.195625 0.64055 0.253125 0.092428
18 0.210625 0.361915 0.275 0.479955
18 0.2225 0.075724 0.28625 0.19933199999999998
18 0.225 0.206013 0.31875 0.33407600000000004
18 0.2325 0.577951 0.311875 0.722717
18 0.259375 0.64055 0.32125 0.075724
18 0.2725 0.41648100000000005 0.358125 0.569042
18 0.28625 0.64588 0.38125 0.8452120000000001
18 0.293125 0.05902 0.361875 0.19376400000000002
18 0.299375 0.301782 0.364375 0.42093500000000006
18 0.314375 0.51559 0.38375 0.654788
18 0.32375 0.181514 0.396875 0.30400900000000003
18 0.33 0.0 0.414375 0.087973
18 0.360625 0.40423200000000004 0.42375 0.504454
18 0.363125 0.253898 0.454375 0.39755
18 0.366875 0.07795099999999999 0.4425 0.187082
18 0.38125 0.5089090000000001 0.456875 0.6236079999999999
18 0.38375 0.6436529999999999 0.4725 0.7828510000000001
18 0.39125 0.154788 0.47875 0.25835199999999997
18 0.42875 0.016704 0.4925 0.09465499999999999
18 0.43625 0.427617 0.506875 0.512249
18 0.448125 0.297327 0.513125 0.41648100000000005
18 0.458125 0.482183 0.559375 0.632517
18 0.465625 0.09688200000000001 0.520625 0.197105
18 0.469375 0.197105 0.52625 0.301782
18 0.49375 0.0 0.5775 0.101336
18 0.504375 0.336303 0.599375 0.479955
18 0.5275 0.06236099999999999 0.616875 0.21492199999999997
18 0.53375 0.201559 0.621875 0.349666
