18 0.0 0.44375000000000003 0.050832999999999996 0.655
18 0.0 0.7 0.151667 0.99875
18 0.009167 0.052500000000000005 0.154167 0.4325
18 0.039167 0.415 0.225833 0.67875
18 0.1175 0.8250000000000001 0.375833 0.99875
18 0.118333 0.00875 0.28 0.185
18 0.1425 0.14375 0.349167 0.4375
18 0.1775 0.395 0.394167 0.81375
18 0.265833 0.0075 0.389167 0.285
18 0.286667 0.79625 0.515833 0.99875
18 0.3525 0.0 0.5283329999999999 0.18
18 0.355 0.18375 0.47 0.37749999999999995
18 0.3825 0.36875 0.544167 0.89125
18 0.4125 0.04875 0.554167 0.32125
18 0.483333 0.82 0.6625 0.99875
18 0.5 0.0 0.69 0.235
18 0.509167 0.285 0.755833 0.7537499999999999
18 0.525833 0.645 0.834167 0.99875
18 0.6525 0.02375 0.9175 0.33875
18 0.7975 0.65125 0.999167 0.99875
18 0.8 0.52 0.983333 0.7825
18 0.816667 0.1625 0.999167 0.5275
