18 0.53125 0.607813 0.66875 0.732813
18 0.185937 0.621875 0.34375 0.739062
18 0.201562 0.642187 0.38906199999999996 0.764063
18 0.204688 0.490625 0.29843800000000004 0.63125
18 0.229687 0.542188 0.36093800000000004 0.676562
18 0.232812 0.65625 0.40625 0.782812
18 0.35 0.504687 0.4875 0.628125
18 0.35781199999999996 0.55 0.526563 0.651563
18 0.40468699999999996 0.6375 0.521875 0.778125
18 0.42031199999999996 0.610937 0.5375 0.751562
18 0.43125 0.421875 0.523438 0.560938
18 0.50625 0.48593800000000004 0.540625 0.589063
18 0.529688 0.492188 0.584375 0.6625
18 0.53125 0.720312 0.626562 0.795313
18 0.545313 0.429688 0.6375 0.592188
18 0.571875 0.748438 0.66875 0.840625
18 0.604688 0.460938 0.664062 0.617188
18 0.676562 0.640625 0.75625 0.8453120000000001
