18 0.56125 0.45439300000000005 0.67875 0.556485
18 0.15375 0.47782399999999997 0.268125 0.650209
18 0.16875 0.338075 0.229375 0.401674
18 0.17125 0.39665300000000003 0.25875 0.496234
18 0.221875 0.358996 0.30125 0.43765699999999996
18 0.325625 0.410042 0.443125 0.497908
18 0.351875 0.496234 0.411875 0.622594
18 0.444375 0.293724 0.531875 0.380753
18 0.456875 0.38661100000000004 0.52625 0.486192
18 0.501875 0.23096200000000003 0.544375 0.269456
18 0.515 0.11966500000000001 0.589375 0.160669
18 0.530625 0.32970700000000003 0.623125 0.4635979999999999
18 0.59625 0.293724 0.65 0.37405900000000003
18 0.630625 0.23096200000000003 0.73625 0.32636
18 0.676875 0.27113000000000004 0.79 0.353975
18 0.69125 0.42594099999999996 0.844375 0.593305
18 0.74375 0.348117 0.825 0.42091999999999996
18 0.754375 0.232636 0.845625 0.303766
18 0.795625 0.27782399999999996 0.88 0.360669
18 0.808125 0.328033 0.934375 0.45857700000000007
