18 0.214844 0.7188869999999999 0.334961 0.9311860000000001
18 0.10351600000000001 0.4275260000000001 0.207031 0.568082
18 0.292969 0.5461199999999999 0.382812 0.644217
18 0.320312 0.68082 0.42480500000000004 0.8506589999999999
18 0.371094 0.5139090000000001 0.449219 0.614934
18 0.43456999999999996 0.48462700000000003 0.547852 0.6500729999999999
18 0.56543 0.5270859999999999 0.676758 0.674963
18 0.6777340000000001 0.46559300000000003 0.803711 0.5973649999999999
18 0.7714840000000001 0.698389 0.8876950000000001 0.918009
18 0.788086 0.480234 0.858398 0.6310399999999999
18 0.8525389999999999 0.47437799999999997 0.969727 0.625183
18 0.894531 0.689605 0.999023 0.874085
