18 0.176875 0.639744 0.745625 0.523333
18 0.0 0.0 0.1775 0.086667
18 0.0 0.05416699999999999 0.22375 0.35416700000000007
18 0.0 0.375 0.24625 0.775833
18 0.01625 0.660833 0.225625 0.880833
18 0.0575 0.896667 0.1675 0.999167
18 0.17375 0.769167 0.414375 0.999167
18 0.188125 0.4366670000000001 0.535625 0.9308330000000001
18 0.4 0.564167 0.56 0.920833
18 0.465625 0.7725 0.70375 0.999167
18 0.5575 0.446667 0.93375 0.963333
18 0.578125 0.37083299999999997 0.66375 0.515833
18 0.61625 0.3025 0.77 0.44833300000000004
18 0.691875 0.893333 0.8725 0.999167
18 0.698125 0.0 0.999375 0.1475
18 0.704375 0.19499999999999998 0.999375 0.806667
18 0.825 0.753333 0.999375 0.999167
