8 0.0 0.591146 0.192383 0.83724
8 0.0 0.145833 0.193359 0.428385
8 0.013672 0.419271 0.14843800000000001 0.576823
8 0.015625 0.8320310000000001 0.170898 0.998698
8 0.017578 0.0 0.166992 0.16276
8 0.09765599999999999 0.299479 0.31543000000000004 0.576823
8 0.11035199999999999 0.726562 0.32617199999999996 0.998698
8 0.14843800000000001 0.0 0.302734 0.161458
8 0.152344 0.091146 0.31054699999999996 0.166667
8 0.191406 0.251302 0.324219 0.440104
8 0.193359 0.657552 0.318359 0.804688
8 0.28320300000000004 0.0 0.322266 0.026042
8 0.321289 0.0 0.488281 0.088542
8 0.324219 0.584635 0.517578 0.848958
8 0.332031 0.075521 0.512695 0.307292
8 0.332031 0.316406 0.523438 0.554688
8 0.360352 0.8554689999999999 0.45800799999999997 0.998698
8 0.37793000000000004 0.283854 0.5214840000000001 0.415365
8 0.431641 0.81901 0.658203 0.998698
8 0.47363299999999997 0.0 0.651367 0.14974
8 0.48730500000000004 0.166667 0.673828 0.38541700000000007
8 0.50293 0.38541700000000007 0.655273 0.541667
8 0.512695 0.559896 0.705078 0.8255209999999998
8 0.515625 0.7695310000000001 0.6679689999999999 0.885417
8 0.663086 0.019531 0.8261719999999999 0.13151
8 0.664062 0.0 0.8085939999999999 0.03125
8 0.669922 0.109375 0.878906 0.3736979999999999
8 0.6972659999999999 0.514323 0.9033200000000001 0.798177
8 0.701172 0.33854200000000007 0.8378909999999999 0.402344
8 0.702148 0.367188 0.8339840000000001 0.545573
8 0.7148439999999999 0.791667 0.8994139999999999 0.998698
8 0.796875 0.0 0.8378909999999999 0.044271
8 0.8085939999999999 0.0 0.9755860000000001 0.141927
8 0.8222659999999999 0.33854200000000007 0.999023 0.585938
8 0.838867 0.15625 0.985352 0.38020799999999993
8 0.864258 0.635417 0.999023 0.875
8 0.8974610000000001 0.7838540000000002 0.999023 0.998698
