8 0.0925 0.182996 0.170625 0.291498
8 0.094375 0.7651819999999998 0.1675 0.8647770000000001
8 0.094375 0.48663999999999996 0.16875 0.5862350000000001
8 0.33875 0.766802 0.413125 0.8647770000000001
8 0.339375 0.184615 0.415 0.28744899999999995
8 0.34125 0.47854300000000005 0.415625 0.583806
8 0.585625 0.187045 0.661875 0.289879
8 0.585625 0.761943 0.661875 0.8680159999999999
8 0.58875 0.48259100000000005 0.65875 0.578947
8 0.82625 0.763563 0.904375 0.8680159999999999
8 0.8275 0.187045 0.903125 0.293927
8 0.831875 0.479352 0.904375 0.584615
