8 0.0 0.392732 0.008594 0.423212
8 0.0 0.467761 0.022656 0.497069
8 0.799744 0.196952 0.027344 0.235639
8 0.004688 0.9284879999999999 0.06640599999999999 0.9988279999999999
8 0.07421900000000001 0.508793 0.196875 0.684642
8 0.07890599999999999 0.7667060000000001 0.20625 0.9437279999999999
8 0.175781 0.6483 0.296875 0.838218
8 0.175781 0.46658799999999995 0.3125 0.654162
8 0.201562 0.8147709999999999 0.24296900000000002 0.903869
8 0.223438 0.270809 0.344531 0.41383400000000004
8 0.334375 0.32121900000000003 0.44296899999999995 0.49003500000000005
8 0.507031 0.274326 0.5976560000000001 0.4314189999999999
8 0.536719 0.7221569999999999 0.639063 0.9554510000000002
8 0.579687 0.398593 0.620313 0.449004
8 0.592188 0.280188 0.696875 0.440797
8 0.635938 0.538101 0.667188 0.592028
8 0.669531 0.282532 0.736719 0.410317
8 0.6875 0.151231 0.794531 0.32121900000000003
8 0.723437 0.85932 0.750781 0.8991790000000001
8 0.732813 0.9015240000000001 0.745313 0.9284879999999999
8 0.734375 0.7889800000000001 0.748438 0.803048
8 0.734375 0.671747 0.749219 0.7057439999999999
8 0.746875 0.9753809999999999 0.782812 0.9988279999999999
8 0.752344 0.851114 0.764844 0.8991790000000001
8 0.753125 0.750293 0.775 0.7854630000000001
8 0.766406 0.41383400000000004 0.85625 0.502931
8 0.785937 0.139508 0.903906 0.317702
8 0.8164060000000001 0.862837 0.847656 0.8933180000000001
8 0.830469 0.622509 0.861719 0.6729189999999999
8 0.8523440000000001 0.9402110000000001 0.8835940000000001 0.994138
8 0.909375 0.21101999999999999 0.9992190000000001 0.38687000000000005
