8 0.17 0.890625 0.328333 1.0
8 0.071667 0.865625 0.21083299999999996 0.95125
8 0.180833 0.72875 0.3675 0.800625
8 0.215 0.8175 0.38166700000000003 0.894375
8 0.263333 0.735625 0.3633330000000001 0.84875
8 0.5725 0.558125 0.639167 0.665625
8 0.595833 0.708125 0.7233329999999999 0.9
8 0.620833 0.575 0.705 0.650625
8 0.625 0.646875 0.7233329999999999 0.708125
8 0.7075 0.670625 0.8850000000000001 0.77
8 0.716667 0.879375 0.9441669999999999 0.95125
8 0.750833 0.95125 0.871667 0.999375
8 0.896667 0.954375 0.999167 0.999375
