8 0.4475 0.76 0.604167 0.866875
8 0.08749999999999998 0.1975 0.561667 0.33625
8 0.101667 0.646875 0.12166700000000001 0.68625
8 0.103333 0.48625 0.12416700000000001 0.516875
8 0.108333 0.516875 0.126667 0.534375
8 0.108333 0.088125 0.513333 0.20625
8 0.1125 0.69125 0.12416700000000001 0.715
8 0.12416700000000001 0.025 0.20583300000000002 0.091875
8 0.126667 0.814375 0.149167 0.855625
8 0.126667 0.875625 0.1625 0.926875
8 0.14666700000000002 0.334375 0.43583299999999997 0.595625
8 0.149167 0.930625 0.188333 0.96125
8 0.23083299999999998 0.609375 0.555 0.8675
8 0.283333 0.93875 0.513333 0.999375
8 0.358333 0.010625 0.42250000000000004 0.041875
8 0.425 0.381875 0.531667 0.515625
8 0.4475 0.046875 0.456667 0.060625
8 0.49583299999999997 0.954375 0.620833 0.999375
8 0.5175 0.0 0.554167 0.01625
8 0.535833 0.068125 0.5425 0.075
8 0.5425 0.07 0.551667 0.080625
8 0.545 0.00375 0.568333 0.0175
8 0.5525 0.285 0.999167 0.590625
8 0.555 0.565 0.999167 0.82125
8 0.556667 0.07875 0.565833 0.095625
8 0.563333 0.090625 0.581667 0.100625
8 0.68 0.889375 0.814167 0.95125
8 0.695833 0.116875 0.7116669999999999 0.130625
8 0.695833 0.12875 0.7116669999999999 0.13875
8 0.7116669999999999 0.043125 0.966667 0.11
8 0.725 0.131875 0.740833 0.145625
8 0.750833 0.93375 0.9508329999999999 0.999375
8 0.775833 0.833125 0.91 0.940625
8 0.805 0.165625 0.834167 0.19625
8 0.843333 0.18125 0.8575 0.195
8 0.8483329999999999 0.18625 0.8708329999999999 0.205
8 0.855 0.828125 0.999167 0.978125
8 0.871667 0.161875 0.9899999999999999 0.2525
