8 0.031045999999999997 0.25816999999999996 0.063725 0.300654
8 0.04085 0.23692800000000003 0.086601 0.269608
8 0.04085 0.42973900000000004 0.156863 0.555556
8 0.068627 0.269608 0.10784300000000001 0.29738600000000004
8 0.168301 0.20098 0.20098 0.220588
8 0.18954200000000002 0.542484 0.50817 0.8415030000000001
8 0.196078 0.379085 0.367647 0.506536
8 0.205882 0.194444 0.23692800000000003 0.212418
8 0.279412 0.78268 0.33169899999999997 0.8415030000000001
8 0.284314 0.119281 0.468954 0.261438
8 0.30719 0.305556 0.665033 0.544118
8 0.521242 0.48529399999999995 0.8627450000000001 0.74183
8 0.53268 0.17647100000000002 0.8513069999999999 0.390523
8 0.800654 0.341503 0.964052 0.5
