8 0.480392 0.117647 0.642157 0.251634
8 0.037582 0.563725 0.091503 0.593137
8 0.045752 0.859477 0.12418299999999999 0.9248370000000001
8 0.10130700000000001 0.47385600000000005 0.171569 0.514706
8 0.17647100000000002 0.586601 0.23365999999999998 0.650327
8 0.310458 0.25816999999999996 0.446078 0.400327
8 0.405229 0.545752 0.542484 0.6846409999999999
8 0.408497 0.643791 0.550654 0.7450979999999999
8 0.447712 0.449346 0.573529 0.5669930000000001
8 0.526144 0.6699350000000001 0.581699 0.728758
8 0.5882350000000001 0.707516 0.650327 0.779412
8 0.651961 0.401961 0.74183 0.514706
8 0.687908 0.640523 0.821895 0.77451
8 0.748366 0.40686300000000003 0.856209 0.519608
8 0.821895 0.143791 0.900327 0.197712
8 0.833333 0.212418 0.9215690000000001 0.294118
8 0.8643790000000001 0.199346 0.941176 0.263072
