8 0.163125 0.7175 0.290625 0.8175
8 0.0 0.22125 0.960625 0.428125
8 0.0 0.2575 0.984375 0.650625
8 0.051875 0.28125 0.999375 0.823125
8 0.321875 0.89125 0.475625 0.999375
8 0.43625 0.856875 0.46875 0.8725
8 0.466875 0.83625 0.51125 0.874375
8 0.4925 0.804375 0.53375 0.84875
8 0.51625 0.763125 0.54875 0.800625
8 0.555625 0.7425 0.606875 0.795625
8 0.585 0.711875 0.6225 0.74625
8 0.6225 0.695 0.663125 0.7375
8 0.68375 0.544375 0.820625 0.69125
8 0.829375 0.450625 0.899375 0.558125
8 0.9075 0.435 0.918125 0.455625
8 0.9075 0.425 0.923125 0.436875
8 0.919375 0.435 0.933125 0.44875
