8 0.01 0.489816 0.071875 0.559651
8 0.0125 0.752667 0.028125 0.7740060000000001
8 0.04375 0.726479 0.11125 0.802134
8 0.069375 0.8981570000000001 0.124375 0.9815709999999999
8 0.1 0.311348 0.14875 0.385063
8 0.115 0.782735 0.16875 0.8516
8 0.143125 0.32298699999999997 0.2075 0.412221
8 0.171875 0.766246 0.194375 0.822502
8 0.191875 0.7546069999999999 0.238125 0.824442
8 0.195625 0.822502 0.233125 0.875849
8 0.21625 0.258972 0.25125 0.324927
8 0.240625 0.311348 0.290625 0.383123
8 0.25125 0.233754 0.3075 0.326867
8 0.32375 0.627546 0.37375 0.696411
8 0.376875 0.603298 0.42 0.686712
8 0.378125 0.450049 0.42125 0.523763
8 0.433125 0.523763 0.465 0.580019
8 0.47125 0.36857399999999996 0.5175 0.43453
8 0.47625 0.654704 0.5125 0.699321
8 0.488125 0.782735 0.51625 0.8137730000000001
8 0.533125 0.7342390000000001 0.8225 0.99903
8 0.72125 0.41416099999999995 0.76375 0.48399600000000004
8 0.86125 0.704171 0.905 0.764306
