8 0.80375 0.635084 0.925625 0.803002
8 0.0 0.699812 0.035 0.7898689999999999
8 0.021875 0.37992500000000007 0.069375 0.409006
8 0.058125 0.39211999999999997 0.09375 0.447467
8 0.071875 0.4606 0.119375 0.516886
8 0.08125 0.403377 0.135 0.46529099999999995
8 0.14125 0.8536590000000001 0.19375 0.932458
8 0.154375 0.7242029999999999 0.208125 0.803002
8 0.174375 0.42213900000000004 0.24125 0.500938
8 0.18375 0.791745 0.2475 0.876173
8 0.209375 0.6913699999999999 0.264375 0.7682929999999999
8 0.214375 0.37242 0.276875 0.447467
8 0.221875 0.47279499999999997 0.29375 0.545966
8 0.256875 0.407129 0.314375 0.493433
8 0.479375 0.61257 0.565625 0.7439020000000001
8 0.529375 0.8011259999999999 0.633125 0.9568479999999999
8 0.5475 0.46529099999999995 0.623125 0.5394
8 0.6925 0.381801 0.75125 0.447467
8 0.70625 0.315197 0.765 0.393996
8 0.735625 0.399625 0.81375 0.47654799999999997
8 0.738125 0.605066 0.80875 0.7185739999999999
8 0.80875 0.393996 0.86875 0.462477
8 0.90625 0.63227 0.996875 0.7626639999999999
8 0.91625 0.30675399999999997 0.994375 0.38367699999999993
8 0.91875 0.35741100000000003 0.965 0.438086
8 0.96375 0.33771100000000004 0.999375 0.424015
8 0.9675 0.42682899999999996 0.999375 0.470919
8 0.993125 0.326454 0.999375 0.33958699999999997
