8 0.0 0.158333 0.02875 0.219167
8 0.058125 0.7116669999999999 0.0775 0.735833
8 0.08 0.715 0.11125 0.735833
8 0.090625 0.6875 0.115 0.715
8 0.091875 0.5475 0.11625 0.571667
8 0.13625 0.579167 0.163125 0.608333
8 0.1825 0.005 0.19875 0.035833
8 0.209375 0.480833 0.23 0.511667
8 0.213125 0.451667 0.23375 0.47916700000000007
8 0.23 0.490833 0.244375 0.521667
8 0.275 0.526667 0.2975 0.561667
8 0.2975 0.526667 0.315 0.550833
8 0.34 0.47916700000000007 0.355625 0.508333
8 0.358125 0.47916700000000007 0.37875 0.506667
8 0.363125 0.4875 0.38 0.515
8 0.368125 0.3375000000000001 0.5 0.42
8 0.594375 0.2875 0.69625 0.57
8 0.708125 0.04666699999999999 0.92375 0.34416699999999995
8 0.871875 0.5908329999999999 0.943125 0.658333
8 0.875625 0.36999999999999994 0.88625 0.384167
8 0.92875 0.716667 0.976875 0.781667
8 0.93125 0.2925 0.95625 0.348333
8 0.9325 0.876667 0.999375 0.9525
8 0.950625 0.219167 0.975625 0.245
8 0.954375 0.4749999999999999 0.999375 0.576667
8 0.976875 0.165 0.999375 0.275833
8 0.984375 0.366667 0.999375 0.4258330000000001
