8 0.38 0.7008329999999999 0.473125 0.83
8 0.07875 0.31083299999999997 0.171875 0.424167
8 0.215625 0.43083299999999997 0.31375 0.553333
8 0.290625 0.341667 0.361875 0.43083299999999997
8 0.33875 0.47916700000000007 0.415 0.585833
8 0.364375 0.906667 0.435625 0.999167
8 0.39125 0.6741670000000001 0.476875 0.735833
8 0.49875 0.248333 0.549375 0.3225
8 0.526875 0.7225 0.626875 0.858333
8 0.54625 0.34333300000000005 0.639375 0.4383329999999999
8 0.551875 0.558333 0.594375 0.606667
8 0.58125 0.181667 0.678125 0.2775
8 0.634375 0.665 0.76375 0.8166670000000001
8 0.719375 0.65 0.786875 0.740833
8 0.76625 0.4883330000000001 0.8125 0.5966670000000001
8 0.77125 0.414167 0.8475 0.47916700000000007
8 0.8525 0.730833 0.910625 0.81
8 0.88 0.4883330000000001 0.985625 0.611667
8 0.941875 0.39666700000000005 0.999375 0.446667
8 0.979375 0.1575 0.999375 0.20583300000000002
