8 0.49833299999999997 0.313125 0.780833 0.539375
8 0.0 0.575 0.015833 0.604375
8 0.0 0.619375 0.018333000000000002 0.64375
8 0.0075 0.554375 0.05000000000000001 0.585625
8 0.011667000000000002 0.5225 0.064167 0.551875
8 0.025833 0.24 0.044167000000000005 0.25375
8 0.028332999999999997 0.321875 0.0675 0.3475
8 0.030833 0.0 0.1375 0.04
8 0.0575 0.49375 0.08416699999999999 0.5175
8 0.1825 0.553125 0.264167 0.61125
8 0.188333 0.0025 0.325 0.103125
8 0.20416700000000002 0.634375 0.509167 0.85125
8 0.281667 0.796875 0.565833 0.97625
8 0.295 0.1675 0.564167 0.398125
8 0.4000000000000001 0.146875 0.42250000000000004 0.1625
8 0.555 0.09875 0.844167 0.323125
8 0.559167 0.265 0.589167 0.285
8 0.568333 0.25625 0.581667 0.26625
8 0.614167 0.605625 0.670833 0.638125
8 0.6325 0.665 0.664167 0.685625
8 0.695833 0.59 0.755 0.620625
8 0.716667 0.625625 0.773333 0.64625
8 0.7233329999999999 0.736875 0.770833 0.7575
8 0.7433330000000001 0.913125 0.773333 0.95375
8 0.761667 0.588125 0.811667 0.6225
8 0.770833 0.6225 0.8258329999999999 0.66
8 0.7799999999999999 0.36875 0.814167 0.394375
8 0.805 0.36375 0.8258329999999999 0.3775
8 0.8075 0.9525 0.845833 0.974375
8 0.869167 0.4125 0.9033329999999999 0.44125
8 0.9025 0.586875 0.9274999999999999 0.609375
8 0.9716670000000001 0.32 0.996667 0.331875
