8 0.159375 0.0 0.309375 0.16916699999999998
8 0.0 0.0 0.03125 0.041667
8 0.099375 0.010833 0.18375 0.1675
8 0.1075 0.20416700000000002 0.22875 0.34
8 0.1875 0.16583299999999998 0.286875 0.22583300000000003
8 0.3 0.293333 0.38625 0.42250000000000004
8 0.38375 0.296667 0.4925 0.434167
8 0.400625 0.9375 0.484375 0.999167
8 0.448125 0.1175 0.54375 0.23
8 0.50375 0.1575 0.563125 0.25
8 0.593125 0.894167 0.639375 0.975
8 0.61375 0.37916700000000003 0.999375 0.853333
8 0.695 0.036667 0.8075 0.186667
8 0.913125 0.0 0.999375 0.060833000000000005
8 0.954375 0.238333 0.999375 0.3825
