8 0.273843 0.6125 0.44853600000000005 0.7325
8 0.0 0.513125 0.091596 0.6175
8 0.0 0.731875 0.11709200000000002 0.899375
8 0.0 0.280625 0.45231400000000005 0.39
8 0.0 0.325 0.596789 0.490625
8 0.036827 0.685625 0.292729 0.8275
8 0.067989 0.52125 0.148253 0.583125
8 0.11709200000000002 0.4825 0.24645900000000004 0.550625
8 0.1322 0.284375 0.19169 0.315
8 0.186969 0.2825 0.24645900000000004 0.30125
8 0.22757299999999997 0.45125 0.34371999999999997 0.526875
8 0.287063 0.950625 0.498584 0.999375
8 0.34371999999999997 0.251875 0.410765 0.27875
8 0.410765 0.57625 0.565628 0.676875
8 0.43720499999999995 0.848125 0.679887 0.999375
8 0.508971 0.38125 0.617564 0.455
8 0.5864020000000001 0.77625 0.796034 0.928125
8 0.614731 0.36125 0.7082149999999999 0.41375
8 0.6251180000000001 0.396875 0.9990559999999999 0.58125
8 0.679887 0.341875 0.772427 0.39
8 0.679887 0.733125 0.863078 0.848125
8 0.741265 0.280625 0.813975 0.30125
8 0.7516520000000001 0.68375 0.9169030000000001 0.798125
8 0.852691 0.2875 0.9301229999999999 0.315
8 0.901794 0.59 0.9990559999999999 0.694375
