8 0.506138 0.7525 0.559962 0.788125
8 0.5467420000000001 0.75375 0.595845 0.793125
8 0.591124 0.350625 0.624174 0.40375
8 0.595845 0.773125 0.6345609999999999 0.796875
8 0.653447 0.704375 0.711992 0.745625
8 0.68933 0.93125 0.707271 0.9625
8 0.725212 0.559375 0.769594 0.595
8 0.7327670000000001 0.89375 0.789424 0.93125
8 0.745987 0.853125 0.7979229999999998 0.891875
8 0.7563739999999999 0.508125 0.830973 0.550625
8 0.777148 0.82375 0.8130310000000002 0.849375
8 0.779037 0.526875 0.859301 0.57125
8 0.830973 0.82875 0.877243 0.86
8 0.8404149999999999 0.413125 0.9348440000000001 0.48
8 0.848914 0.965625 0.8876299999999999 0.99125
