8 0.785714 0.708571 0.9085709999999999 0.853333
8 0.565714 0.380952 0.62 0.45904799999999996
8 0.58 0.48190500000000003 0.62 0.535238
8 0.602857 0.510476 0.658571 0.579048
8 0.618571 0.43809499999999996 0.6828569999999999 0.506667
8 0.62 0.379048 0.6714289999999999 0.413333
8 0.621429 0.40381 0.68 0.45904799999999996
8 0.655714 0.527619 0.698571 0.569524
8 0.6742859999999999 0.4190479999999999 0.722857 0.49904799999999994
8 0.7 0.552381 0.734286 0.59619
8 0.714286 0.468571 0.771429 0.5428569999999999
8 0.724286 0.580952 0.788571 0.634286
8 0.755714 0.502857 0.818571 0.575238
8 0.762857 0.44761899999999993 0.81 0.49904799999999994
8 0.785714 0.582857 0.82 0.622857
8 0.801429 0.44 0.8714290000000001 0.49904799999999994
8 0.808571 0.478095 0.852857 0.5504760000000001
8 0.818571 0.561905 0.8614290000000001 0.5980949999999999
