8 0.010204000000000001 0.755376 0.11302999999999999 0.862903
8 0.025118 0.682796 0.094976 0.751792
8 0.025118 0.829749 0.11773900000000001 0.952509
8 0.041601 0.302867 0.103611 0.40681
8 0.076923 0.399642 0.155416 0.513441
8 0.08241799999999999 0.503584 0.138932 0.5985659999999999
8 0.11302999999999999 0.865591 0.188383 0.9937280000000001
8 0.124804 0.727599 0.218995 0.8969530000000001
8 0.186813 0.7939069999999999 0.304553 0.889785
8 0.199372 0.32526900000000003 0.291209 0.410394
8 0.208006 0.645161 0.274725 0.743728
8 0.212716 0.8817200000000001 0.289639 0.990143
8 0.240188 0.655018 0.304553 0.762545
8 0.333595 0.852151 0.42307700000000004 0.912186
8 0.351648 0.708781 0.43799099999999996 0.859319
8 0.390895 0.65233 0.44113 0.721326
8 0.44583999999999996 0.451613 0.509419 0.525986
8 0.44819499999999995 0.7894269999999999 0.510204 0.8691760000000001
8 0.5376770000000001 0.897849 0.610675 0.977599
8 0.539246 0.741039 0.6389319999999999 0.8064520000000001
8 0.5557300000000001 0.508065 0.648352 0.637993
8 0.572214 0.6254479999999999 0.624019 0.7428319999999999
8 0.576923 0.4094980000000001 0.660126 0.528674
8 0.593407 0.830645 0.658556 0.9157709999999999
8 0.6546310000000001 0.6460570000000001 0.734694 0.772401
8 0.6648350000000001 0.830645 0.737049 0.910394
8 0.666405 0.770609 0.733124 0.846774
8 0.667975 0.482079 0.752747 0.5770609999999999
8 0.708791 0.0 0.764521 0.098566
8 0.814757 0.701613 0.867347 0.753584
8 0.865777 0.68638 0.926217 0.759857
8 0.881476 0.50448 0.9536889999999999 0.580645
