8 0.584388 0.18932000000000002 0.751055 0.347087
8 0.0 0.364078 0.018987 0.43203899999999995
8 0.0 0.114078 0.033755 0.20388299999999998
8 0.018987 0.35436899999999993 0.101266 0.44660200000000005
8 0.027426 0.11165 0.080169 0.169903
8 0.040083999999999995 0.276699 0.080169 0.334951
8 0.116034 0.621359 0.156118 0.677184
8 0.12236300000000001 0.6529130000000001 0.179325 0.7257279999999998
8 0.20675100000000002 0.0 0.270042 0.06310700000000001
8 0.21097 0.296117 0.2827 0.342233
8 0.257384 0.004854 0.377637 0.14077699999999999
8 0.28481 0.213592 0.352321 0.31068
8 0.521097 0.288835 0.6202529999999999 0.385922
8 0.556962 0.385922 0.605485 0.42233000000000004
8 0.616034 0.39563100000000007 0.753165 0.550971
8 0.725738 0.36165 0.835443 0.504854
8 0.732068 0.752427 0.808017 0.8446600000000001
8 0.85865 0.220874 0.9978899999999999 0.383495
8 0.862869 0.378641 0.9978899999999999 0.536408
