6 0.001953 0.561198 0.023438 0.5898439999999999
6 0.001953 0.584635 0.027344 0.609375
6 0.03125 0.7005209999999998 0.070312 0.759115
6 0.035156 0.557292 0.052734 0.583333
6 0.068359 0.7057290000000002 0.11035199999999999 0.765625
6 0.083008 0.90625 0.12109400000000001 0.96875
6 0.102539 0.842448 0.152344 0.891927
6 0.104492 0.520833 0.175781 0.578125
6 0.11328099999999999 0.895833 0.14941400000000002 0.942708
6 0.174805 0.7838540000000002 0.219727 0.8320310000000001
6 0.181641 0.74349 0.212891 0.786458
6 0.208008 0.415365 0.228516 0.44270799999999993
6 0.217773 0.7460939999999999 0.25 0.7942709999999998
6 0.227539 0.673177 0.240234 0.7161459999999998
6 0.25195300000000004 0.653646 0.28125 0.704427
6 0.40625 0.55599 0.421875 0.576823
6 0.42675799999999997 0.553385 0.443359 0.579427
6 0.43652299999999994 0.561198 0.451172 0.5898439999999999
6 0.486328 0.973958 0.524414 0.998698
6 0.5898439999999999 0.6367189999999999 0.608398 0.6679689999999999
6 0.5898439999999999 0.80599 0.610352 0.826823
6 0.600586 0.826823 0.626953 0.851562
6 0.610352 0.460938 0.686523 0.541667
6 0.611328 0.6289060000000001 0.6347659999999999 0.658854
6 0.618164 0.80599 0.633789 0.829427
6 0.629883 0.552083 0.6523439999999999 0.579427
6 0.65332 0.563802 0.6621090000000001 0.5820310000000001
