6 0.20114 0.277452 0.47638400000000003 0.519698
6 0.10912100000000001 0.078793 0.971498 0.947192
6 0.11237799999999999 0.687343 0.36237800000000003 0.9538979999999999
6 0.148208 0.483655 0.407166 0.710813
6 0.31514699999999995 0.6647109999999999 0.541531 0.8608549999999999
6 0.373778 0.082146 0.649837 0.38223
6 0.40228 0.34786300000000003 0.6547229999999999 0.647108
6 0.537459 0.502934 0.803746 0.844091
6 0.614821 0.209556 0.837134 0.5289189999999999
6 0.7434850000000001 0.488684 0.903909 0.6797989999999999
