6 0.045625 0.7233329999999999 0.4975 0.9075000000000001
6 0.09 0.8024999999999999 0.12 0.8508330000000001
6 0.153125 0.764167 0.183125 0.815833
6 0.153125 0.8125 0.188125 0.87
6 0.1725 0.759167 0.191875 0.795833
6 0.221875 0.794167 0.259375 0.860833
6 0.223125 0.844167 0.27625 0.905833
6 0.229375 0.7458329999999999 0.2825 0.821667
6 0.255625 0.823333 0.2875 0.875
6 0.265625 0.865833 0.306875 0.9125
6 0.2775 0.759167 0.339375 0.826667
6 0.29 0.815833 0.341875 0.8850000000000001
6 0.326875 0.905833 0.345 0.938333
6 0.331875 0.7216670000000001 0.86375 0.999167
6 0.34125 0.8391670000000001 0.396875 0.9125
6 0.35125 0.854167 0.409375 0.92
6 0.364375 0.876667 0.444375 0.9658329999999999
6 0.395625 0.818333 0.449375 0.875
6 0.41875 0.728333 0.470625 0.7766670000000001
6 0.42125 0.8475 0.471875 0.926667
6 0.438125 0.7975 0.480625 0.8366669999999999
6 0.45875 0.8625000000000002 0.513125 0.981667
6 0.45875 0.8024999999999999 0.525625 0.876667
6 0.476875 0.783333 0.50375 0.8058330000000001
6 0.505 0.77 0.523125 0.790833
6 0.5075 0.783333 0.53 0.809167
6 0.520625 0.7575 0.5425 0.783333
6 0.523125 0.83 0.57625 0.886667
6 0.526875 0.854167 0.58 0.9108329999999999
6 0.53 0.7633329999999999 0.565625 0.7975
6 0.53 0.7783329999999999 0.58 0.844167
6 0.564375 0.959167 0.596875 0.999167
6 0.566875 0.8675 0.6475 0.9716670000000001
6 0.57125 0.813333 0.62125 0.8683330000000001
6 0.599375 0.810833 0.633125 0.8525
6 0.601875 0.9641670000000001 0.668125 0.9975
6 0.61875 0.8475 0.679375 0.918333
6 0.629375 0.790833 0.681875 0.860833
6 0.64875 0.8816669999999999 0.72375 0.981667
6 0.6625 0.959167 0.725 0.999167
6 0.673125 0.809167 0.721875 0.8625000000000002
6 0.68625 0.8408329999999999 0.755625 0.949167
6 0.7 0.7991670000000001 0.735 0.83
6 0.720625 0.9575 0.76875 0.999167
6 0.73 0.794167 0.77125 0.8683330000000001
6 0.73 0.923333 0.788125 0.9866670000000001
6 0.74125 0.810833 0.8075 0.886667
6 0.743125 0.7783329999999999 0.793125 0.8075
6 0.748125 0.9075000000000001 0.795625 0.9475000000000001
6 0.77375 0.878333 0.8125 0.9025
6 0.793125 0.795833 0.833125 0.8475
6 0.8075 0.8591669999999999 0.84 0.8925
6 0.81 0.8424999999999999 0.870625 0.8850000000000001
