6 0.101852 0.33471100000000004 0.404321 0.83781
6 0.374228 0.784091 0.47685200000000005 0.9194209999999999
6 0.48148100000000005 0.16942100000000002 0.576389 0.275826
6 0.502315 0.22314 0.576389 0.33471100000000004
6 0.545525 0.325413 0.625772 0.44938000000000006
6 0.5594140000000001 0.13326400000000002 0.618056 0.225207
6 0.5625 0.214876 0.633488 0.311983
6 0.582562 0.778926 0.69213 0.943182
6 0.5910489999999999 0.416322 0.6983020000000001 0.519628
6 0.6010800000000001 0.159091 0.679784 0.228306
6 0.619599 0.274793 0.710648 0.42148800000000003
6 0.643519 0.429752 0.733025 0.554752
6 0.646605 0.14669400000000002 0.9483020000000001 0.76343
6 0.700617 0.528926 0.799383 0.629132
6 0.708333 0.754132 0.839506 0.8811979999999999
6 0.733025 0.596074 0.8418209999999999 0.7407020000000001
