6 0.08375 0.6716669999999999 0.186875 0.891667
6 0.0925 0.471667 0.1725 0.6833329999999999
6 0.1325 0.555833 0.275 0.7991670000000001
6 0.15875 0.299167 0.345625 0.555833
6 0.17125 0.7975 0.331875 0.996667
6 0.260625 0.766667 0.43625 0.9333329999999999
6 0.32125 0.155 0.503125 0.32
6 0.491875 0.68 0.70375 0.960833
6 0.501875 0.1725 0.570625 0.339167
6 0.52 0.485833 0.763125 0.8125
6 0.55125 0.075833 0.755 0.340833
6 0.656875 0.325 0.8325 0.561667
6 0.705 0.1475 0.96625 0.494167
6 0.7475 0.545833 0.81875 0.7458329999999999
