6 0.0 0.33 0.023333000000000003 0.3675
6 0.0 0.22625 0.025000000000000005 0.271875
6 0.0 0.173125 0.039167 0.2125
6 0.014166999999999999 0.315 0.055 0.3525
6 0.0325 0.30125 0.0775 0.33
6 0.036667 0.233125 0.08 0.251875
6 0.048332999999999994 0.1625 0.0825 0.19875
6 0.06666699999999999 0.19875 0.13 0.220625
6 0.086667 0.169375 0.12083300000000001 0.195
6 0.098333 0.22625 0.14166700000000002 0.256875
6 0.14166700000000002 0.20875 0.18499999999999997 0.24625
6 0.17083299999999998 0.136875 0.23 0.186875
6 0.189167 0.108125 0.241667 0.150625
6 0.2325 0.055 0.3875 0.195
6 0.275833 0.294375 0.330833 0.3525
6 0.2825 0.34875 0.34 0.395
6 0.321667 0.369375 0.371667 0.4125
6 0.3375000000000001 0.315 0.39666700000000005 0.369375
6 0.428333 0.32875 0.4875 0.364375
6 0.428333 0.27875 0.49 0.33375
6 0.45833299999999993 0.243125 0.515 0.294375
6 0.494167 0.308125 0.554167 0.36125
6 0.508333 0.266875 0.5625 0.31125
6 0.5625 0.23625 0.624167 0.30125
6 0.6225 0.21375 0.704167 0.280625
6 0.666667 0.15 0.7575 0.22125
6 0.740833 0.27375 0.775 0.30125
6 0.779167 0.266875 0.831667 0.30625
6 0.9025 0.150625 0.999167 0.238125
6 0.9658329999999999 0.13375 0.999167 0.2125
