6 0.0 0.286667 0.155 0.52
6 0.06625 0.66 0.195 0.855
6 0.075 0.533333 0.1625 0.628333
6 0.08125 0.82 0.2625 0.998333
6 0.15 0.268333 0.28375 0.44833300000000004
6 0.15375 0.05000000000000001 0.30375 0.273333
6 0.1625 0.575 0.36625 0.83
6 0.17 0.43333299999999997 0.33625 0.615
6 0.25625 0.19833299999999998 0.475 0.48
6 0.285 0.0 0.41625 0.048332999999999994
6 0.36 0.62 0.5275 0.83
6 0.36875 0.831667 0.555 0.998333
6 0.52125 0.655 0.66375 0.875
6 0.54625 0.286667 0.76875 0.551667
6 0.5525 0.866667 0.635 0.998333
6 0.6125 0.805 0.78375 0.998333
6 0.635 0.708333 0.72625 0.878333
6 0.65625 0.011667000000000002 0.825 0.21666700000000003
6 0.6875 0.571667 0.87875 0.835
6 0.7875 0.833333 0.85625 0.998333
6 0.79 0.27 0.99625 0.541667
