6 0.0 0.595461 0.252252 0.8417889999999999
6 0.186186 0.821095 0.268268 0.85514
6 0.191191 0.775033 0.28628600000000004 0.8417889999999999
6 0.22722699999999996 0.39118800000000004 0.747748 0.53004
6 0.23223200000000002 0.747664 0.332332 0.809079
6 0.268268 0.802403 0.365365 0.8584780000000001
6 0.296296 0.783044 0.37037 0.826435
6 0.314314 0.735648 0.39139099999999993 0.7763680000000001
6 0.327327 0.70494 0.401401 0.738985
6 0.35535500000000003 0.761015 0.432432 0.826435
6 0.37037 0.64486 0.9969969999999999 0.947931
6 0.3813809999999999 0.721629 0.46846800000000005 0.773031
6 0.4114109999999999 0.690921 0.496496 0.735648
6 0.439439 0.658211 0.531532 0.714286
