6 0.0 0.043884 0.038125 0.11858099999999998
6 0.0 0.102708 0.11125 0.323063
6 0.0 0.6984130000000001 0.115 0.950514
6 0.0025 0.54155 0.07 0.690943
6 0.0025 0.0 0.999375 0.9971990000000001
6 0.029375 0.171802 0.199375 0.478058
6 0.0575 0.4836600000000001 0.199375 0.6825399999999999
6 0.0675 0.638655 0.26625 0.9775909999999999
6 0.090625 0.0 0.26125 0.27357600000000004
6 0.1625 0.412698 0.27 0.545285
6 0.180625 0.552754 0.331875 0.774977
6 0.196875 0.204482 0.395625 0.474323
6 0.240625 0.0 0.41625 0.21568600000000002
6 0.26875 0.744164 0.41625 0.983193
6 0.3275 0.5891689999999999 0.42 0.782446
6 0.35875 0.076564 0.52625 0.31185799999999997
6 0.380625 0.4836600000000001 0.52875 0.705882
6 0.40875 0.658263 0.585625 0.915033
6 0.441875 0.282913 0.585625 0.521942
6 0.486875 0.8898229999999999 0.550625 0.9794579999999999
6 0.525 0.46872100000000005 0.68625 0.72549
6 0.545625 0.149393 0.706875 0.344538
6 0.5775 0.7460319999999999 0.73375 0.9757239999999998
6 0.665625 0.519141 0.85625 0.784314
6 0.691875 0.3744159999999999 0.88625 0.565826
6 0.7375 0.753501 0.92375 0.9663870000000002
6 0.77125 0.0 0.911875 0.15126099999999998
6 0.83125 0.545285 0.9325 0.7731089999999999
6 0.854375 0.633053 0.999375 0.9449110000000001
