6 0.073125 0.5759850000000001 0.383125 0.9605999999999999
6 0.3675 0.6406540000000001 0.66625 0.20075
6 0.4075 0.22983099999999998 0.72 0.6491560000000001
6 0.7225 0.601313 0.794375 0.7091930000000001
6 0.7375 0.634146 0.835 0.773921
6 0.753125 0.8836770000000002 0.82 0.9530959999999999
6 0.756875 0.760788 0.846875 0.8874299999999999
6 0.77875 0.522514 0.87375 0.668856
6 0.814375 0.664165 0.911875 0.8564729999999999
6 0.83375 0.85272 0.894375 0.93621
6 0.836875 0.577861 0.928125 0.7157600000000001
6 0.87875 0.766416 0.956875 0.9033770000000001
6 0.88125 0.522514 0.959375 0.634146
6 0.896875 0.620075 0.949375 0.7645400000000001
6 0.9425 0.48592899999999994 0.963125 0.56848
