6 0.032957 0.50625 0.208098 0.6175
6 0.056497 0.53875 0.39077199999999995 0.7675
6 0.061204999999999996 0.3525 0.300377 0.513125
6 0.239171 0.9025 0.53484 0.979375
6 0.292844 0.33 0.607345 0.504375
6 0.357815 0.750625 0.69209 0.94875
6 0.359699 0.611875 0.658192 0.765625
6 0.43220299999999995 0.45 0.707156 0.643125
6 0.6280600000000001 0.33375 0.918079 0.476875
6 0.684557 0.46 0.9444440000000001 0.605
6 0.7052729999999999 0.88 0.9877590000000002 0.97625
6 0.7617700000000001 0.73875 0.9877590000000002 0.900625
