6 0.230625 0.121951 0.3075 0.27955
6 0.25625 0.273921 0.339375 0.447467
6 0.31125 0.333959 0.36875 0.46998100000000004
6 0.353125 0.424015 0.41 0.56848
6 0.4125 0.43621000000000004 0.465 0.564728
6 0.4275 0.356473 0.498125 0.510319
6 0.436875 0.6510319999999999 0.50875 0.7842399999999999
6 0.465 0.533771 0.540625 0.693246
6 0.493125 0.393058 0.56125 0.5243899999999999
6 0.53125 0.731707 0.598125 0.901501
6 0.58375 0.537523 0.653125 0.7185739999999999
6 0.591875 0.38930599999999993 0.68625 0.6153850000000001
