6 0.320312 0.253472 0.5273439999999999 0.475694
6 0.0 0.206597 0.128906 0.392361
6 0.0 0.392361 0.178385 0.65625
6 0.0 0.649306 0.186198 0.96875
6 0.111979 0.164931 0.289062 0.296875
6 0.128906 0.296875 0.346354 0.513889
6 0.152344 0.47048599999999996 0.44401 0.777778
6 0.25 0.654514 0.554688 0.9982639999999999
6 0.282552 0.083333 0.450521 0.256944
6 0.40625 0.060764000000000006 0.570312 0.185764
6 0.442708 0.185764 0.6445310000000001 0.36458299999999993
6 0.453125 0.378472 0.720052 0.668403
6 0.528646 0.038194 0.69401 0.145833
6 0.567708 0.583333 0.847656 0.8628469999999999
6 0.579427 0.142361 0.779948 0.305556
6 0.623698 0.3125 0.859375 0.477431
6 0.688802 0.111111 0.855469 0.269097
6 0.7773439999999999 0.387153 0.992188 0.664931
6 0.815104 0.21180600000000002 0.998698 0.39583299999999993
