6 0.324074 0.358333 0.625 0.627778
6 0.11574100000000002 0.067593 0.23703700000000003 0.16759300000000002
6 0.14537 0.13333299999999998 0.353704 0.29907399999999995
6 0.326852 0.127778 0.478704 0.255556
6 0.45648099999999997 0.16759300000000002 0.648148 0.333333
6 0.60463 0.34351899999999996 0.846296 0.5981479999999999
6 0.614815 0.025925999999999994 0.753704 0.203704
6 0.675926 0.105556 0.824074 0.269444
6 0.6962959999999999 0.587037 0.9731479999999998 0.9018520000000002
6 0.8018519999999999 0.249074 0.9990739999999999 0.376852
6 0.8138890000000001 0.171296 0.993519 0.26759299999999997
