6 0.0 0.0 0.11375 0.19174799999999997
6 0.0 0.228155 0.140625 0.393204
6 0.64 0.508091 0.269375 0.8495149999999998
6 0.06625 0.0 0.1725 0.09223300000000001
6 0.098125 0.05744299999999999 0.15625 0.252427
6 0.145625 0.9441749999999999 0.2375 0.9991909999999999
6 0.146875 0.114078 0.23375 0.348706
6 0.17875 0.0 0.285 0.118123
6 0.184375 0.938511 0.3875 0.9991909999999999
6 0.20125 0.0 0.44625 0.263754
6 0.24 0.43932 0.496875 0.7613270000000001
6 0.28125 0.9021040000000001 0.358125 0.9555020000000001
6 0.293125 0.0 0.455625 0.071197
6 0.305 0.776699 0.439375 0.8851129999999999
6 0.351875 0.804207 0.545625 0.9991909999999999
6 0.365 0.313916 0.59625 0.46521
6 0.39 0.0 0.53 0.236246
6 0.41125 0.451456 0.603125 0.771845
6 0.461875 0.39482200000000006 0.688125 0.695793
6 0.546875 0.002427 0.685625 0.220874
6 0.581875 0.18123000000000003 0.7375 0.272654
6 0.59625 0.802589 0.78375 0.9991909999999999
6 0.673125 0.045307 0.8225 0.220874
6 0.67875 0.0 0.7825 0.052589
6 0.72 0.597896 0.86375 0.804207
6 0.7375 0.12297699999999999 0.865 0.220874
6 0.775625 0.25 0.999375 0.552589
6 0.794375 0.0 0.921875 0.06310700000000001
6 0.798125 0.8268610000000001 0.985625 0.973301
6 0.820625 0.026699000000000004 0.935 0.161003
6 0.859375 0.035599 0.999375 0.179612
6 0.87125 0.622168 0.999375 0.830097
