6 0.292188 0.397917 0.366406 0.497917
6 0.129688 0.514583 0.19609400000000002 0.603125
6 0.157031 0.26979200000000003 0.215625 0.344792
6 0.16328099999999998 0.58125 0.221094 0.659375
6 0.175 0.638542 0.258594 0.748958
6 0.21015599999999998 0.547917 0.2875 0.646875
6 0.254687 0.634375 0.303125 0.711458
6 0.276563 0.3625 0.33125 0.422917
6 0.496875 0.209375 0.533594 0.263542
6 0.55 0.617708 0.584375 0.68125
6 0.575 0.629167 0.624219 0.6989579999999999
6 0.588281 0.657292 0.678906 0.773958
6 0.620313 0.558333 0.686719 0.646875
6 0.642969 0.626042 0.710156 0.717708
6 0.746875 0.198958 0.7875 0.259375
