6 0.0 0.604341 0.2075 0.9115190000000001
6 0.02875 0.8631049999999998 0.255 0.998331
6 0.03 0.10350599999999999 0.225 0.36727899999999997
6 0.0825 0.33555900000000005 0.225 0.552588
6 0.1325 0.41569300000000003 0.3525 0.706177
6 0.1475 0.0 0.3425 0.17362299999999997
6 0.20625 0.63773 0.425 0.946578
6 0.2075 0.163606 0.425 0.45408999999999994
6 0.2675 0.924875 0.4475 0.998331
6 0.33875 0.0 0.5525 0.166945
6 0.34375 0.36394 0.6 0.724541
6 0.375 0.0016690000000000001 0.61625 0.33221999999999996
6 0.3975 0.297162 0.53875 0.40400700000000006
6 0.445 0.744574 0.7025 0.998331
6 0.5475 0.191987 0.795 0.527546
6 0.54875 0.0 0.79125 0.19031700000000001
6 0.59125 0.427379 0.84375 0.8013359999999999
6 0.68375 0.9332219999999999 0.825 0.998331
6 0.685 0.66778 0.9225 0.919866
6 0.7675 0.31051799999999996 0.99875 0.684474
6 0.78625 0.045075 0.99875 0.370618
6 0.79 0.0 0.93125 0.10851400000000001
6 0.86625 0.8514189999999999 0.99875 0.998331
6 0.91375 0.632721 0.99875 0.84808
6 0.93625 0.328881 0.99875 0.42070100000000005
