6 0.66125 0.6088180000000001 0.751875 0.7476550000000001
6 0.0 0.8377110000000002 0.0575 0.9990620000000001
6 0.0 0.577861 0.1 0.868668
6 0.0 0.293621 0.148125 0.6144470000000001
6 0.00875 0.095685 0.199375 0.38743
6 0.039375 0.0 0.191875 0.10694200000000001
6 0.0475 0.6031890000000001 0.184375 0.8996250000000001
6 0.06375 0.835835 0.22375 0.9990620000000001
6 0.133125 0.374296 0.3225 0.672608
6 0.15375 0.65666 0.2675 0.854597
6 0.1575 0.0 0.291875 0.195122
6 0.184375 0.196998 0.3225 0.4258909999999999
6 0.236875 0.703565 0.48125 0.9943709999999999
6 0.244375 0.0 0.31625 0.043151999999999996
6 0.296875 0.454972 0.483125 0.707317
6 0.3225 0.3911820000000001 0.403125 0.48405299999999996
6 0.3625 0.0 0.999375 0.9990620000000001
