6 0.72375 0.46591999999999995 0.825 0.622782
6 0.32 0.22782399999999994 0.37 0.27170900000000003
6 0.35875 0.21008400000000002 0.45875 0.338002
6 0.386875 0.177404 0.47625 0.290383
6 0.42125 0.31185799999999997 0.501875 0.414566
6 0.46125 0.193277 0.5125 0.269841
6 0.484375 0.246499 0.558125 0.368814
6 0.495625 0.38655500000000004 0.57875 0.507003
6 0.5125 0.183007 0.548125 0.23155900000000001
6 0.545625 0.14099 0.6325 0.246499
6 0.548125 0.19141 0.655625 0.348273
6 0.57875 0.43417400000000006 0.62375 0.48739499999999997
6 0.608125 0.308123 0.706875 0.43043900000000007
6 0.62 0.39775900000000003 0.73375 0.514472
6 0.63 0.10830999999999999 0.693125 0.168067
6 0.635 0.512605 0.7275 0.663866
6 0.636875 0.131653 0.72375 0.235294
6 0.648125 0.22782399999999994 0.71625 0.313726
6 0.696875 0.294118 0.813125 0.42483699999999996
6 0.708125 0.169935 0.794375 0.29225
6 0.7275 0.34267 0.83625 0.4836600000000001
6 0.7325 0.614379 0.835 0.7478989999999999
6 0.763125 0.23155900000000001 0.843125 0.306256
6 0.793125 0.648926 0.92375 0.8169930000000001
6 0.798125 0.25396799999999997 0.88125 0.338002
6 0.808125 0.535948 0.9225 0.673203
6 0.809375 0.436041 0.911875 0.558357
6 0.825 0.338002 0.915625 0.46125099999999997
6 0.8775 0.288515 0.935 0.35014
6 0.89125 0.41923400000000005 0.9925 0.550887
6 0.893125 0.330532 0.966875 0.445378
6 0.896875 0.776844 0.999375 0.9533149999999999
6 0.916875 0.5676939999999999 0.999375 0.731092
6 0.9375 0.319328 0.999375 0.42110200000000003
6 0.956875 0.449113 0.999375 0.5835670000000001
6 0.9775 0.736695 0.999375 0.838469
