6 0.680625 0.48 0.78125 0.623333
6 0.0 0.715 0.076875 0.8058330000000001
6 0.070625 0.21 0.1275 0.2925
6 0.146875 0.22583300000000003 0.21375 0.321667
6 0.185625 0.725 0.219375 0.864167
6 0.25125 0.2325 0.32 0.330833
6 0.303125 0.8125 0.370625 0.928333
6 0.486875 0.115 0.541875 0.258333
6 0.491875 0.766667 0.579375 0.893333
6 0.526875 0.085833 0.613125 0.26
6 0.6725 0.6075 0.765625 0.755833
6 0.74 0.14416700000000002 0.8225 0.271667
6 0.7525 0.581667 0.8575 0.7233329999999999
6 0.798125 0.23749999999999996 0.9025 0.375
