6 0.10125 0.5032800000000001 0.288125 0.841612
6 0.20625 0.697282 0.40625 0.9990629999999999
6 0.286875 0.2015 0.465 0.495783
6 0.289375 0.46298000000000006 0.48125 0.796626
6 0.389375 0.0 0.544375 0.22493000000000002
6 0.40625 0.721649 0.61875 0.9990629999999999
6 0.424375 0.35895 0.60375 0.639175
6 0.500625 0.5838800000000001 0.6675 0.7666350000000001
6 0.505625 0.199625 0.693125 0.45548299999999997
6 0.586875 0.05154600000000001 0.753125 0.298969
6 0.596875 0.41049700000000006 0.754375 0.6644800000000001
6 0.685 0.263355 0.81875 0.44892200000000004
6 0.700625 0.014995000000000001 0.765 0.151828
6 0.761875 0.0 0.9225 0.263355
