6 0.40625 0.365 0.555 0.570833
6 0.0525 0.5975 0.186875 0.775
6 0.075625 0.23083299999999998 0.1975 0.3875
6 0.148125 0.04666699999999999 0.2825 0.224167
6 0.150625 0.504167 0.28 0.668333
6 0.184375 0.313333 0.315 0.484167
6 0.2125 0.644167 0.335625 0.8249999999999998
6 0.24875 0.1275 0.3675 0.315
6 0.255625 0.43083299999999997 0.411875 0.6375
6 0.27625 0.8058330000000001 0.42875 0.999167
6 0.3175 0.301667 0.44 0.43916700000000003
6 0.325 0.1375 0.475 0.335833
6 0.3275 0.6075 0.475 0.823333
6 0.3975 0.06166699999999999 0.51625 0.22166699999999998
6 0.44375 0.7475 0.5625 0.928333
6 0.459375 0.20333299999999999 0.571875 0.375
6 0.460625 0.554167 0.595 0.728333
6 0.52375 0.053333 0.6625 0.23083299999999998
6 0.54625 0.306667 0.691875 0.4991670000000001
6 0.55375 0.686667 0.693125 0.865833
6 0.579375 0.864167 0.695625 0.999167
6 0.59625 0.4991670000000001 0.728125 0.681667
6 0.675 0.158333 0.801875 0.3375000000000001
6 0.685625 0.621667 0.8275 0.809167
