6 0.185625 0.7197899999999999 0.448125 0.8993
6 0.038125 0.37215400000000004 0.1025 0.574431
6 0.04875 0.542032 0.198125 0.750438
6 0.091875 0.341506 0.22125 0.542032
6 0.1025 0.283713 0.16125 0.41331
6 0.134375 0.189142 0.226875 0.37740799999999997
6 0.16125 0.398424 0.278125 0.646235
6 0.225 0.290718 0.391875 0.409807
6 0.235625 0.17951 0.305 0.28021
6 0.27125 0.471979 0.425 0.574431
6 0.278125 0.161996 0.40875 0.328371
6 0.298125 0.380911 0.465 0.495622
6 0.299375 0.495622 0.47 0.698774
6 0.381875 0.206655 0.548125 0.316112
6 0.431875 0.305604 0.551875 0.4903680000000001
6 0.4625 0.466725 0.609375 0.65937
