6 0.0 0.143147 0.07 0.328934
6 0.0 0.370558 0.1575 0.624366
6 0.038125 0.004061 0.143125 0.196954
6 0.074375 0.46598999999999996 0.233125 0.725888
6 0.143125 0.043655 0.26125 0.249746
6 0.16 0.313706 0.295625 0.521827
6 0.230625 0.47005100000000005 0.3775 0.765482
6 0.245625 0.37665 0.383125 0.535025
6 0.25625 0.06599 0.37125 0.293401
6 0.301875 0.13705599999999998 0.448125 0.34923899999999997
6 0.325 0.278173 0.486875 0.539086
6 0.3675 0.698477 0.5275 0.965482
6 0.378125 0.4954310000000001 0.544375 0.727919
6 0.433125 0.390863 0.635 0.692386
6 0.46125 0.045685 0.67625 0.36548200000000003
6 0.506875 0.709645 0.625 0.9218270000000001
6 0.601875 0.567513 0.76625 0.805076
6 0.606875 0.353299 0.740625 0.5654819999999999
6 0.7275 0.48020300000000005 0.88625 0.7776649999999999
6 0.76625 0.35533000000000003 0.9325 0.571574
