6 0.82 0.570833 0.905625 0.6774999999999999
6 0.028125 0.73 0.078125 0.83
6 0.035625 0.633333 0.108125 0.731667
6 0.068125 0.750833 0.138125 0.844167
6 0.069375 0.644167 0.16375 0.760833
6 0.100625 0.115 0.94 0.605833
6 0.1325 0.715 0.24 0.855833
6 0.145625 0.5925 0.233125 0.689167
6 0.2025 0.5525 0.2875 0.6475
6 0.2125 0.639167 0.299375 0.7458329999999999
6 0.245 0.731667 0.32125 0.8591669999999999
6 0.2825 0.57 0.346875 0.676667
6 0.295625 0.705833 0.370625 0.783333
6 0.304375 0.609167 0.383125 0.7125
6 0.315 0.7541670000000001 0.39625 0.8591669999999999
6 0.341875 0.540833 0.421875 0.6575
6 0.36375 0.654167 0.460625 0.7783329999999999
6 0.385625 0.760833 0.475 0.865833
6 0.4 0.456667 0.501875 0.575
6 0.418125 0.561667 0.500625 0.678333
6 0.44 0.740833 0.496875 0.82
6 0.455625 0.626667 0.530625 0.685
6 0.456875 0.655833 0.54625 0.771667
6 0.47625 0.7799999999999999 0.545 0.860833
6 0.48 0.5375 0.543125 0.625
6 0.51125 0.77 0.618125 0.871667
6 0.5175 0.623333 0.571875 0.728333
6 0.534375 0.476667 0.6 0.605833
6 0.535625 0.7075 0.606875 0.82
6 0.5475 0.616667 0.62625 0.726667
6 0.579375 0.5525 0.655625 0.6750000000000002
6 0.579375 0.7799999999999999 0.656875 0.8675
6 0.610625 0.689167 0.683125 0.804167
6 0.63625 0.535833 0.71375 0.63
6 0.643125 0.615 0.763125 0.718333
6 0.653125 0.781667 0.74 0.860833
6 0.686875 0.7025 0.763125 0.8024999999999999
6 0.705 0.49583299999999997 0.773125 0.595833
6 0.720625 0.764167 0.83125 0.864167
6 0.728125 0.58 0.814375 0.6941669999999999
6 0.7525 0.6925 0.798125 0.749167
6 0.758125 0.48 0.838125 0.595833
6 0.7875 0.665 0.879375 0.795833
6 0.83 0.47833299999999995 0.930625 0.585833
6 0.841875 0.768333 0.94 0.8525
6 0.874375 0.660833 0.951875 0.7624999999999998
6 0.90125 0.5925 0.999375 0.726667
6 0.920625 0.513333 0.998125 0.604167
6 0.9325 0.73 0.999375 0.845833
