6 0.1825 0.188333 0.294375 0.321667
6 0.04875 0.740833 0.185625 0.9216669999999999
6 0.073125 0.375 0.17125 0.523333
6 0.099375 0.583333 0.264375 0.7883330000000001
6 0.108125 0.14083299999999999 0.21125 0.2775
6 0.11875 0.280833 0.2075 0.3875
6 0.150625 0.463333 0.25125 0.589167
6 0.180625 0.33416700000000005 0.298125 0.490833
6 0.190625 0.8058330000000001 0.310625 0.969167
6 0.268125 0.689167 0.3575 0.826667
6 0.310625 0.8366669999999999 0.411875 0.991667
6 0.355 0.6941669999999999 0.44625 0.8366669999999999
