6 0.714375 0.656667 0.80125 0.789167
6 0.0 0.06666699999999999 0.031875 0.1825
6 0.0 0.52 0.0575 0.644167
6 0.0 0.3825 0.064375 0.4975
6 0.0 0.83 0.085 0.9625
6 0.026875 0.600833 0.125 0.7200000000000001
6 0.04375 0.4825 0.150625 0.595833
6 0.0475 0.098333 0.145625 0.213333
6 0.0525 0.339167 0.145625 0.45833299999999993
6 0.05375 0.23083299999999998 0.153125 0.340833
6 0.064375 0.013333000000000003 0.145625 0.108333
6 0.066875 0.838333 0.181875 0.981667
6 0.110625 0.685 0.190625 0.804167
6 0.115625 0.4025 0.21 0.513333
6 0.12 0.561667 0.2075 0.6750000000000002
6 0.13 0.279167 0.221875 0.394167
6 0.1325 0.155 0.221875 0.258333
6 0.1975 0.513333 0.29 0.6425
6 0.20875 0.0 0.884375 0.981667
6 0.880625 0.2325 0.98375 0.361667
6 0.886875 0.44416700000000003 0.966875 0.544167
6 0.895 0.101667 0.995625 0.23416700000000001
6 0.8975 0.686667 0.999375 0.818333
6 0.956875 0.013333000000000003 0.999375 0.116667
6 0.963125 0.20333299999999999 0.999375 0.301667
6 0.97625 0.504167 0.999375 0.5975
