6 0.71125 0.563333 0.91 0.7275
6 0.1425 0.418333 0.319375 0.563333
6 0.164375 0.2725 0.3425 0.43083299999999997
6 0.164375 0.549167 0.363125 0.658333
6 0.173125 0.568333 0.34375 0.809167
6 0.214375 0.650833 0.375 0.935
6 0.2225 0.16916699999999998 0.37875 0.384167
6 0.279375 0.08749999999999998 0.38 0.315
6 0.280625 0.7216670000000001 0.43125 0.999167
6 0.365625 0.058333 0.4925 0.2825
6 0.369375 0.77 0.5075 0.999167
6 0.478125 0.058333 0.634375 0.23749999999999996
6 0.4975 0.7925 0.60875 0.999167
6 0.54125 0.10000000000000002 0.69875 0.280833
6 0.54625 0.766667 0.706875 0.999167
6 0.605625 0.713333 0.77375 0.9716670000000001
6 0.61125 0.153333 0.80375 0.330833
6 0.674375 0.640833 0.84625 0.8883329999999999
6 0.674375 0.25 0.84875 0.37916700000000003
6 0.72625 0.456667 0.9225 0.561667
6 0.735 0.325833 0.901875 0.463333
