6 0.519375 0.37194 0.756875 0.580979
6 0.1 0.173258 0.245625 0.500942
6 0.184375 0.43973599999999996 0.245625 0.553672
6 0.238125 0.274953 0.446875 0.574388
6 0.255 0.211864 0.438125 0.34839899999999996
6 0.305 0.159134 0.4225 0.244821
6 0.36875 0.094162 0.541875 0.23823000000000003
6 0.399375 0.394539 0.58125 0.594162
6 0.455625 0.228814 0.606875 0.39265500000000003
6 0.52875 0.138418 0.638125 0.298493
6 0.558125 0.059322 0.705625 0.26177
6 0.56375 0.294727 0.7225 0.421846
6 0.659375 0.221281 0.77625 0.34463299999999997
6 0.701875 0.34463299999999997 0.860625 0.568738
6 0.800625 0.30226 0.9275 0.47834299999999996
