6 0.0 0.394535 0.05125 0.625107
6 0.0 0.0 0.06625 0.06831799999999999
6 0.0 0.233134 0.090625 0.386849
6 0.0 0.059778 0.096875 0.254483
6 0.0 0.639624 0.096875 0.8812979999999999
6 0.024375 0.273271 0.130625 0.43637899999999996
6 0.031875 0.849701 0.22125 0.9991459999999999
6 0.043125 0.391119 0.181875 0.58497
6 0.0625 0.604611 0.22125 0.836892
6 0.10375 0.039283 0.255 0.208369
6 0.1225 0.0 0.25375 0.05294600000000001
6 0.1525 0.20495300000000002 0.291875 0.41161400000000004
6 0.184375 0.630231 0.27125 0.7301449999999999
6 0.20125 0.69684 0.3625 0.935098
6 0.20875 0.336465 0.37625 0.544833
6 0.233125 0.0 0.3775 0.166524
6 0.281875 0.194705 0.41125 0.364646
6 0.291875 0.478224 0.45875 0.704526
6 0.299375 0.141759 0.448125 0.299744
6 0.361875 0.5875319999999999 0.576875 0.883006
6 0.37375 0.29462 0.506875 0.49017900000000003
6 0.37625 0.0 0.515 0.105038
6 0.445625 0.37830899999999995 0.650625 0.618275
6 0.47 0.06831799999999999 0.793125 0.345004
6 0.5125 0.0 0.62875 0.079419
6 0.5275 0.8035869999999999 0.749375 0.9991459999999999
6 0.540625 0.544833 0.710625 0.796755
6 0.645625 0.251067 0.98375 0.672929
6 0.71375 0.686593 0.906875 0.910333
6 0.748125 0.0 0.999375 0.371477
6 0.76875 0.919727 0.951875 0.9991459999999999
6 0.88125 0.674637 0.999375 0.8667809999999999
6 0.935 0.8403070000000001 0.999375 0.9931680000000002
