6 0.213867 0.5443479999999999 0.31738299999999997 0.768696
6 0.181641 0.36695700000000003 0.313477 0.535652
6 0.227539 0.253913 0.360352 0.406957
6 0.25488299999999997 0.693913 0.391602 0.8834780000000001
6 0.29980500000000004 0.041739 0.445312 0.276522
6 0.339844 0.746087 0.45800799999999997 0.9982610000000001
6 0.414062 0.8417389999999999 0.53418 0.9982610000000001
6 0.443359 0.041739 0.5371090000000001 0.276522
6 0.470703 0.728696 0.580078 0.9339129999999999
6 0.551758 0.12173900000000001 0.643555 0.396522
6 0.551758 0.737391 0.658203 0.9617389999999999
6 0.55957 0.573913 0.7148439999999999 0.813913
6 0.617188 0.137391 0.750977 0.358261
6 0.65625 0.47652200000000006 0.780273 0.714783
6 0.658203 0.33217399999999997 0.77832 0.506087
