6 0.029687 0.44028100000000003 0.270312 0.782201
6 0.0 0.7213109999999999 0.19375 0.9976580000000002
6 0.1125 0.23653400000000002 0.320312 0.459016
6 0.276563 0.38407499999999994 0.554688 0.679157
6 0.29531199999999996 0.051522 0.471875 0.24824399999999996
6 0.365625 0.180328 0.571875 0.41920399999999997
6 0.465625 0.035129 0.645312 0.20608899999999997
6 0.51875 0.5667449999999999 0.79375 0.8969550000000001
6 0.573438 0.18501199999999998 0.709375 0.35831399999999997
6 0.58125 0.098361 0.723437 0.220141
6 0.584375 0.367682 0.853125 0.697892
6 0.704687 0.042155 0.9125 0.33957800000000005
6 0.79375 0.608899 0.9796879999999999 0.929742
6 0.815625 0.299766 0.9984379999999999 0.625293
