6 0.7929689999999999 0.508789 0.9733069999999999 0.795898
6 0.0058590000000000005 0.554688 0.141927 0.8027340000000001
6 0.008464 0.3125 0.185547 0.536133
6 0.073568 0.056641 0.253255 0.280273
6 0.236328 0.32617199999999996 0.406901 0.5625
6 0.25846399999999997 0.614258 0.435547 0.8681639999999999
6 0.26888 0.048827999999999996 0.440755 0.28418000000000004
6 0.485677 0.10839800000000001 0.651042 0.337891
6 0.494141 0.0 0.653646 0.080078
6 0.501953 0.421875 0.657552 0.647461
6 0.533854 0.663086 0.71224 0.874023
6 0.695964 0.24706999999999998 0.8665360000000001 0.49902299999999994
6 0.6972659999999999 0.0 0.8430989999999999 0.20703100000000002
6 0.90625 0.0 0.9993489999999999 0.091797
