6 0.173438 0.425 0.609375 0.7
6 0.021875 0.017188 0.10468699999999999 0.123438
6 0.107813 0.059375 0.254687 0.13125
6 0.278125 0.0 0.371875 0.110937
6 0.31875 0.067188 0.442187 0.135937
6 0.446875 0.014062 0.532812 0.1375
6 0.567187 0.040625 0.629687 0.11875
6 0.573438 0.248437 0.692187 0.346875
6 0.596875 0.371875 0.795313 0.559375
6 0.673437 0.46875 0.9890620000000001 0.75625
6 0.759375 0.08125 0.8859379999999999 0.151562
6 0.814062 0.03125 0.9203129999999999 0.10625
6 0.840625 0.24375 0.9984379999999999 0.48125
