6 0.0 0.43583299999999997 0.063125 0.625
6 0.0 0.583333 0.191875 0.9216669999999999
6 0.0 0.0375 0.999375 0.36833299999999997
6 0.0575 0.476667 0.224375 0.581667
6 0.071875 0.36000000000000004 0.24 0.5375
6 0.100625 0.5341670000000001 0.24375 0.7475
6 0.21375 0.716667 0.4825 0.9125
6 0.2525 0.3633330000000001 0.44 0.56
6 0.3175 0.5341670000000001 0.496875 0.735
6 0.4 0.3275 0.571875 0.513333
6 0.4425 0.871667 0.66625 0.999167
6 0.460625 0.5525 0.7475 0.884167
6 0.4725 0.505833 0.59625 0.6025
6 0.63 0.526667 0.70625 0.594167
6 0.688125 0.516667 0.883125 0.7200000000000001
6 0.71375 0.7233329999999999 0.97375 0.999167
