6 0.12625 0.36891399999999996 0.33625 0.636704
6 0.135 0.42696599999999996 0.16875 0.573034
6 0.16375 0.192884 0.31 0.393258
6 0.17375 0.602996 0.32875 0.8183520000000001
6 0.24 0.011236 0.38625 0.228464
6 0.2925 0.279026 0.39125 0.413858
6 0.29625 0.47191000000000005 0.44 0.709738
6 0.2975 0.4101119999999999 0.425 0.548689
6 0.34125 0.629214 0.5975 0.9250940000000001
6 0.36 0.108614 0.49125 0.318352
6 0.39625 0.29026199999999996 0.52875 0.47565500000000005
6 0.415 0.47940099999999997 0.56 0.6423220000000001
6 0.53375 0.234082 0.64 0.45131099999999996
6 0.55125 0.46254700000000004 0.82375 0.8576779999999999
6 0.63125 0.099251 0.7725 0.37453200000000003
6 0.71125 0.269663 0.84875 0.47752799999999995
