6 0.0 0.6999999999999998 0.014375 0.719167
6 0.0 0.719167 0.07125 0.8175
6 0.0 0.6 0.078125 0.729167
6 0.01875 0.803333 0.095 0.835833
6 0.02 0.345 0.75375 0.570833
6 0.095 0.620833 0.774375 0.880833
6 0.76375 0.4383329999999999 0.776875 0.481667
6 0.776875 0.443333 0.805 0.48500000000000004
6 0.786875 0.5275 0.8075 0.559167
6 0.79625 0.44 0.819375 0.4625000000000001
6 0.8 0.556667 0.821875 0.605
6 0.80375 0.5075 0.828125 0.560833
6 0.821875 0.43333299999999997 0.8425 0.474167
6 0.835 0.638333 0.974375 0.8258329999999999
