6 0.283125 0.663333 0.476875 0.89
6 0.084375 0.6725 0.275 0.889167
6 0.1475 0.49 0.30875 0.656667
6 0.18625 0.393333 0.326875 0.514167
6 0.214375 0.298333 0.3375 0.413333
6 0.254375 0.245 0.369375 0.3375000000000001
6 0.281875 0.1825 0.38125 0.258333
6 0.3 0.525833 0.46625 0.675833
6 0.3075 0.111667 0.35125 0.1725
6 0.318125 0.151667 0.371875 0.190833
6 0.321875 0.429167 0.46625 0.546667
6 0.326875 0.3375000000000001 0.440625 0.456667
6 0.361875 0.245 0.475625 0.355
6 0.364375 0.11333299999999998 0.4525 0.1725
6 0.37875 0.139167 0.478125 0.219167
6 0.38375 0.20666700000000002 0.47 0.270833
6 0.45375 0.08749999999999998 0.528125 0.16
6 0.46125 0.3758329999999999 0.595625 0.5175
6 0.46625 0.506667 0.625 0.663333
6 0.4675 0.3 0.57125 0.418333
6 0.47 0.1825 0.563125 0.265
6 0.474375 0.6725 0.6575 0.8775
6 0.478125 0.12416700000000001 0.57875 0.20666700000000002
6 0.486875 0.245 0.57625 0.31
6 0.54125 0.0675 0.62125 0.148333
6 0.5725 0.163333 0.678125 0.253333
6 0.57375 0.11333299999999998 0.66375 0.184167
6 0.5775 0.3 0.705625 0.41
6 0.585 0.21666700000000003 0.69625 0.31
6 0.595625 0.380833 0.743125 0.514167
6 0.6225 0.051667 0.709375 0.13583299999999998
6 0.65 0.4775 0.794375 0.648333
6 0.6575 0.651667 0.85125 0.87
6 0.675625 0.13583299999999998 0.76875 0.23083299999999998
6 0.676875 0.08749999999999998 0.755625 0.165
6 0.69875 0.20333299999999999 0.805 0.289167
6 0.70125 0.275833 0.825625 0.384167
6 0.74 0.359167 0.863125 0.49333299999999997
6 0.794375 0.465833 0.96625 0.640833
6 0.8475 0.643333 0.999375 0.8408329999999999
