6 0.166875 0.26 0.295 0.451667
6 0.0 0.258333 0.055 0.42
6 0.64 0.085833 0.078125 0.23416700000000001
6 0.028125 0.21166699999999997 0.114375 0.321667
6 0.069375 0.8525 0.218125 0.999167
6 0.09375 0.053333 0.2825 0.3275
6 0.299375 0.0 0.47375 0.195833
6 0.3125 0.5341670000000001 0.454375 0.689167
6 0.334375 0.2925 0.485 0.476667
6 0.374375 0.36999999999999994 0.54875 0.594167
6 0.425625 0.854167 0.576875 0.999167
6 0.44125 0.23083299999999998 0.52125 0.33416700000000005
6 0.451875 0.0 0.56125 0.09500000000000001
6 0.491875 0.101667 0.55375 0.213333
6 0.5225 0.655833 0.614375 0.775
6 0.605625 0.589167 0.734375 0.77
6 0.656875 0.873333 0.78625 0.999167
6 0.70875 0.678333 0.806875 0.82
