6 0.0 0.34427800000000003 0.140625 0.765478
6 0.0 0.04784200000000001 0.16625 0.363977
6 0.0 0.796435 0.173125 0.9990620000000001
6 0.0 0.0 0.185625 0.073171
6 0.120625 0.19981200000000002 0.385625 0.594747
6 0.134375 0.594747 0.390625 0.9765479999999999
6 0.155 0.0 0.40375 0.21763600000000002
6 0.340625 0.399625 0.62625 0.827392
6 0.345625 0.8499059999999999 0.600625 0.9990620000000001
6 0.379375 0.038462 0.630625 0.39774899999999996
6 0.40875 0.0 0.6275 0.09474699999999998
6 0.5725 0.17167000000000002 0.841875 0.604128
6 0.57625 0.6519699999999999 0.851875 0.9990620000000001
6 0.6175 0.0 0.908125 0.25985
6 0.82 0.375235 0.999375 0.796435
6 0.82125 0.8114450000000001 0.999375 0.9990620000000001
6 0.87125 0.027205 0.999375 0.382739
