6 0.027777999999999997 0.428105 0.385621 0.720588
6 0.017974 0.116013 0.23365999999999998 0.328431
6 0.119281 0.021242 0.318627 0.17647100000000002
6 0.197712 0.187909 0.367647 0.356209
6 0.367647 0.01634 0.570261 0.143791
6 0.397059 0.187909 0.593137 0.349673
6 0.49183000000000004 0.062091999999999994 0.665033 0.20751599999999998
6 0.54902 0.647059 0.998366 0.960784
6 0.578431 0.168301 0.751634 0.302288
6 0.6176470000000001 0.014706 0.787582 0.104575
6 0.656863 0.080065 0.800654 0.155229
6 0.707516 0.330065 0.936275 0.501634
6 0.746732 0.135621 0.9705879999999999 0.228758
6 0.821895 0.044118 0.998366 0.186275
