6 0.810938 0.071875 0.946875 0.201562
6 0.176563 0.442187 0.290625 0.584375
6 0.254687 0.71875 0.39375 0.875
6 0.2875 0.29375 0.401563 0.43593699999999996
6 0.289062 0.6625 0.382812 0.745313
6 0.296875 0.55625 0.415625 0.651563
6 0.385938 0.642187 0.48125 0.723437
6 0.3875 0.673437 0.475 0.821875
6 0.410937 0.35 0.560938 0.47031300000000004
6 0.503125 0.803125 0.615625 0.9171879999999999
6 0.521875 0.478125 0.6375 0.589063
6 0.528125 0.629687 0.626562 0.728125
6 0.595312 0.42343800000000004 0.682813 0.553125
6 0.648438 0.378125 0.767187 0.478125
6 0.673437 0.5375 0.76875 0.601562
6 0.69375 0.504687 0.814062 0.6
6 0.765625 0.395312 0.8734379999999999 0.51875
