6 0.531875 0.04 0.63625 0.1725
6 0.17125 0.20666700000000002 0.28 0.345833
6 0.19875 0.1225 0.263125 0.22166699999999998
6 0.218125 0.030833 0.3125 0.139167
6 0.221875 0.25166700000000003 0.349375 0.3875
6 0.24625 0.11333299999999998 0.346875 0.245833
6 0.301875 0.315 0.413125 0.4025
6 0.32875 0.184167 0.418125 0.306667
6 0.336875 0.040833 0.43875 0.190833
6 0.365 0.244167 0.486875 0.36833299999999997
6 0.418125 0.06666699999999999 0.47125 0.125833
6 0.419375 0.12083300000000001 0.530625 0.273333
6 0.43125 0.3325 0.543125 0.413333
6 0.47625 0.065 0.55 0.1425
6 0.48375 0.21 0.59625 0.345833
6 0.528125 0.1775 0.60125 0.265
6 0.543125 0.2825 0.6725 0.390833
6 0.59125 0.20333299999999999 0.728125 0.335833
6 0.605625 0.14666700000000002 0.7025 0.258333
