6 0.791 0.485333 0.961 0.6919999999999998
6 0.181 0.597333 0.269 0.706667
6 0.19 0.550667 0.265 0.617333
6 0.265 0.450667 0.318 0.537333
6 0.281 0.568 0.357 0.633333
6 0.315 0.622667 0.403 0.746667
6 0.32 0.39066699999999993 0.374 0.429333
6 0.361 0.346667 0.405 0.381333
6 0.388 0.5253329999999999 0.439 0.570667
6 0.418 0.296 0.453 0.329333
6 0.434 0.570667 0.506 0.625333
6 0.439 0.324 0.476 0.350667
6 0.449 0.425333 0.522 0.528
6 0.451 0.262667 0.486 0.293333
6 0.497 0.656 0.593 0.773333
6 0.499 0.30933299999999997 0.523 0.326667
6 0.511 0.35733299999999996 0.568 0.43466699999999997
6 0.519 0.208 0.553 0.241333
6 0.58 0.31866700000000003 0.629 0.362667
6 0.58 0.198667 0.631 0.265333
6 0.614 0.16933299999999998 0.656 0.22
6 0.625 0.216 0.686 0.296
6 0.659 0.182667 0.698 0.236
6 0.817 0.057333 0.904 0.108
6 0.827 0.717333 0.934 0.864
