6 0.0075 0.80739 0.033125 0.8702830000000001
6 0.031875 0.80739 0.058125 0.860063
6 0.036875 0.416667 0.09625 0.481918
6 0.043125 0.712264 0.075625 0.774371
6 0.045625 0.47720100000000004 0.095 0.532233
6 0.05375 0.812107 0.089375 0.863994
6 0.05375 0.657233 0.0975 0.716195
6 0.058125 0.584906 0.08375 0.6336480000000001
6 0.075625 0.595912 0.12625 0.658805
6 0.09625 0.44575500000000007 0.1375 0.513365
6 0.09625 0.342767 0.14 0.396226
6 0.101875 0.724843 0.130625 0.7657229999999999
6 0.103125 0.396226 0.15125 0.455975
6 0.104375 0.787736 0.146875 0.853774
6 0.1075 0.678459 0.130625 0.7138359999999998
6 0.12375 0.283019 0.173125 0.3325469999999999
6 0.130625 0.242925 0.17125 0.275943
6 0.14 0.183176 0.190625 0.232704
6 0.1575 0.25157199999999996 0.205625 0.30345900000000003
6 0.220625 0.368711 0.265625 0.425314
6 0.245 0.8702830000000001 0.279375 0.923742
6 0.255 0.8789309999999999 0.29875 0.9205969999999999
6 0.280625 0.900157 0.321875 0.939465
6 0.3 0.283019 0.3425 0.339623
6 0.308125 0.22091200000000003 0.354375 0.274371
6 0.3725 0.006289 0.571875 0.41195
6 0.408125 0.4732699999999999 0.501875 0.625
6 0.5075 0.5888359999999999 0.71 0.7586480000000001
6 0.56375 0.349843 0.66625 0.448113
6 0.686875 0.272013 0.793125 0.513365
6 0.719375 0.038522 0.75375 0.081761
6 0.748125 0.044025 0.78625 0.093553
6 0.825 0.52673 0.876875 0.61478
6 0.879375 0.47169799999999995 0.91625 0.516509
6 0.9 0.6297169999999999 0.9725 0.746855
6 0.923125 0.568396 0.96 0.607704
6 0.9325 0.502358 0.9775 0.5471699999999999
