6 0.52 0.454375 0.7633329999999999 0.62125
6 0.06166699999999999 0.51125 0.346667 0.676875
6 0.093333 0.680625 0.503333 0.91625
6 0.1025 0.3625 0.300833 0.45
6 0.194167 0.243125 0.355833 0.303125
6 0.20333299999999999 0.19875 0.341667 0.24625
6 0.20333299999999999 0.4175 0.4258330000000001 0.54875
6 0.21 0.13375 0.321667 0.188125
6 0.22583300000000003 0.17625 0.346667 0.2225
6 0.3875 0.168125 0.515 0.220625
6 0.4258330000000001 0.2175 0.545 0.27375
6 0.453333 0.265 0.595 0.32875
6 0.476667 0.3625 0.6675 0.456875
6 0.59 0.164375 0.699167 0.201875
6 0.595 0.588125 0.8408329999999999 0.74375
6 0.626667 0.19875 0.726667 0.24625
6 0.630833 0.26375 0.781667 0.308125
6 0.654167 0.2175 0.7858329999999999 0.2775
6 0.663333 0.728125 0.9775 0.93
6 0.77 0.424375 0.999167 0.5525
6 0.779167 0.385 0.943333 0.453125
