6 0.124375 0.798333 0.26375 0.939167
6 0.135 0.431667 0.22375 0.5275
6 0.15125 0.31083299999999997 0.25 0.431667
6 0.154375 0.648333 0.29125 0.803333
6 0.233125 0.7375000000000002 0.305 0.8908330000000001
6 0.33625 0.278333 0.445 0.410833
6 0.37125 0.8791670000000001 0.53875 0.999167
6 0.428125 0.160833 0.5325 0.300833
6 0.52375 0.09749999999999999 0.64625 0.2675
6 0.56 0.8375 0.6875 0.9775
6 0.583125 0.929167 0.748125 0.999167
6 0.673125 0.369167 0.725 0.4275
6 0.749375 0.359167 0.820625 0.4383329999999999
