6 0.252058 0.106481 0.284979 0.17901199999999998
6 0.280864 0.216049 0.324074 0.265432
6 0.281893 0.11728399999999999 0.316872 0.16358
6 0.290123 0.14969100000000002 0.33642 0.216049
6 0.299383 0.257716 0.32510300000000003 0.319444
6 0.319959 0.311728 0.341564 0.334877
6 0.324074 0.209877 0.37757199999999996 0.273148
6 0.32510300000000003 0.25463 0.369342 0.313272
6 0.346708 0.17901199999999998 0.39506199999999997 0.25
6 0.358025 0.087963 0.398148 0.158951
6 0.389918 0.12037 0.43415600000000004 0.19135800000000003
6 0.39506199999999997 0.199074 0.44856 0.25308600000000003
6 0.404321 0.243827 0.44856 0.311728
6 0.43312799999999996 0.262346 0.476337 0.319444
6 0.44032899999999997 0.19598800000000002 0.48148100000000005 0.262346
6 0.46913599999999994 0.260802 0.501029 0.316358
