6 0.542188 0.675 0.739062 0.878125
6 0.204688 0.576563 0.348437 0.734375
6 0.275 0.595312 0.42343800000000004 0.754687
6 0.33125 0.529688 0.46875 0.651563
6 0.385938 0.667188 0.548437 0.8
6 0.457812 0.8328120000000001 0.609375 0.9890620000000001
6 0.4625 0.5 0.598437 0.660937
6 0.47031300000000004 0.43593699999999996 0.617188 0.509375
6 0.573438 0.8765620000000001 0.6875 0.996875
6 0.603125 0.43593699999999996 0.773438 0.582812
6 0.648438 0.535937 0.798437 0.714063
6 0.678125 0.8328120000000001 0.8484370000000001 0.9984379999999999
6 0.735937 0.607813 0.903125 0.789062
6 0.760938 0.45468800000000004 0.867188 0.521875
6 0.8390629999999999 0.542188 0.9828129999999999 0.682813
6 0.865625 0.4875 0.9875 0.567187
6 0.8921870000000001 0.682813 0.99375 0.782812
