6 0.195 0.6525 0.3075 0.77
6 0.1975 0.79 0.29 0.8775
6 0.2025 0.5275 0.345 0.6525
6 0.245 0.44 0.34 0.525
6 0.2675 0.31 0.37 0.385
6 0.2875 0.76 0.405 0.88
6 0.2875 0.65 0.415 0.7525
6 0.3175 0.575 0.425 0.67
6 0.325 0.2125 0.425 0.2925
6 0.335 0.4025 0.425 0.5225
6 0.3425 0.35 0.4225 0.425
6 0.3425 0.1425 0.445 0.2225
6 0.36 0.075 0.4525 0.1575
6 0.3725 0.285 0.485 0.385
6 0.3975 0.825 0.4525 0.885
6 0.405 0.715 0.475 0.795
6 0.415 0.625 0.495 0.7275
6 0.425 0.205 0.47 0.2725
6 0.425 0.4775 0.4875 0.535
6 0.4275 0.38 0.5075 0.4725
6 0.4425 0.1225 0.52 0.19
6 0.4725 0.2175 0.555 0.295
6 0.48 0.1575 0.565 0.23
6 0.5325 0.57 0.8075 0.8525
6 0.5575 0.3025 0.81 0.5275
6 0.5925 0.11 0.81 0.285
6 0.61 0.0 0.795 0.09
6 0.83 0.0 0.9975 0.1
6 0.845 0.1325 0.995 0.2875
6 0.8475 0.3225 0.9975 0.535
6 0.8625 0.58 0.9925 0.8575
