9 0.005625 0.489489 0.03875 0.555556
9 0.010625 0.41741700000000004 0.02875 0.4644640000000001
9 0.04125 0.7507510000000001 0.0975 0.8778780000000002
9 0.086875 0.516517 0.14375 0.627628
9 0.14125 0.6046050000000001 0.195 0.694695
9 0.185625 0.6146149999999999 0.245 0.71972
9 0.295 0.054054000000000005 0.3375 0.10810800000000001
9 0.311875 0.134134 0.370625 0.23723699999999998
9 0.36375 0.741742 0.4175 0.834835
9 0.380625 0.801802 0.421875 0.8608610000000001
9 0.4025 0.725726 0.45375 0.801802
9 0.455 0.721722 0.4925 0.8178180000000002
9 0.61 0.36636599999999997 0.6525 0.43643599999999994
9 0.631875 0.520521 0.673125 0.573574
9 0.64125 0.24924899999999997 0.679375 0.294294
9 0.676875 0.694695 0.735625 0.74975
9 0.821875 0.827828 0.889375 0.9389389999999999
9 0.824375 0.093093 0.86625 0.175175
9 0.880625 0.0 0.90375 0.024024
