9 0.008125 0.641667 0.16 0.71
9 0.011875 0.565833 0.170625 0.635833
9 0.050625 0.491667 0.209375 0.569167
9 0.329375 0.235 0.3775 0.296667
9 0.369375 0.224167 0.4225 0.301667
9 0.41875 0.2225 0.49625 0.3
9 0.61375 0.6774999999999999 0.748125 0.8325
9 0.681875 0.656667 0.791875 0.7858329999999999
9 0.706875 0.281667 0.77125 0.359167
9 0.713125 0.346667 0.815 0.41583299999999995
9 0.7325 0.31416700000000003 0.798125 0.365833
9 0.756875 0.6675 0.826875 0.720833
9 0.76875 0.34 0.824375 0.4258330000000001
