9 0.039375 0.332777 0.094375 0.382819
9 0.051875 0.413678 0.11 0.4720600000000001
9 0.091875 0.321101 0.195 0.441201
9 0.125625 0.49958300000000005 0.2275 0.627189
9 0.156875 0.277731 0.210625 0.33444499999999994
9 0.196875 0.468724 0.25625 0.5671390000000001
9 0.2325 0.31359499999999996 0.305 0.379483
9 0.254375 0.439533 0.38375 0.589658
9 0.284375 0.5204340000000001 0.403125 0.682235
9 0.291875 0.386155 0.360625 0.45204300000000003
9 0.356875 0.502919 0.444375 0.628857
9 0.39375 0.353628 0.606875 0.47789799999999993
9 0.450625 0.3603 0.8575 0.5638029999999999
9 0.451875 0.426188 0.571875 0.553795
9 0.58625 0.6380319999999999 0.688125 0.77231
9 0.686875 0.599666 0.81375 0.7648040000000002
9 0.768125 0.512093 0.924375 0.728941
