9 0.004375 0.9147850000000001 0.05875 0.9664969999999999
9 0.09875 0.313183 0.176875 0.39548399999999995
9 0.120625 0.585579 0.186875 0.662782
9 0.128125 0.652586 0.204375 0.714494
9 0.18125 0.348871 0.238125 0.42971599999999993
9 0.270625 0.378004 0.3575 0.48142799999999997
9 0.28375 0.47123100000000007 0.38125 0.585579
9 0.35 0.380189 0.436875 0.501821
9 0.460625 0.853605 0.54875 0.9497450000000001
9 0.534375 0.872542 0.610625 0.9497450000000001
9 0.54 0.0 0.633125 0.10051
9 0.544375 0.92571 0.61375 0.997815
9 0.5875 0.83831 0.655 0.930808
9 0.601875 0.352513 0.70625 0.491624
9 0.865625 0.8514200000000001 0.92 0.9337219999999999
9 0.8975 0.17917 0.981875 0.280408
9 0.9025 0.8222870000000001 0.999375 0.92571
