1 0.069726 0.941176 0.130627 0.9988239999999999
1 0.090026 0.729412 0.21270999999999998 0.912941
1 0.140335 0.945882 0.217123 0.9988239999999999
1 0.25331 0.551765 0.323036 0.747059
1 0.296558 0.8552940000000001 0.381289 0.9988239999999999
1 0.32127100000000003 0.6176470000000001 0.41571099999999994 0.812941
1 0.402471 0.421176 0.532215 0.668235
1 0.601942 0.323529 0.6540159999999999 0.5117649999999999
1 0.683142 0.381176 0.792586 0.541176
1 0.8093560000000001 0.789412 0.840247 0.8470590000000001
1 0.8217120000000001 0.9305879999999999 0.8737860000000001 0.9988239999999999
1 0.909091 0.7788239999999998 0.9841129999999999 0.9105880000000001
