1 0.0 0.4475 0.05125 0.554167
1 0.03625 0.300833 0.084375 0.410833
1 0.068125 0.405 0.146875 0.569167
1 0.098125 0.286667 0.169375 0.355
1 0.1525 0.43083299999999997 0.205 0.558333
1 0.3125 0.393333 0.448125 0.696667
1 0.410625 0.4383329999999999 0.673125 0.655
1 0.443125 0.284167 0.49375 0.3225
1 0.629375 0.666667 0.69 0.739167
1 0.781875 0.565833 0.871875 0.705
1 0.80125 0.44833300000000004 0.864375 0.548333
1 0.868125 0.456667 0.953125 0.639167
1 0.98 0.46916699999999995 0.991875 0.483333
1 0.98 0.461667 0.999375 0.516667
1 0.98875 0.47833299999999995 0.999375 0.49
1 0.991875 0.49499999999999994 0.996875 0.504167
1 0.994375 0.5075 0.999375 0.5175
