1 0.0 0.485833 0.138125 0.740833
1 0.12875 0.6941669999999999 0.178125 0.7575
1 0.2125 0.116667 0.31625 0.21
1 0.226875 0.065 0.2425 0.080833
1 0.245 0.071667 0.258125 0.094167
1 0.325 0.3475 0.40375 0.513333
1 0.370625 0.12416700000000001 0.383125 0.1375
1 0.39 0.2975 0.459375 0.450833
1 0.501875 0.33416700000000005 0.615625 0.490833
1 0.564375 0.1425 0.635 0.23749999999999996
1 0.616875 0.484167 0.649375 0.585833
1 0.63125 0.0 0.770625 0.075833
1 0.71125 0.10000000000000002 0.73375 0.13583299999999998
1 0.735 0.139167 0.758125 0.1775
1 0.7375 0.11333299999999998 0.754375 0.14083299999999999
1 0.758125 0.375 0.7775 0.390833
1 0.78 0.36833299999999997 0.801875 0.399167
1 0.835625 0.45833299999999993 0.999375 0.795833
1 0.874375 0.318333 0.91 0.375
