1 0.0 0.482292 0.111719 0.803125
1 0.049219 0.63125 0.111719 0.805208
1 0.221875 0.610417 0.296094 0.827083
1 0.271875 0.46458299999999997 0.426562 0.748958
1 0.361719 0.797917 0.399219 0.867708
1 0.42265600000000003 0.4156250000000001 0.607813 0.728125
1 0.64375 0.404167 0.8234379999999999 0.7229170000000001
1 0.825 0.398958 0.8507809999999999 0.482292
1 0.8289059999999999 0.50625 0.9148440000000001 0.717708
1 0.877344 0.403125 0.9171879999999999 0.452083
1 0.8804690000000001 0.41875 0.8890629999999999 0.434375
1 0.8960940000000001 0.420833 0.902344 0.43229200000000007
1 0.8960940000000001 0.403125 0.908594 0.420833
1 0.9132809999999999 0.6750000000000002 0.9578120000000001 0.742708
1 0.9578120000000001 0.610417 0.9992190000000001 0.7302079999999999
