1 0.089375 0.19605999999999998 0.13 0.267355
1 0.28125 0.507505 0.340625 0.639775
1 0.32375 0.160413 0.36125 0.20825500000000002
1 0.439375 0.23452199999999995 0.54 0.401501
1 0.46875 0.48029999999999995 0.604375 0.6829270000000001
1 0.471875 0.48405299999999996 0.54 0.6763600000000001
1 0.5525 0.48029999999999995 0.595 0.6819890000000001
1 0.5775 0.446529 0.589375 0.468105
1 0.606875 0.36491599999999996 0.659375 0.501876
1 0.63625 0.5422140000000001 0.68375 0.6829270000000001
1 0.70625 0.508443 0.74875 0.579737
1 0.72 0.506567 0.73 0.5243899999999999
1 0.72375 0.528143 0.736875 0.5487810000000001
1 0.735625 0.5140710000000001 0.749375 0.533771
1 0.77 0.257036 0.8275 0.390244
1 0.770625 0.318949 0.8125 0.3855530000000001
1 0.846875 0.138837 0.85625 0.160413
1 0.85625 0.146341 0.86625 0.16604100000000002
1 0.86375 0.14258900000000002 0.87375 0.15666
