1 0.19125 0.4124999999999999 0.2075 0.4275
1 0.19625 0.4258330000000001 0.20875 0.44833300000000004
1 0.214375 0.4175 0.23 0.4383329999999999
1 0.27875 0.5966670000000001 0.291875 0.615
1 0.293125 0.5825 0.301875 0.598333
1 0.305625 0.584167 0.3175 0.603333
1 0.5075 0.345 0.54 0.4124999999999999
1 0.55625 0.325833 0.705 0.548333
1 0.71125 0.6725 0.723125 0.6925
1 0.735 0.6175 0.74375 0.635833
1 0.7425 0.651667 0.759375 0.669167
1 0.753125 0.739167 0.766875 0.7600000000000001
1 0.760625 0.7116669999999999 0.78 0.735833
