1 0.070312 0.779948 0.15625 0.859375
1 0.10351600000000001 0.9101560000000001 0.136719 0.992188
1 0.11328099999999999 0.24739600000000003 0.181641 0.31901
1 0.208008 0.41145799999999993 0.33105500000000004 0.611979
1 0.22168000000000002 0.233073 0.36425799999999997 0.536458
1 0.274414 0.8945310000000001 0.34081999999999996 0.96875
1 0.35644499999999996 0.9414060000000001 0.380859 0.984375
1 0.37206999999999996 0.0 0.748047 0.476562
1 0.464844 0.546875 0.658203 0.9570310000000001
1 0.72168 0.9414060000000001 0.7558590000000001 0.976562
