1 0.063125 0.830833 0.128125 0.9641670000000001
1 0.11625 0.7966669999999999 0.18375 0.895
1 0.14375 0.631667 0.30875 0.798333
1 0.33875 0.53 0.5075 0.696667
1 0.556875 0.496667 0.628125 0.565833
1 0.58375 0.435 0.62125 0.476667
1 0.61125 0.4625000000000001 0.638125 0.509167
1 0.638125 0.47833299999999995 0.72625 0.583333
1 0.678125 0.410833 0.706875 0.460833
1 0.74125 0.3866669999999999 0.784375 0.460833
1 0.791875 0.37333299999999997 0.838125 0.4366670000000001
1 0.834375 0.33 0.948125 0.409167
