1 0.01375 0.44915299999999997 0.091875 0.634652
1 0.131875 0.823917 0.20375 0.9548019999999999
1 0.188125 0.6224109999999999 0.22 0.684557
1 0.21375 0.8775889999999998 0.25625 0.958569
1 0.229375 0.553672 0.25375 0.6224109999999999
1 0.275 0.7137479999999999 0.348125 0.862524
1 0.370625 0.632768 0.43875 0.7608289999999999
1 0.39125 0.39359700000000003 0.428125 0.47269300000000003
1 0.39125 0.0 0.44 0.09887
1 0.3925 0.141243 0.45375 0.28531100000000004
1 0.426875 0.322034 0.466875 0.38794700000000004
1 0.446875 0.684557 0.488125 0.744821
1 0.479375 0.0 0.518125 0.051789
1 0.480625 0.397363 0.54125 0.5480229999999999
1 0.4875 0.148776 0.568125 0.274011
1 0.536875 0.43785300000000005 0.574375 0.490584
1 0.583125 0.43973599999999996 0.625625 0.573446
1 0.6575 0.148776 0.776875 0.43408700000000006
1 0.66375 0.527307 0.7125 0.630885
1 0.715 0.555556 0.745 0.6355930000000001
1 0.85875 0.318267 0.894375 0.40960500000000005
1 0.884375 0.353107 0.990625 0.542373
1 0.936875 0.0 0.999375 0.12146900000000001
