1 0.1525 0.391549 0.36 0.9990610000000002
1 0.401875 0.177465 0.56875 0.676056
1 0.64375 0.218779 0.673125 0.2723
1 0.645625 0.6835680000000001 0.740625 0.9990610000000002
1 0.650625 0.5896710000000001 0.68 0.641315
1 0.65625 0.11830999999999998 0.681875 0.178404
1 0.688125 0.218779 0.71125 0.253521
1 0.70125 0.27605599999999997 0.718125 0.305164
1 0.939375 0.8356809999999998 0.96875 0.8854459999999998
1 0.96625 0.9276999999999999 0.985625 0.9718309999999999
1 0.985625 0.9417840000000001 0.999375 0.987793
