1 0.074375 0.7075719999999999 0.171875 0.7893819999999999
1 0.14875 0.40992199999999995 0.321875 0.604003
1 0.18 0.705831 0.2375 0.751958
1 0.318125 0.582245 0.328125 0.5953
1 0.335 0.8537860000000002 0.34875 0.8772849999999999
1 0.33625 0.580505 0.3875 0.630983
1 0.35 0.8468229999999999 0.364375 0.867711
1 0.355 0.9033940000000001 0.366875 0.9321149999999999
1 0.366875 0.850305 0.38625 0.875544
1 0.369375 0.909487 0.39 0.928634
1 0.39 0.7432549999999999 0.50625 0.9199299999999999
1 0.419375 0.48825100000000005 0.56 0.721497
1 0.495 0.841601 0.525625 0.8738030000000002
1 0.515625 0.732811 0.683125 0.942559
1 0.531875 0.366406 0.689375 0.4934729999999999
1 0.55 0.8877280000000001 0.565625 0.9147080000000001
1 0.5575 0.8381200000000001 0.576875 0.8772849999999999
1 0.56 0.564839 0.61 0.5970409999999999
1 0.695 0.825065 0.781875 0.950392
1 0.75 0.561358 0.841875 0.650131
1 0.831875 0.38816400000000006 0.95 0.5073979999999999
1 0.886875 0.543081 0.945625 0.67537
