1 0.0 0.298125 0.09430400000000001 0.399375
1 0.0 0.394375 0.18394000000000002 0.520625
1 0.0 0.031875 0.194211 0.1
1 0.0 0.5275 0.306256 0.65375
1 0.020541999999999998 0.11375 0.428571 0.23375
1 0.070962 0.65875 0.49486499999999994 0.889375
1 0.070962 0.1825 0.538749 0.329375
1 0.12231600000000001 0.8175 0.661064 0.999375
1 0.213819 0.278125 0.678805 0.425
1 0.229692 0.0 0.443511 0.0475
1 0.295985 0.3925 0.7731089999999999 0.558125
1 0.42390300000000003 0.015 0.821662 0.143125
1 0.479925 0.5275 0.964519 0.7425
1 0.540616 0.110625 0.9542480000000001 0.23375
1 0.59944 0.66375 0.9990660000000001 0.903125
1 0.622782 0.97125 0.709617 0.999375
1 0.668534 0.1925 0.9990660000000001 0.3275
1 0.739496 0.875625 0.9990660000000001 0.999375
1 0.770308 0.30875 0.9990660000000001 0.43875
