1 0.00125 0.52 0.205 0.708333
1 0.13375 0.321667 0.265 0.5
1 0.17625 0.758333 0.23375 0.815
1 0.20125 0.8366669999999999 0.23875 0.883333
1 0.24125 0.811667 0.27875 0.8616670000000001
1 0.25125 0.08833300000000001 0.7675 0.75
1 0.27875 0.8249999999999998 0.3225 0.8850000000000001
1 0.65125 0.43 0.7425 0.538333
1 0.79125 0.9716670000000001 0.8325 0.998333
1 0.86375 0.3866669999999999 0.99875 0.586667
1 0.89625 0.928333 0.9125 0.963333
1 0.91625 0.9049999999999999 0.95125 0.9733329999999999
1 0.96125 0.946667 0.99625 0.988333
