1 0.0 0.065943 0.530625 0.999165
1 0.58875 0.383139 0.610625 0.41736199999999996
1 0.60375 0.410684 0.63375 0.448247
1 0.611875 0.36394 0.645 0.41569300000000003
1 0.635 0.4432390000000001 0.999375 0.999165
1 0.64 0.284641 0.68625 0.33305500000000005
1 0.64125 0.03172 0.659375 0.065943
1 0.651875 0.386477 0.68375 0.410684
1 0.651875 0.028381 0.685 0.065943
1 0.656875 0.41903199999999996 0.68375 0.43489099999999997
1 0.67125 0.055927 0.708125 0.093489
1 0.6825 0.004174000000000001 0.709375 0.035058
