1 0.21625 0.36416699999999996 0.56875 0.655
1 0.380625 0.9325 0.40625 0.968333
1 0.40875 0.9133330000000001 0.430625 0.9441669999999999
1 0.429375 0.918333 0.465625 0.954167
1 0.433125 0.958333 0.460625 0.999167
1 0.45625 0.61 0.538125 0.716667
1 0.469375 0.863333 0.495 0.8975
1 0.49125 0.8408329999999999 0.52125 0.8825
1 0.53125 0.625833 0.580625 0.675833
1 0.536875 0.545 0.59875 0.635833
1 0.555 0.4775 0.6075 0.556667
1 0.583125 0.5925 0.615625 0.665
1 0.6 0.506667 0.6325 0.5875
1 0.6475 0.553333 0.675 0.606667
