1 0.011875 0.26547800000000005 0.054375 0.353659
1 0.1425 0.69606 0.226875 0.8789870000000002
1 0.211875 0.084428 0.273125 0.153846
1 0.23625 0.591932 0.44125 0.9943709999999999
1 0.256875 0.209193 0.3375 0.322702
1 0.311875 0.288931 0.415625 0.576923
1 0.474375 0.0 0.893125 0.501876
1 0.7075 0.665103 0.85875 0.9155719999999998
1 0.711875 0.668856 0.8325 0.753283
1 0.71875 0.0 0.894375 0.202627
1 0.78875 0.84334 0.854375 0.9165100000000002
1 0.86875 0.184803 0.999375 0.375235
1 0.96625 0.788931 0.999375 0.873358
