1 0.076172 0.311198 0.352539 0.625
1 0.41308599999999995 0.39974 0.6621090000000001 0.710938
1 0.44433599999999995 0.239583 0.46191400000000005 0.264323
1 0.46386700000000003 0.14843800000000001 0.48144499999999996 0.179688
1 0.482422 0.14843800000000001 0.498047 0.179688
1 0.520508 0.067708 0.536133 0.088542
1 0.524414 0.070312 0.533203 0.09375
1 0.53125 0.045573 0.546875 0.067708
1 0.541992 0.091146 0.555664 0.10807300000000002
1 0.555664 0.10807300000000002 0.5664060000000001 0.125
1 0.8623049999999999 0.3736979999999999 0.999023 0.61849
1 0.9345700000000001 0.165365 0.949219 0.192708
1 0.953125 0.0 0.9716799999999999 0.018229
1 0.9550780000000001 0.0 0.999023 0.041667
1 0.957031 0.016927 0.9746090000000001 0.040365
1 0.9824219999999999 0.02474 0.9912110000000001 0.039062
1 0.984375 0.0 0.9980469999999999 0.022135
