15 0.0 0.9011950000000001 0.073125 0.966534
15 0.016875 0.9027890000000001 0.04875 0.9235059999999999
15 0.138125 0.966534 0.169375 0.9992030000000002
15 0.165 0.17848599999999998 0.2 0.211155
15 0.188125 0.211155 0.1975 0.223108
15 0.2 0.470916 0.224375 0.494821
15 0.23375 0.7019920000000001 0.258125 0.733068
15 0.255625 0.725896 0.27 0.753785
15 0.30375 0.23107600000000003 0.35375 0.27251
15 0.305625 0.245418 0.36875 0.29880500000000004
15 0.35125 0.031873 0.38625 0.04541800000000001
15 0.351875 0.596016 0.39625 0.63745
15 0.378125 0.8788839999999999 0.411875 0.9235059999999999
15 0.393125 0.628685 0.419375 0.680478
15 0.42125 0.935458 0.435 0.970518
15 0.67625 0.32908400000000004 0.854375 0.427888
15 0.680625 0.8796809999999999 0.75625 0.9434259999999999
15 0.738125 0.9306770000000001 0.83125 0.9992030000000002
15 0.816875 0.377689 0.874375 0.46215100000000003
15 0.925625 0.023108 0.973125 0.043825
