15 0.0 0.69877 0.050031 0.897541
15 0.0 0.7766390000000001 0.06379 0.9887299999999999
15 0.0050030000000000005 0.835041 0.080675 0.996926
15 0.0075049999999999995 0.696721 0.10256400000000002 0.923156
15 0.065041 0.58709 0.121326 0.751025
15 0.081926 0.644467 0.140713 0.998975
15 0.089431 0.098361 0.420263 0.690574
15 0.12257699999999999 0.688525 0.18699200000000002 0.998975
15 0.17636 0.704918 0.285804 0.998975
15 0.178862 0.593238 0.316448 0.914959
15 0.300813 0.498975 0.393371 0.895492
15 0.302064 0.8831969999999999 0.34834299999999996 0.998975
15 0.357098 0.6506149999999999 0.437774 0.998975
15 0.38399 0.295082 0.45591000000000004 0.585041
15 0.38399 0.180328 0.525328 0.410861
15 0.397123 0.585041 0.458412 0.669057
15 0.42651700000000003 0.490779 0.465916 0.602459
15 0.43151999999999996 0.396516 0.485303 0.503074
15 0.434021 0.616803 0.507192 0.998975
15 0.458412 0.417008 0.507192 0.648566
15 0.458412 0.122951 0.510944 0.214139
15 0.49280799999999997 0.180328 0.601001 0.360656
15 0.494059 0.534836 0.582864 0.8247950000000001
15 0.50344 0.24692600000000003 0.59162 0.503074
15 0.505941 0.784836 0.5484680000000001 0.998975
15 0.5365850000000001 0.467213 0.574109 0.606557
15 0.539087 0.266393 0.636648 0.518443
15 0.5522199999999999 0.751025 0.607255 0.998975
15 0.559725 0.530738 0.634146 0.72541
15 0.589118 0.230533 0.749218 0.444672
15 0.59162 0.182377 0.73546 0.330943
15 0.5966229999999999 0.6731560000000001 0.716073 0.8206969999999999
15 0.604753 0.8872950000000001 0.667292 0.996926
15 0.6097560000000001 0.308402 0.7529710000000001 0.501025
15 0.621013 0.540984 0.68793 0.7428279999999999
15 0.630394 0.790984 0.691682 0.9334020000000001
15 0.656035 0.469262 0.789243 0.6393439999999999
15 0.673546 0.7786890000000001 0.7529710000000001 0.998975
15 0.686679 0.3125 0.79925 0.503074
15 0.691682 0.60041 0.758599 0.767418
15 0.729831 0.858607 0.804253 0.998975
15 0.7504689999999999 0.612705 0.8092560000000001 0.8473360000000001
15 0.763602 0.27663899999999997 0.8874299999999999 0.478484
15 0.774859 0.358607 0.893058 0.582992
15 0.7842399999999999 0.144467 0.863665 0.328893
15 0.787992 0.44057399999999997 0.896811 0.6946720000000001
15 0.792996 0.744877 0.8811760000000001 0.998975
15 0.869919 0.6106560000000001 0.988743 0.767418
15 0.876173 0.28483600000000003 0.986241 0.5665979999999999
15 0.8893059999999999 0.518443 0.98374 0.70082
