12 0.1025 0.765 0.17125 0.900833
12 0.2475 0.608333 0.338125 0.708333
12 0.300625 0.815 0.44875 0.9975
12 0.376875 0.530833 0.44625 0.608333
12 0.418125 0.4875 0.475 0.551667
12 0.425 0.6774999999999999 0.523125 0.813333
12 0.503125 0.434167 0.5525 0.485833
12 0.505625 0.620833 0.570625 0.706667
12 0.535625 0.555 0.60625 0.625833
12 0.55125 0.408333 0.588125 0.443333
12 0.570625 0.3825 0.6075 0.419167
12 0.584375 0.505 0.62875 0.5725
12 0.6075 0.44833300000000004 0.6425 0.503333
12 0.613125 0.37916700000000003 0.665625 0.411667
12 0.624375 0.414167 0.659375 0.456667
12 0.656875 0.38999999999999996 0.688125 0.434167
