12 0.033125 0.515 0.119375 0.6808330000000001
12 0.079375 0.8424999999999999 0.135 0.918333
12 0.17 0.8325 0.306875 0.999167
12 0.179375 0.328333 0.276875 0.610833
12 0.21875 0.6425 0.301875 0.7033330000000001
12 0.24125 0.041667 0.339375 0.1725
12 0.264375 0.46916699999999995 0.353125 0.616667
12 0.310625 0.61 0.388125 0.729167
12 0.461875 0.605 0.5125 0.6774999999999999
12 0.494375 0.2675 0.576875 0.37083299999999997
12 0.544375 0.1675 0.63125 0.275833
12 0.685 0.485833 0.764375 0.580833
12 0.733125 0.589167 0.8225 0.735833
12 0.735625 0.2625 0.80125 0.405
12 0.776875 0.2775 0.891875 0.44833300000000004
