      0/99     1.89G    0.1028   0.03929         0    0.1421        19       384    0.5351   0.04688    0.1238   0.04995   0.08292   0.03682         0
      1/99     3.06G   0.06987   0.03968         0    0.1096        17       384     0.104    0.7344    0.2923    0.1604   0.06049   0.03714         0
      2/99     3.06G   0.05786    0.0352         0   0.09307        19       384    0.1458    0.7812    0.3657    0.1948   0.05721   0.03039         0
      3/99     3.06G   0.05346    0.0338         0   0.08726        18       384    0.1138    0.7578    0.3096    0.1301   0.05372   0.03156         0
      4/99     3.06G   0.04956   0.03279         0   0.08235        19       384     0.213    0.7969    0.5045    0.2837   0.04828   0.03069         0
      5/99     3.06G   0.04672   0.03244         0   0.07916        18       384    0.2689    0.7578    0.4478    0.2683   0.04764   0.03055         0
      6/99     3.06G   0.04386   0.03176         0   0.07562        19       384    0.2568    0.7891    0.5278    0.3435    0.0454    0.0315         0
      7/99     3.06G   0.04447   0.03135         0   0.07582        19       384    0.2561    0.7422    0.4983    0.3498   0.04661   0.03312         0
      8/99     3.06G   0.04333   0.03025         0   0.07358        18       384    0.3256    0.7344    0.5567    0.3529   0.04339   0.03233         0
      9/99     3.06G   0.04361   0.03045         0   0.07406        19       384    0.2324    0.7109    0.4085    0.2566   0.04608   0.03335         0
     10/99     3.06G   0.04191   0.03042         0   0.07232        18       384    0.2283    0.6875    0.3478    0.2293   0.04597   0.03682         0
     11/99     3.06G   0.04028   0.03118         0   0.07146        19       384    0.2944    0.7107     0.599    0.4021   0.04347   0.03088         0
     12/99     3.06G   0.04367   0.02964         0   0.07331        17       384    0.4006    0.6562    0.4315    0.2814   0.04648   0.03434         0
     13/99     3.06G    0.0429   0.02971         0   0.07261        19       384    0.3246    0.6641    0.4613    0.3336   0.04747   0.03363         0
     14/99     3.06G   0.04165   0.03058         0   0.07222        19       384    0.2433    0.7266    0.4391    0.2901   0.04573   0.03367         0
     15/99     3.06G   0.03915   0.03153         0   0.07069        19       384    0.2741    0.6696    0.4059    0.2634   0.04802    0.0364         0
     16/99     3.06G   0.03986   0.03081         0   0.07066        19       384    0.3523    0.6953    0.4507    0.2778   0.04752   0.03372         0
     17/99     3.06G    0.0382   0.03015         0   0.06835        18       384    0.2783    0.7422    0.5267    0.3835   0.04361   0.03402         0
     18/99     3.06G   0.03874   0.02988         0   0.06862        19       384    0.2435    0.6484    0.3666    0.2671     0.041   0.03957         0
     19/99     3.06G   0.03846   0.02911         0   0.06757        19       384     0.363    0.6406    0.4833    0.3709   0.04257   0.03673         0
     20/99     3.06G   0.03754   0.02835         0   0.06589        19       384    0.2463    0.6406    0.4035    0.3056   0.04329   0.03928         0
     21/99     3.06G   0.03593   0.02732         0   0.06325        19       384    0.3783    0.6562    0.5319    0.3651   0.04856    0.0342         0
     22/99     3.06G   0.03552   0.02669         0   0.06221        19       384     0.269    0.6406    0.4256    0.3026   0.04542   0.03936         0
     23/99     3.06G   0.03498   0.02727         0   0.06225        19       384    0.3139    0.6641    0.4772    0.3514   0.04354   0.03874         0
     24/99     3.06G   0.03471   0.02748         0   0.06219        19       384    0.3089    0.6328    0.4633    0.3438   0.04456   0.03566         0
     25/99     3.06G   0.03422   0.02631         0   0.06053        19       384    0.3743    0.6562    0.5471    0.4017   0.04374    0.0364         0
     26/99     3.06G   0.03474   0.02595         0   0.06069        19       384    0.4159    0.6641    0.5046    0.3585   0.04449   0.03661         0
     27/99     3.06G   0.03406   0.02539         0   0.05946        18       384    0.3188    0.6544    0.4568    0.3496   0.04321   0.03709         0
     28/99     3.06G   0.03352   0.02548         0     0.059        19       384    0.3571    0.6562    0.5514    0.4104   0.04069   0.03784         0
     29/99     3.06G   0.03267   0.02494         0   0.05762        18       384    0.2878    0.6641    0.5279    0.3763   0.04261   0.03846         0
     30/99     3.06G   0.03233    0.0247         0   0.05703        18       384    0.3527    0.6797    0.5133    0.3867   0.04108   0.03546         0
     31/99     3.06G   0.03191   0.02395         0   0.05586        18       384    0.3465    0.6406    0.4555    0.3348   0.04258    0.0381         0
     32/99     3.06G   0.03215   0.02356         0   0.05571        18       384    0.3919    0.7031    0.5219     0.386   0.04411   0.03484         0
     33/99     3.06G   0.03102   0.02335         0   0.05437        19       384    0.3577    0.6719    0.5572    0.4116    0.0413   0.03795         0
     34/99     3.06G   0.03068    0.0227         0   0.05338        19       384      0.47    0.6328    0.6045    0.4608   0.04151   0.03803         0
     35/99     3.06G   0.03096   0.02291         0   0.05387        18       384    0.3686     0.675     0.516    0.3937   0.04247   0.03717         0
     36/99     3.06G   0.03044   0.02286         0    0.0533        19       384    0.5053    0.6942    0.6218    0.4488   0.04369   0.03433         0
     37/99     3.06G   0.03058   0.02207         0   0.05265        19       384     0.495    0.6797    0.5868    0.4415   0.04373   0.03737         0
     38/99     3.06G   0.03023   0.02226         0   0.05249        17       384    0.4018    0.6875    0.5771    0.4241   0.04164   0.03554         0
     39/99     3.06G   0.02977   0.02183         0    0.0516        18       384    0.4569    0.7344    0.5969    0.4487    0.0433   0.03358         0
     40/99     3.06G   0.02926   0.02154         0   0.05081        18       384    0.4315    0.6641    0.5689    0.4251   0.04093   0.03396         0
     41/99     3.06G   0.02917   0.02123         0   0.05041        19       384    0.4201     0.625    0.5388    0.3981   0.03977   0.03951         0
     42/99     3.06G   0.02903   0.02132         0   0.05035        18       384    0.4186    0.6016    0.4908    0.3802   0.04258   0.04233         0
     43/99     3.06G   0.02905   0.02082         0   0.04988        18       384    0.4437    0.6562    0.5233    0.3694   0.04191   0.03797         0
     44/99     3.06G   0.02898   0.02087         0   0.04986        17       384    0.4747    0.6094    0.5313    0.3931   0.04316   0.04074         0
     45/99     3.06G   0.02792   0.02093         0   0.04885        18       384    0.4139    0.6016    0.5263    0.4012   0.04356    0.0418         0
     46/99     3.06G   0.02802   0.02056         0   0.04858        19       384    0.4404    0.6562    0.5763    0.4333   0.04182   0.03833         0
     47/99     3.06G   0.02779   0.01993         0   0.04772        18       384    0.4527    0.6562    0.5267    0.4043   0.04336   0.03922         0
     48/99     3.06G   0.02692   0.02062         0   0.04754        18       384    0.4932    0.6766    0.5834    0.4397   0.04317   0.03654         0
     49/99     3.06G    0.0271   0.01985         0   0.04695        19       384    0.4573    0.6719    0.5752    0.4292   0.04252   0.03994         0
     50/99     3.06G   0.02782   0.01974         0   0.04756        18       384    0.4417    0.5938    0.4825    0.3792   0.04303   0.04287         0
     51/99     3.06G   0.02656   0.01932         0   0.04589        18       384    0.4168    0.6328     0.472    0.3519   0.04151   0.03875         0
     52/99     3.06G   0.02639   0.01904         0   0.04544        19       384    0.5046    0.6287    0.5556    0.4145   0.04194   0.03718         0
     53/99     3.06G   0.02608   0.01878         0   0.04486        19       384    0.5172    0.6719    0.5795    0.4483   0.04128   0.03891         0
     54/99     3.06G   0.02584   0.01848         0   0.04432        17       384    0.5045    0.6719    0.5341    0.4169   0.03989   0.03809         0
     55/99     3.06G   0.02634   0.01879         0   0.04514        18       384    0.4597    0.6016      0.53    0.4099   0.04177   0.04194         0
     56/99     3.06G   0.02537   0.01833         0   0.04371        19       384    0.4923    0.6562    0.5645    0.4344    0.0398   0.03681         0
     57/99     3.06G   0.02568   0.01877         0   0.04445        19       384    0.4971     0.641    0.5973    0.4587   0.04081   0.03886         0
     58/99     3.06G   0.02412    0.0178         0   0.04193        18       384    0.5383     0.625    0.5782    0.4588   0.04182   0.04132         0
     59/99     3.06G   0.02466   0.01784         0    0.0425        18       384    0.5064    0.6562    0.5572    0.4196    0.0409   0.03987         0
     60/99     3.06G   0.02455   0.01787         0   0.04242        18       384    0.5759    0.6406    0.5935    0.4577   0.04082   0.04172         0
     61/99     3.06G   0.02396   0.01742         0   0.04138        19       384    0.5624    0.6562    0.5745    0.4402   0.04011   0.03769         0
     62/99     3.06G   0.02438   0.01727         0   0.04165        19       384    0.5427    0.6305    0.5683    0.4441   0.04151   0.04161         0
     63/99     3.06G   0.02387   0.01736         0   0.04124        18       384    0.4988    0.6719    0.5407    0.4093   0.04005   0.04128         0
     64/99     3.06G    0.0234   0.01672         0   0.04012        17       384    0.6023    0.6172    0.6049    0.4677   0.04175   0.04059         0
     65/99     3.06G   0.02375   0.01702         0   0.04078        17       384    0.5692    0.6328    0.5573    0.4285   0.04146   0.04284         0
     66/99     3.06G   0.02326     0.017         0   0.04025        19       384    0.5141    0.6201    0.5641    0.4387   0.04177   0.04351         0
     67/99     3.06G   0.02302   0.01698         0      0.04        19       384    0.5137    0.6328     0.534    0.4089   0.04043   0.04151         0
     68/99     3.06G   0.02251   0.01665         0   0.03917        18       384    0.5504     0.625    0.5904    0.4587   0.04132   0.04003         0
     69/99     3.06G   0.02301   0.01676         0   0.03977        19       384    0.5333    0.6406    0.5493    0.4272   0.04051    0.0426         0
     70/99     3.06G   0.02247   0.01642         0   0.03889        19       384    0.5188    0.6719    0.5758    0.4527   0.04152   0.04007         0
     71/99     3.06G   0.02286    0.0164         0   0.03925        19       384    0.6093    0.6702    0.6027     0.458   0.04119   0.03991         0
     72/99     3.06G    0.0228   0.01661         0   0.03941        19       384    0.5216    0.6406    0.5253    0.4057   0.04225   0.04396         0
     73/99     3.06G   0.02238    0.0163         0   0.03867        19       384    0.5432    0.6783    0.5467    0.4196   0.04127   0.04063         0
     74/99     3.06G   0.02208   0.01647         0   0.03854        19       384    0.5305    0.6875     0.564    0.4409   0.03907   0.04179         0
     75/99     3.06G   0.02236   0.01614         0    0.0385        19       384    0.5409    0.6953    0.5663    0.4319    0.0399   0.04157         0
     76/99     3.06G   0.02184   0.01575         0   0.03759        19       384    0.5452    0.6562    0.5524    0.4304    0.0409   0.04275         0
     77/99     3.06G   0.02181   0.01568         0   0.03748        19       384    0.5089    0.6719    0.5509    0.4305   0.03941   0.04317         0
     78/99     3.06G   0.02138   0.01544         0   0.03682        19       384    0.5105    0.6601    0.5498    0.4286   0.04138   0.04285         0
     79/99     3.06G   0.02113    0.0153         0   0.03643        18       384    0.4977    0.6562    0.5302     0.414   0.03948    0.0443         0
     80/99     3.06G   0.02137   0.01602         0   0.03739        19       384     0.499    0.6614    0.5498    0.4182   0.03975   0.04277         0
     81/99     3.06G   0.02155   0.01577         0   0.03732        19       384    0.5273     0.625     0.528     0.412   0.04149   0.04372         0
     82/99     3.06G   0.02086   0.01513         0     0.036        18       384    0.4996    0.6172    0.5209     0.405   0.04234   0.04465         0
     83/99     3.06G   0.02067   0.01559         0   0.03626        19       384    0.5369    0.6406    0.5435    0.4281    0.0413   0.04304         0
     84/99     3.06G   0.02071   0.01513         0   0.03584        17       384    0.5511    0.6406     0.561    0.4381   0.04199   0.04334         0
     85/99     3.06G   0.02058   0.01522         0    0.0358        19       384     0.527     0.625    0.5354     0.419   0.04174   0.04441         0
     86/99     3.06G   0.02065   0.01508         0   0.03574        19       384    0.5422    0.6328    0.5215    0.4075   0.04208   0.04535         0
     87/99     3.06G   0.02029   0.01505         0   0.03534        19       384    0.5325    0.6562    0.5401    0.4355   0.04251   0.04353         0
     88/99     3.06G   0.02049   0.01508         0   0.03557        19       384    0.5306    0.6328    0.5277    0.4113    0.0415    0.0443         0
     89/99     3.06G   0.02047    0.0148         0   0.03527        18       384    0.5795    0.6406    0.5636    0.4404   0.04039   0.04198         0
     90/99     3.06G   0.02062   0.01461         0   0.03523        19       384    0.5715     0.646    0.5594    0.4358   0.04126   0.04357         0
     91/99     3.06G   0.02047    0.0147         0   0.03517        18       384    0.5747    0.6641    0.5646    0.4485   0.04149     0.042         0
     92/99     3.06G    0.0199   0.01514         0   0.03504        18       384    0.5684    0.6406    0.5461    0.4365   0.04234     0.042         0
     93/99     3.06G   0.02006   0.01485         0   0.03491        18       384     0.564    0.6094    0.5593     0.438   0.04243   0.04323         0
     94/99     3.06G   0.01959   0.01468         0   0.03427        19       384    0.5343    0.6016    0.5293    0.4255   0.04252   0.04575         0
     95/99     3.06G   0.01991   0.01472         0   0.03463        19       384    0.5607    0.6328    0.5383    0.4241   0.04238    0.0456         0
     96/99     3.06G   0.01975   0.01452         0   0.03427        18       384    0.5549    0.6406    0.5725    0.4509   0.04226    0.0434         0
     97/99     3.06G   0.01949   0.01433         0   0.03381        18       384    0.5774    0.6406    0.5521    0.4335   0.04329   0.04482         0
     98/99     3.06G   0.01957   0.01419         0   0.03376        18       384    0.5187    0.6484    0.5616    0.4484   0.04171   0.04372         0
     99/99     3.06G   0.01953   0.01493         0   0.03445        18       384    0.5655     0.625    0.5587    0.4497   0.04199   0.04429         0
