0 0.0 0.40853649999999997 0.016875 0.03658499999999998
0 0.0 0.438555 0.016875 0.04221400000000006
0 0.0 0.3302065 0.019375 0.07504700000000004
0 0.0 0.131801 0.02625 0.047842000000000016
0 0.0 0.21341499999999997 0.13125 0.19605999999999998
0 0.64 0.258443 0.007500000000000001 0.04409000000000001
0 0.64 0.52955 0.15375000000000003 0.25985
0 0.1803125 0.5576925 0.219375 0.28799299999999994
0 0.1784375 0.34240149999999997 0.18687499999999996 0.17636099999999993
0 0.313125 0.40197000000000005 0.21500000000000002 0.24671600000000007
0 0.366875 0.608818 0.21250000000000002 0.28330199999999983
0 0.4128125 0.27485899999999996 0.169375 0.23452199999999995
0 0.373125 0.5314255000000001 0.08250000000000002 0.09849900000000006
0 0.558125 0.43058149999999995 0.31375 0.322701
0 0.5309375000000001 0.642589 0.22062499999999996 0.3076919999999999
0 0.65125 0.30675450000000004 0.2662500000000001 0.272045
0 0.7121875 0.0 0.188125 0.061914
0 0.756875 0.6885555 0.24250000000000005 0.36210099999999995
0 0.8465625 0.4934335 0.2093750000000001 0.3095690000000001
0 0.9199999999999999 0.6674485 0.15875000000000006 0.4924949999999999
