0 0.0 0.6966144999999999 0.048827999999999996 0.06770899999999995
0 0.0 0.7617189999999999 0.189453 0.06770799999999995
0 0.0449215 0.8639324999999999 0.033203 0.016926999999999914
0 0.127441 0.6992185000000001 0.149414 0.04947899999999983
0 0.0717775 0.8561195000000001 0.022460999999999995 0.01171900000000011
0 0.0893555 0.8632814999999999 0.010742999999999989 0.013021000000000171
0 0.106934 0.7467445000000001 0.04199199999999999 0.04296900000000011
0 0.2670895 0.7565105000000001 0.182617 0.054687000000000076
0 0.2768555 0.6927084999999998 0.151367 0.046875
0 0.24365199999999998 0.8502605000000001 0.02441400000000002 0.010416999999999899
0 0.28271500000000005 0.8463545 0.034180000000000044 0.013021000000000024
0 0.418457 0.714193 0.12793 0.12109400000000003
0 0.43603499999999995 0.8385415000000002 0.01464800000000005 0.013021000000000024
0 0.4541015 0.8346355000000001 0.011718999999999924 0.010416999999999899
0 0.4711915 0.8346355 0.022461000000000064 0.015625
0 0.833008 0.8580730000000001 0.01757799999999987 0.02343799999999992
0 0.920898 0.7695310000000001 0.15625 0.16145799999999996
0 0.849121 0.8697915000000002 0.01074200000000003 0.015625
0 0.986816 0.9791664999999999 0.024413999999999936 0.02343700000000008
