0 0.8687499999999999 0.664165 0.08750000000000002 0.10131400000000013
0 0.0 0.373358 0.0175 0.06379000000000005
0 0.0 0.27392099999999997 0.05 0.04127600000000003
0 0.0 0.4108815 0.07875 0.10131299999999999
0 0.0 0.509381 0.19875 0.16698000000000007
0 0.0275 0.3020635 0.0525 0.030019000000000007
0 0.15812500000000002 0.7504689999999999 0.28125 0.21013200000000007
0 0.08374999999999999 0.27485899999999996 0.075 0.08442800000000003
0 0.12187500000000001 0.9831144999999999 0.07875 0.03001900000000009
0 0.179375 0.9268295000000002 0.11624999999999999 0.12007500000000006
0 0.164375 0.3883675 0.06125 0.07504699999999995
0 0.224375 0.9512194999999999 0.12124999999999997 0.09380899999999989
0 0.22562500000000002 0.317073 0.07875000000000001 0.09005600000000005
0 0.23500000000000001 0.381801 0.08000000000000002 0.10319000000000002
0 0.295 0.3827395000000001 0.0625 0.07879900000000004
0 0.32 0.9615384999999999 0.10499999999999998 0.07317099999999993
0 0.30625 0.4840525 0.0625 0.12382699999999985
0 0.285625 0.18292700000000003 0.01874999999999999 0.02814200000000001
0 0.2975 0.19887450000000004 0.017500000000000016 0.03001900000000003
0 0.363125 0.5056284999999999 0.09875 0.12195100000000003
0 0.36812500000000004 0.356473 0.06624999999999998 0.06754200000000002
0 0.384375 0.4221385 0.09375 0.11632299999999997
0 0.374375 0.2026265 0.01874999999999999 0.03377099999999997
0 0.38749999999999996 0.22701700000000002 0.017500000000000016 0.03001799999999999
0 0.44875 0.5084425 0.08749999999999997 0.10131300000000007
0 0.5406249999999999 0.7748595000000001 0.24624999999999997 0.24765500000000026
0 0.46 0.435272 0.07750000000000001 0.10131399999999996
0 0.44875 0.326454 0.04249999999999998 0.07880000000000001
0 0.54 0.8442774999999999 0.09999999999999998 0.11632299999999993
0 0.5543750000000001 0.44183849999999997 0.07874999999999999 0.12570299999999998
0 0.57125 0.9878049999999999 0.06999999999999995 0.020637999999999802
0 0.56875 0.486867 0.04249999999999998 0.06566600000000003
0 0.6243749999999999 0.4587245 0.08875 0.12195100000000003
0 0.6331249999999999 0.9268295 0.09875 0.1425889999999999
0 0.69625 0.9380865 0.12249999999999994 0.12007499999999989
0 0.6825000000000001 0.48968100000000003 0.057499999999999996 0.086304
0 0.700625 0.4277675 0.0837500000000001 0.11257099999999998
0 0.7925 0.662289 0.22750000000000004 0.23639800000000008
0 0.901875 0.8621010000000001 0.11375000000000002 0.13320799999999997
0 0.9593750000000001 0.9587245 0.07874999999999999 0.07879899999999995
0 0.973125 0.8818009999999998 0.05125000000000002 0.1275800000000001
