0 0.41820999999999997 0.768868 0.20678999999999995 0.1768860000000001
0 0.0817905 0.112618 0.095679 0.0625
0 0.29475350000000006 0.25 0.5216050000000001 0.23585
0 0.05709850000000001 0.1503535 0.04012300000000001 0.079009
0 0.4444445 0.40742899999999993 0.8148150000000001 0.38797199999999993
0 0.10030849999999998 0.15448099999999998 0.05555499999999998 0.02830200000000002
0 0.155864 0.143868 0.08950600000000003 0.058962000000000014
0 0.17129650000000002 0.12558950000000002 0.07716100000000001 0.057783
0 0.6373455 0.6261795 0.6574069999999999 0.686321
0 0.658179 0.8549525 0.23302399999999998 0.20518899999999995
