0 0.2796875 0.6050655 0.129375 0.20825500000000013
0 0.0 0.0558165 0.02375 0.057223
0 0.0 0.7532835 0.4375 0.4915570000000002
0 0.0490625 0.2856475 0.068125 0.05534700000000003
0 0.13218749999999999 0.1060035 0.08312499999999999 0.08067499999999998
0 0.159375 0.0 0.10124999999999999 0.053471000000000005
0 0.3678125 0.151032 0.06562499999999999 0.13696
0 0.5390625 0.087242 0.06437500000000007 0.09005600000000001
0 0.7634375 0.3658535 0.47187500000000004 0.613509
0 0.6178125000000001 0.0853655 0.083125 0.14446499999999998
0 0.840625 0.253283 0.15875000000000006 0.24014999999999997
