0 0.8878125 0.8754165 0.19562499999999994 0.24083299999999985
0 0.155 0.33875000000000005 0.15250000000000002 0.22250000000000003
0 0.5546875 0.17625000000000002 0.179375 0.23750000000000002
0 0.6478125 0.880417 0.17937500000000006 0.23750000000000013
0 0.6853125 0.3408335 0.20562499999999995 0.27333299999999994
0 0.7159375 0.6720830000000001 0.1781250000000001 0.24750000000000005
0 0.7453125 0.915 0.10562499999999997 0.16833400000000007
0 0.8246875 0.49291650000000004 0.17437499999999995 0.24083300000000007
0 0.9034375 0.268333 0.17437499999999995 0.24
0 0.9646875 0.51875 0.06937499999999996 0.18916600000000003
