0 0.0961915 0.714193 0.192383 0.24609400000000003
0 0.0966795 0.287109 0.193359 0.282552
0 0.081055 0.49804699999999996 0.13476600000000002 0.15755199999999991
0 0.0932615 0.9153644999999999 0.155273 0.1666669999999999
0 0.092285 0.08138 0.149414 0.16276
0 0.20654300000000003 0.43815099999999996 0.21777400000000005 0.277344
0 0.21826199999999998 0.8626299999999999 0.21581999999999996 0.2721359999999999
0 0.225586 0.080729 0.154296 0.161458
0 0.23144549999999997 0.1289065 0.15820299999999995 0.075521
0 0.2578125 0.34570300000000004 0.132813 0.18880199999999994
0 0.255859 0.7311200000000001 0.125 0.14713599999999985
0 0.3027345 0.013021 0.03906299999999996 0.026042
0 0.404785 0.044271 0.16699200000000003 0.088542
0 0.42089849999999995 0.7167965000000001 0.193359 0.2643229999999999
0 0.42236300000000004 0.1914065 0.180664 0.23177100000000003
0 0.4277345 0.43554699999999996 0.19140699999999994 0.23828199999999988
0 0.40918 0.9270834999999998 0.09765599999999997 0.14322899999999997
0 0.4497070000000001 0.34960949999999996 0.14355400000000001 0.13151100000000002
0 0.544922 0.9088539999999999 0.22656199999999999 0.17968799999999993
0 0.5625 0.07487 0.17773400000000006 0.14974
0 0.5805665 0.27604200000000007 0.18652299999999994 0.21875000000000003
0 0.5791014999999999 0.46354200000000007 0.152343 0.15625
0 0.6088865 0.6927084999999998 0.19238299999999997 0.26562499999999994
0 0.5917969999999999 0.827474 0.15234399999999992 0.115886
0 0.744629 0.07552049999999999 0.16308599999999995 0.11197899999999998
0 0.736328 0.015625 0.14453199999999988 0.03125
0 0.7744139999999999 0.24153649999999996 0.20898399999999995 0.2643229999999999
0 0.800293 0.65625 0.20605400000000018 0.2838540000000001
0 0.7695315 0.370443 0.13671899999999992 0.06380199999999991
0 0.768066 0.4563805 0.13183600000000006 0.17838499999999993
0 0.807129 0.8951825000000001 0.18457 0.20703099999999988
0 0.817383 0.0221355 0.04101599999999994 0.044271
0 0.89209 0.0709635 0.16699200000000014 0.141927
0 0.9106445 0.46224 0.17675700000000005 0.24739599999999987
0 0.9121095 0.268229 0.14648499999999998 0.22395799999999996
0 0.9316405 0.7552085000000001 0.13476500000000002 0.23958299999999996
0 0.948242 0.8912760000000001 0.10156199999999993 0.2148439999999998
