0 0.37124999999999997 0.6575985 0.06 0.02626700000000008
0 0.42625 0.8278610000000001 0.15999999999999998 0.23733599999999996
0 0.4346875 0.6106940000000001 0.12062499999999998 0.02439000000000007
0 0.4096875 0.9080680000000001 0.04812500000000003 0.06566600000000015
0 0.5071875 0.7800190000000001 0.18312499999999998 0.19418399999999994
0 0.4865625 0.6557225 0.13937500000000003 0.05065700000000006
0 0.5884375 0.9324580000000002 0.186875 0.1332079999999999
0 0.6403125000000001 0.7851785 0.25187499999999996 0.23264500000000005
0 0.7478125 0.9146339999999998 0.14187499999999997 0.09380799999999988
0 0.7921875 0.9849905000000001 0.05687500000000001 0.02814300000000003
0 0.8275 0.97045 0.0625 0.047841999999999746
0 0.8421875 0.9939024999999999 0.038124999999999964 0.010319000000000125
0 0.888125 0.9812385 0.05874999999999997 0.03564700000000017
