0 0.0 0.2971875 0.025 0.02937500000000004
0 0.0 0.3234375 0.04375 0.04062500000000002
0 0.0 0.08031250000000001 0.1975 0.128125
0 0.0 0.7315625 0.618125 0.535625
0 0.031875 0.34687500000000004 0.0275 0.01874999999999999
0 0.1275 0.43562500000000004 0.21875 0.14500000000000007
0 0.0421875 0.3096875 0.024375 0.030625000000000013
0 0.2753125 0.1415625 0.240625 0.118125
0 0.25593750000000004 0.0 0.184375 0.051875
0 0.3240625 0.49124999999999996 0.23937499999999998 0.15375
0 0.41718750000000004 0.0 0.20312500000000006 0.106875
0 0.516875 0.2715625 0.27999999999999997 0.295625
0 0.4559375 0.8518749999999999 0.06937499999999996 0.07124999999999992
0 0.553125 0.5396875 0.24625000000000002 0.161875
0 0.639375 0.08625000000000001 0.23375 0.11625
0 0.6921875 0.398125 0.21062499999999995 0.12124999999999997
0 0.7359375 0.9109375 0.27312500000000006 0.176875
0 0.8315625 0.6284375 0.30437500000000006 0.24812499999999993
0 0.7846875 0.29375 0.17937500000000006 0.09750000000000003
0 0.8356250000000001 0.2046875 0.16875000000000007 0.080625
0 0.8984375 0.4003125 0.20187500000000003 0.271875
