0 0.1796875 0.40056300000000006 0.276875 0.41838600000000004
0 0.26156250000000003 0.248124 0.226875 0.4099439999999999
0 0.4496875 0.3311445 0.27437500000000004 0.32457700000000006
0 0.4565625 0.5187620000000001 0.23687499999999995 0.08818000000000002
0 0.489375 0.47889299999999996 0.25375 0.10600400000000008
0 0.57125 0.0 0.25125000000000003 0.258912
0 0.6621874999999999 0.577861 0.17437500000000006 0.24202600000000002
0 0.72875 0.20309600000000003 0.24625000000000008 0.130394
0 0.7465625 0.5637899999999999 0.12062499999999998 0.17448399999999992
0 0.7953125000000001 0.0 0.218125 0.249531
