0 0.12000000000000001 0.483209 0.165 0.264926
0 0.15125 0.811567 0.1725 0.25746199999999986
0 0.1625 0.13806000000000002 0.16999999999999998 0.26119400000000004
0 0.3175 0.4757464999999999 0.17500000000000002 0.28731299999999993
0 0.33999999999999997 0.8432835 0.13499999999999995 0.18656699999999998
0 0.35875 0.164179 0.1725 0.22388
0 0.52 0.483209 0.16999999999999998 0.264926
0 0.51875 0.8264925000000001 0.15750000000000003 0.24253700000000017
0 0.5387500000000001 0.164179 0.14750000000000002 0.22388
0 0.71625 0.46641799999999994 0.1825 0.2910439999999999
0 0.71375 0.164179 0.14749999999999996 0.246268
0 0.71625 0.8451495 0.14249999999999996 0.19776099999999996
0 0.885 0.16417900000000002 0.14500000000000002 0.20895600000000006
0 0.9 0.847015 0.15500000000000003 0.2164179999999998
0 0.90875 0.516791 0.15249999999999997 0.21268600000000001
