0 0.42593749999999997 0.545966 0.060624999999999984 0.091932
0 0.5009375 0.8334900000000001 0.20187500000000003 0.19418399999999994
0 0.4771875 0.49437149999999996 0.016874999999999973 0.05440900000000005
0 0.5928125 0.7762665 0.06562499999999993 0.049719000000000006
0 0.7803125 0.8982174999999998 0.020625000000000004 0.03095700000000004
0 0.800625 0.9047839999999999 0.05125000000000002 0.017824000000000072
0 0.8053125 0.886492 0.034375000000000044 0.022514000000000034
0 0.8065625 0.8939965000000001 0.014375000000000027 0.007504999999999947
0 0.8253124999999999 0.8925894999999999 0.020625000000000004 0.03470900000000011
0 0.9346875 0.6787055 0.12937500000000002 0.057223000000000065
0 0.9421875 0.7556284999999998 0.06562499999999993 0.04596699999999993
0 0.9846874999999999 0.9587239999999998 0.014374999999999916 0.07129399999999984
