0 0.6070264999999999 0.6282679999999999 0.11601300000000003 0.11274600000000001
0 0.0 0.5629085 0.039216 0.06045699999999998
0 0.0 0.7573529999999999 0.039216 0.08987
0 0.041666499999999995 0.606209 0.076797 0.06536000000000008
0 0.0964055 0.513072 0.07189499999999999 0.07189599999999996
0 0.12418300000000002 0.745098 0.084968 0.08496799999999993
0 0.1405225 0.2320265 0.114379 0.117647
0 0.1830065 0.728758 0.04901899999999998 0.07843199999999995
0 0.20669950000000004 0.261438 0.089869 0.08496799999999996
0 0.1993465 0.5310459999999999 0.039215 0.029412000000000105
0 0.23611100000000002 0.0947715 0.08987 0.08496699999999999
0 0.3472225 0.7295750000000001 0.07352899999999996 0.06045800000000001
0 0.37173199999999995 0.5539215 0.08006599999999997 0.0849669999999999
0 0.4003265 0.6879085 0.091503 0.10130699999999992
0 0.382353 0.848856 0.049020000000000064 0.05718999999999996
0 0.4444445 0.47385649999999996 0.09803899999999999 0.12418300000000004
0 0.5032675 0.3929735 0.120915 0.11601299999999998
0 0.5269605 0.7303919999999999 0.08006500000000011 0.07843199999999995
0 0.534314 0.852941 0.04248400000000008 0.049020000000000064
0 0.5800655 0.8308825 0.05228699999999997 0.076797
0 0.6323529999999999 0.3006535 0.10130799999999995 0.10457500000000003
0 0.660131 0.856209 0.03268000000000004 0.026143999999999945
0 0.7017975 0.3145425 0.07352899999999996 0.053921
0 0.7058825 0.7589870000000001 0.068627 0.05718999999999996
0 0.7867649999999999 0.9395425 0.021241999999999983 0.01960699999999993
0 0.8137255000000001 0.9395425 0.016338999999999992 0.02287499999999998
0 0.9060455000000001 0.8986925 0.11601300000000003 0.11111099999999996
0 0.9166669999999999 0.8071895 0.03267999999999993 0.032679000000000014
0 0.9550654999999999 0.5931375000000001 0.08660100000000004 0.11111100000000007
0 0.97549 0.7401964999999999 0.045752000000000015 0.11111100000000007
