0 0.5612745 0.1846405 0.161765 0.13398700000000002
0 0.0645425 0.578431 0.053921000000000004 0.029411999999999994
0 0.0849675 0.8921570000000001 0.07843099999999999 0.06536000000000008
0 0.136438 0.494281 0.07026199999999999 0.04084999999999994
0 0.2050655 0.618464 0.05718899999999996 0.06372599999999995
0 0.378268 0.32924849999999994 0.13561999999999996 0.14215700000000003
0 0.4738565 0.6151964999999999 0.13725499999999996 0.13888899999999993
0 0.4795755 0.6944444999999999 0.14215699999999998 0.10130699999999992
0 0.5106204999999999 0.5081695 0.12581699999999996 0.11764700000000006
0 0.5539215 0.6993465000000001 0.05555500000000002 0.05882299999999996
0 0.619281 0.743464 0.062091999999999925 0.07189599999999996
0 0.6968955 0.4583335 0.08986899999999998 0.11274499999999998
0 0.7549015 0.7075165 0.13398700000000008 0.13398700000000008
0 0.8022875 0.4632355 0.10784300000000002 0.11274499999999993
0 0.861111 0.1707515 0.07843199999999995 0.053921
0 0.877451 0.253268 0.08823600000000009 0.0817
0 0.9027775 0.231209 0.0767969999999999 0.06372599999999998
