0 0.6690625 0.28424 0.06812499999999999 0.10318999999999999
0 0.19125 0.6496245 0.03999999999999998 0.05347099999999999
0 0.30656249999999996 0.9104129999999999 0.03812500000000002 0.0590999999999999
0 0.344375 0.6885549999999999 0.044999999999999984 0.06191400000000016
0 0.3403125 0.7767354999999999 0.03437499999999999 0.061913000000000024
0 0.4340625 0.5365854999999999 0.03437499999999999 0.05065700000000006
0 0.4359375 0.3747655 0.03562499999999996 0.0347089999999999
0 0.445625 0.6838650000000001 0.03500000000000003 0.082552
0 0.45687500000000003 0.7889305 0.04750000000000004 0.07692300000000017
0 0.4896875 0.825985 0.06187500000000001 0.09099400000000003
0 0.49875 0.6702625 0.02250000000000002 0.029080999999999923
0 0.525 0.769231 0.06000000000000005 0.08817999999999994
0 0.5275000000000001 0.6857410000000002 0.04749999999999999 0.06003800000000004
0 0.5390625 0.25891149999999996 0.055625000000000036 0.078799
0 0.54125 0.9104125 0.05125000000000002 0.05159499999999995
0 0.5671875 0.30394000000000004 0.041874999999999996 0.08442800000000003
0 0.6371875 0.5046904999999999 0.059374999999999956 0.10131300000000007
0 0.6525000000000001 0.338649 0.05874999999999997 0.06941799999999997
0 0.6825 0.575985 0.05499999999999994 0.08255199999999992
0 0.7078125 0.8330205 0.030625000000000013 0.0806749999999999
0 0.73 0.4709190000000001 0.06499999999999995 0.0881800000000001
0 0.7446875 0.822233 0.04312499999999997 0.0403380000000001
0 0.765 0.515478 0.04875000000000007 0.0853660000000001
0 0.8062499999999999 0.8499065 0.05874999999999997 0.076923
0 0.80125 0.9075985000000001 0.043749999999999956 0.06097500000000005
