0 0.841875 0.3554165 0.09250000000000003 0.10083300000000002
0 0.030625 0.9441665 0.0325 0.05166700000000013
0 0.06875 0.9691665 0.03874999999999999 0.04333299999999992
0 0.0834375 0.9400000000000001 0.034375 0.04999999999999997
0 0.204375 0.8545835 0.19624999999999998 0.2891670000000001
0 0.13874999999999998 0.3266665 0.04000000000000001 0.10833299999999994
0 0.14625 0.45791650000000006 0.04125000000000001 0.11583299999999992
0 0.339375 0.3329170000000001 0.31125 0.3825
0 0.74125 0.7704170000000001 0.51625 0.4575
0 0.6090625000000001 0.0 0.21062499999999995 0.04666699999999999
0 0.7534375 0.0 0.49187500000000006 0.603333
