0 0.410625 0.3925 0.08625 0.13833399999999998
0 0.246875 0.6008334999999999 0.026249999999999996 0.041667000000000044
0 0.396875 0.960833 0.03125 0.045000000000000075
0 0.44062500000000004 0.5725 0.03375 0.038334000000000014
0 0.444375 0.8616670000000001 0.03125 0.04999999999999997
0 0.4625 0.93 0.02250000000000002 0.04333400000000006
0 0.5875 0.21749999999999994 0.06499999999999995 0.07166599999999997
0 0.6125 0.5475 0.02749999999999997 0.03499999999999992
0 0.61625 0.49500000000000005 0.030000000000000027 0.02666600000000008
0 0.650625 0.196667 0.053749999999999964 0.06999999999999999
0 0.649375 0.4033335 0.04625000000000001 0.07333300000000002
0 0.649375 0.5475 0.02124999999999999 0.02500000000000006
0 0.6575 0.5841664999999999 0.020000000000000018 0.031666999999999966
0 0.780625 0.2333335 0.07374999999999998 0.106667
0 0.79625 0.838333 0.09749999999999992 0.11000000000000003
0 0.855625 0.3841665 0.07374999999999998 0.071667
0 0.888125 0.0158335 0.03874999999999995 0.031667
0 0.9293750000000001 0.8874999999999998 0.09875 0.13499999999999993
0 0.909375 0.511667 0.026249999999999996 0.029999999999999954
0 0.95125 0.9441665 0.09499999999999997 0.10833300000000001
