0 0.8206249999999999 0.895 0.20499999999999996 0.20999999999999996
0 0.08875 0.340417 0.07250000000000001 0.07750000000000001
0 0.15625 0.371667 0.15500000000000003 0.125
0 0.16749999999999998 0.2520835 0.1425 0.125833
0 0.2196875 0.32958350000000003 0.14187500000000003 0.134167
0 0.3171875 0.18583349999999998 0.12937500000000002 0.11333300000000002
0 0.5421875 0.9520835 0.208125 0.09416700000000011
0 0.8234375 0.08666649999999998 0.125625 0.11666699999999998
0 0.8525 0.0 0.15249999999999997 0.0725
0 0.913125 0.6458335000000001 0.1725 0.15333300000000002
0 0.9293750000000001 0.32875 0.14 0.11916599999999995
0 0.9396875 0.562917 0.11937500000000001 0.1775
