0 0.0 0.18875 0.02875 0.060834
0 0.0678125 0.7237499999999999 0.019374999999999996 0.024165999999999983
0 0.095625 0.7254165 0.03125 0.020832999999999952
0 0.1028125 0.7012499999999999 0.024375000000000008 0.027500000000000007
0 0.1040625 0.5595835 0.024375000000000008 0.024166999999999977
0 0.1496875 0.59375 0.026874999999999982 0.029166000000000025
0 0.190625 0.020416499999999997 0.016250000000000014 0.030832999999999996
0 0.2196875 0.49625 0.020625000000000004 0.030833999999999955
0 0.2234375 0.46541699999999997 0.020625000000000004 0.02750000000000008
0 0.2371875 0.50625 0.014374999999999999 0.030834000000000028
0 0.28625 0.544167 0.022499999999999964 0.035000000000000066
0 0.30625 0.53875 0.017500000000000016 0.02416600000000006
0 0.3478125 0.4937500000000001 0.015625 0.029166000000000025
0 0.3684375 0.492917 0.02062499999999995 0.02749999999999993
0 0.3715625 0.50125 0.01687500000000003 0.027500000000000007
0 0.4340625 0.37875 0.13187500000000002 0.08249999999999995
0 0.6453125 0.42874999999999996 0.10187500000000005 0.28250000000000003
0 0.8159375 0.19541699999999998 0.21562499999999996 0.29749999999999993
0 0.9075 0.624583 0.07125000000000004 0.06750000000000005
0 0.8809374999999999 0.37708349999999996 0.010624999999999996 0.01416700000000004
0 0.9528125000000001 0.7491669999999999 0.048125000000000084 0.06499999999999995
0 0.9437500000000001 0.3204165 0.025000000000000022 0.05583300000000002
0 0.9659375 0.9145835 0.06687500000000002 0.07583299999999997
0 0.963125 0.2320835 0.02499999999999991 0.025832999999999995
0 0.9768749999999999 0.5258335 0.04500000000000004 0.1016670000000001
0 0.988125 0.22041650000000002 0.022499999999999964 0.110833
0 0.9918750000000001 0.39625000000000005 0.015000000000000013 0.05916600000000005
