0 0.001875 0.1729165 0.00375 0.029167
0 0.0040625 0.21333349999999998 0.008125 0.031667
0 0.01625 0.1858335 0.0275 0.028333000000000014
0 0.03375 0.35708350000000005 0.0125 0.029167000000000016
0 0.053750000000000006 0.1395835 0.03250000000000001 0.030832999999999982
0 0.059687500000000004 0.42541650000000003 0.020625000000000004 0.024166999999999977
0 0.073125 0.064583 0.027499999999999997 0.03250000000000001
0 0.094375 0.2366665 0.04125000000000001 0.05666700000000002
0 0.091875 0.3225 0.03125 0.04666599999999995
0 0.09843750000000001 0.09125000000000001 0.025624999999999995 0.03083400000000001
0 0.1021875 0.0095835 0.020625000000000004 0.019167
0 0.1059375 0.38208349999999996 0.018125000000000002 0.02416700000000005
0 0.114375 0.057499999999999996 0.027499999999999983 0.04333400000000001
0 0.135625 0.3745835 0.03874999999999999 0.04583300000000001
0 0.135625 0.22 0.03125 0.045000000000000005
0 0.14156249999999998 0.0866665 0.031875000000000014 0.04666700000000001
0 0.1590625 0.46583299999999994 0.044375 0.05999999999999998
0 0.1609375 0.2904165 0.03437500000000002 0.03916699999999999
0 0.1984375 0.23374999999999999 0.021875000000000006 0.02416600000000002
0 0.21687499999999998 0.544167 0.03874999999999998 0.055000000000000014
0 0.205625 0.1291665 0.007500000000000007 0.013332999999999984
0 0.2159375 0.18499999999999997 0.02562500000000001 0.03333400000000001
0 0.226875 0.3795835 0.013750000000000012 0.019167000000000007
0 0.26156250000000003 0.4283335 0.029374999999999984 0.04666699999999994
0 0.270625 0.48166650000000005 0.03249999999999997 0.04333299999999999
0 0.283125 0.4025 0.036250000000000004 0.04999999999999997
0 0.28625 0.2416665 0.030000000000000027 0.036667000000000005
0 0.29281250000000003 0.5120835 0.029374999999999984 0.025832999999999995
0 0.306875 0.021667000000000002 0.03500000000000003 0.04
0 0.2996875 0.1525 0.018125000000000002 0.015000000000000013
0 0.323125 0.16625 0.012499999999999956 0.025834000000000006
0 0.349375 0.48374999999999996 0.030000000000000027 0.027500000000000007
0 0.365 0.26166700000000004 0.03500000000000003 0.044999999999999964
0 0.364375 0.6133335 0.028749999999999998 0.04833299999999996
0 0.3675 0.109167 0.03249999999999997 0.05000000000000001
0 0.37406249999999996 0.0170835 0.04562499999999997 0.034167
0 0.385 0.5970835 0.023749999999999993 0.029166999999999943
0 0.415625 0.3591665 0.03750000000000003 0.04333299999999992
0 0.4153125 0.0095835 0.011875000000000024 0.019167
0 0.4453125 0.040417 0.021874999999999978 0.012499999999999992
0 0.45687500000000003 0.2570835 0.02999999999999997 0.015833000000000024
0 0.4765625 0.6870835 0.02562500000000001 0.030833000000000037
0 0.48968749999999994 0.715417 0.025624999999999953 0.03250000000000005
0 0.5053125 0.700417 0.020625000000000004 0.022499999999999964
0 0.5237499999999999 0.08708300000000001 0.039999999999999925 0.04249999999999999
0 0.541875 0.7641665 0.02750000000000008 0.031666999999999966
0 0.5684375 0.11874999999999998 0.02562500000000001 0.034165999999999995
0 0.5728125 0.782917 0.026875000000000093 0.027499999999999858
0 0.5703125 0.060416500000000005 0.01937499999999992 0.030833
0 0.59875 0.060000000000000005 0.03499999999999992 0.05166600000000001
0 0.6215625 0.2120835 0.04062500000000002 0.05416700000000004
0 0.6646875 0.12333299999999998 0.034375000000000044 0.04999999999999999
0 0.7124999999999999 0.21541649999999998 0.025000000000000022 0.044166999999999956
0 0.7415624999999999 0.42458350000000006 0.030625000000000013 0.03916700000000003
