0 0.5546875 0.86375 0.0943750000000001 0.11416599999999999
0 0.16218749999999998 0.8520835 0.09812499999999999 0.17916700000000021
0 0.20625 0.7645835 0.11374999999999999 0.150833
0 0.2740625 0.89875 0.143125 0.16583399999999995
0 0.3071875 0.7654165 0.10062499999999996 0.14916699999999997
0 0.356875 0.8370835 0.11750000000000005 0.185833
0 0.5440625 0.7429169999999999 0.111875 0.13249999999999998
0 0.6365625 0.8058330000000001 0.12937500000000002 0.14500000000000002
0 0.6221875 0.71125 0.09812500000000002 0.08249999999999987
0 0.6609375 0.8745835 0.09562499999999996 0.08916700000000007
0 0.8790625000000001 0.7895829999999999 0.20687500000000003 0.24250000000000002
