0 0.0 0.6041275 0.23875 0.6172610000000001
0 0.0215625 0.1346155 0.031875 0.036585
0 0.056875 0.0698875 0.015 0.025328999999999997
0 0.0734375 0.041745 0.035625 0.038462
0 0.2165625 0.1782365 0.134375 0.22701699999999997
0 0.2746875 0.7570355000000001 0.03562499999999996 0.04878100000000011
0 0.3325 0.0 0.14875 0.12288900000000001
0 0.29312499999999997 0.5290805 0.013749999999999984 0.030018999999999896
0 0.3040625 0.498593 0.010624999999999996 0.023451999999999928
0 0.34625 0.6571295 0.03125 0.038461000000000016
0 0.3659375 0.9066605 0.019374999999999976 0.03095700000000004
0 0.3828125 0.9469985000000001 0.03187499999999999 0.03470899999999994
0 0.3828125 0.8090995000000001 0.01937500000000003 0.03470900000000011
0 0.4034375 0.7983115000000001 0.024375000000000036 0.03189499999999993
0 0.40718750000000004 0.8742965 0.019374999999999976 0.02814300000000003
0 0.42093749999999996 0.641651 0.018125000000000002 0.024389999999999988
0 0.4528125 0.0 0.02562500000000001 0.037523
0 0.5621875000000001 0.07739199999999999 0.016875000000000084 0.017824
0 0.5778125000000001 0.057223 0.016875000000000084 0.02626599999999999
0 0.596875 0.058161 0.02124999999999999 0.02438999999999999
