0 0.2028125 0.66125 0.10312500000000002 0.2824999999999999
0 0.2353125 0.44625000000000004 0.10562500000000002 0.07250000000000001
0 0.255 0.372917 0.03500000000000003 0.03249999999999997
0 0.3125 0.6633334999999999 0.11124999999999996 0.196667
0 0.3003125 0.372917 0.04812500000000003 0.03249999999999997
0 0.3021875 0.3025 0.051875000000000004 0.040000000000000036
0 0.305 0.44541650000000005 0.04625000000000001 0.035833000000000004
0 0.3371875 0.5216664999999999 0.10312499999999997 0.09666699999999999
0 0.3678125 0.44625000000000004 0.060624999999999984 0.04083399999999996
0 0.3728125 0.37875 0.06312499999999999 0.030833999999999955
0 0.3765625 0.306667 0.06562499999999999 0.034999999999999955
0 0.4640625 0.735417 0.17562500000000003 0.3475
0 0.5175000000000001 0.0 0.19000000000000006 0.246667
0 0.5265625 0.414167 0.186875 0.215
0 0.5625 0.907917 0.1875 0.18249999999999997
0 0.5103125 0.5370835 0.051875000000000004 0.02083300000000003
0 0.6040625 0.49 0.13312500000000005 0.2533339999999999
0 0.655 0.7654165 0.18374999999999997 0.28416700000000006
0 0.58875 0.894167 0.03374999999999995 0.03999999999999989
0 0.7778125 0.15166700000000002 0.20687500000000003 0.29
0 0.7790625 0.4929165 0.20187500000000003 0.279167
0 0.8159375 0.6491665 0.140625 0.15833299999999997
0 0.8503125 0.73375 0.13687499999999997 0.08250000000000002
