0 0.4265625 0.7654165 0.09312500000000001 0.12916699999999995
0 0.1253125 0.3675 0.093125 0.11333400000000005
0 0.26468749999999996 0.492083 0.09812499999999996 0.12250000000000005
0 0.32625000000000004 0.38625 0.07124999999999998 0.08916599999999993
0 0.37687499999999996 0.5325000000000001 0.07624999999999998 0.106666
0 0.4 0.9529169999999999 0.07124999999999998 0.0925000000000001
0 0.4340625 0.7050000000000001 0.085625 0.06166599999999992
0 0.5240625 0.2854165 0.05062499999999992 0.07416700000000002
0 0.576875 0.7904165000000001 0.09999999999999998 0.135833
0 0.5928125 0.390833 0.09312500000000001 0.0949999999999999
0 0.573125 0.5825 0.04249999999999998 0.04833400000000002
0 0.6296875 0.22958350000000002 0.09687499999999993 0.09583300000000002
0 0.6990625 0.7408335 0.12937500000000002 0.15166700000000008
0 0.753125 0.6954165 0.0675 0.09083299999999994
0 0.7893749999999999 0.5425000000000001 0.04625000000000001 0.108334
0 0.809375 0.446667 0.07625000000000004 0.06500000000000002
0 0.8815625 0.7704165 0.05812499999999998 0.07916700000000014
0 0.9328125 0.5499999999999999 0.10562499999999997 0.1233339999999999
0 0.9706250000000001 0.421667 0.057499999999999996 0.04999999999999997
0 0.989375 0.18166650000000004 0.020000000000000018 0.048332999999999994
