0 0.889375 0.44083349999999993 0.16874999999999996 0.223333
0 0.0 0.0 0.3025 0.685
0 0.265625 0.7675000000000001 0.11250000000000002 0.15666599999999997
0 0.29312499999999997 0.603333 0.11249999999999999 0.15999999999999984
0 0.3034375 0.82375 0.06562499999999999 0.1774999999999999
0 0.343125 0.583333 0.07624999999999998 0.15500000000000003
0 0.375625 0.3054165 0.11499999999999999 0.18083299999999994
0 0.34281249999999996 0.6695829999999999 0.018125000000000002 0.027499999999999858
0 0.37312500000000004 0.3908335 0.02999999999999997 0.04833299999999996
0 0.5065625 0.810417 0.29437500000000005 0.3775000000000001
0 0.4246875 0.41500000000000004 0.125625 0.14833399999999997
0 0.45625 0.17583350000000006 0.11124999999999996 0.16166700000000003
0 0.5137499999999999 0.2575 0.10999999999999999 0.10833400000000004
0 0.50125 0.3733335 0.03875000000000001 0.058333000000000045
0 0.6534375 0.3970835000000001 0.326875 0.4941670000000001
0 0.845 0.645833 0.15500000000000003 0.20999999999999996
0 0.9337500000000001 0.302917 0.13124999999999998 0.17249999999999996
0 0.9421875 0.7516665000000001 0.09062500000000007 0.08166699999999993
0 0.9559375 0.6716665 0.08687500000000004 0.213333
0 0.9906250000000001 0.4875 0.01749999999999996 0.1450000000000001
