0 0.118164 0.8671875 0.04882800000000001 0.04427099999999987
0 0.1279295 0.8385419999999999 0.04296900000000002 0.057292000000000044
0 0.3984375 0.645182 0.02343700000000004 0.035155999999999965
0 0.41162150000000003 0.19596349999999998 0.02636700000000003 0.03515700000000003
0 0.461914 0.63737 0.035156000000000076 0.03515599999999989
0 0.4599605 0.1210935 0.029297000000000017 0.046875
0 0.489746 0.18229149999999997 0.03222600000000009 0.04687499999999998
0 0.525879 0.3697915 0.03222600000000009 0.041667000000000044
0 0.590332 0.2278645 0.03222600000000009 0.054686999999999965
0 0.626465 0.186198 0.03222599999999998 0.03645799999999999
0 0.6376950000000001 0.7597655 0.04492200000000002 0.04557299999999994
0 0.6601560000000001 0.2389325 0.03125 0.042969
0 0.6777344999999999 0.28320300000000004 0.011718999999999924 0.027343999999999962
0 0.6953125 0.7610674999999999 0.041015000000000024 0.04296900000000011
0 0.703125 0.33398449999999996 0.03320400000000001 0.04557300000000005
0 0.7456054999999999 0.7682294999999999 0.04003900000000005 0.052082999999999956
0 0.775879 0.5709635000000001 0.03222600000000009 0.03515700000000003
0 0.840332 0.544271 0.01855400000000018 0.03125
0 0.852051 0.78125 0.024413999999999936 0.02343799999999992
0 0.859375 0.545573 0.019531999999999883 0.02864599999999995
0 0.9028320000000001 0.020833 0.022460000000000035 0.03125
0 0.9047850000000001 0.488932 0.024413999999999936 0.029948000000000086
0 0.9125979999999999 0.10026049999999999 0.024413999999999936 0.023437000000000003
0 0.9160159999999999 0.326172 0.01757799999999987 0.019531999999999956
0 0.9296875 0.29036449999999997 0.021484999999999754 0.039063000000000035
