0 0.234375 0.08458349999999999 0.15000000000000002 0.16916699999999998
0 0.015625 0.0208335 0.03125 0.041667
0 0.1415625 0.0891665 0.08437499999999999 0.15666700000000003
0 0.168125 0.2720835 0.12125000000000001 0.13583299999999998
0 0.2371875 0.195833 0.09937499999999999 0.06000000000000005
0 0.343125 0.35791649999999997 0.08625 0.12916700000000003
0 0.438125 0.36541700000000005 0.10875000000000001 0.13750000000000004
0 0.4425 0.9683335 0.08374999999999999 0.06166700000000006
0 0.4959375 0.17375 0.09562499999999996 0.11250000000000003
0 0.5334375 0.20375000000000001 0.059374999999999956 0.09249999999999999
0 0.61625 0.9345835 0.04625000000000001 0.08083299999999986
0 0.8065625000000001 0.61625 0.385625 0.4741659999999999
0 0.75125 0.111667 0.11250000000000004 0.15
0 0.95625 0.030416500000000003 0.08625000000000005 0.060833000000000005
0 0.9768749999999999 0.3104165 0.04500000000000004 0.14416700000000002
