0 0.68625 0.7055974999999999 0.14583400000000002 0.1689990000000001
0 0.515 0.121636 0.126666 0.155006
0 0.625833 0.5296015000000001 0.125 0.16361699999999996
0 0.7929165 0.63563 0.12583299999999997 0.15177600000000005
0 0.8 0.8740585000000001 0.12166599999999994 0.163617
0 0.849583 0.44187300000000007 0.12250000000000005 0.14746999999999993
0 0.8674999999999999 0.20021499999999998 0.12666600000000006 0.1507
0 0.8904164999999999 0.7787945000000001 0.12083300000000008 0.15823500000000018
0 0.9183335 0.949408 0.11833300000000002 0.09903199999999986
0 0.9375 0.57535 0.11833399999999994 0.14747000000000016
