0 0.0161135 0.670073 0.032227 0.07883200000000004
0 0.01709 0.32043799999999995 0.03418 0.06277400000000001
0 0.027832000000000003 0.6992705 0.043946 0.04963500000000009
0 0.043457 0.6364965 0.043946 0.07007300000000007
0 0.050293000000000004 0.5832115 0.041992 0.054014999999999896
0 0.1293945 0.836496 0.19042900000000001 0.23941600000000016
0 0.127441 0.9700730000000002 0.038085999999999995 0.05109400000000009
0 0.151855 0.9839415 0.03808600000000001 0.029197000000000035
0 0.19335950000000002 0.649635 0.04296900000000001 0.040875999999999864
0 0.24804649999999998 0.9262775 0.029296999999999962 0.030657
0 0.270996 0.9554745000000001 0.03613199999999994 0.04233499999999994
0 0.33935550000000003 0.6437959999999999 0.04394500000000007 0.061314
0 0.35009749999999995 0.6970805 0.043944999999999956 0.054015000000000146
0 0.37353500000000006 0.6737225000000001 0.03808600000000001 0.06569300000000002
0 0.421875 0.089051 0.02734399999999998 0.06423400000000001
0 0.4570315 0.13503600000000002 0.046875 0.05985400000000002
0 0.4711915 0.520438 0.04394500000000007 0.07445200000000007
0 0.4921875 0.47007299999999996 0.042969000000000035 0.07299199999999995
0 0.5112304999999999 0.5284675000000001 0.05371099999999995 0.07007299999999998
0 0.548828 0.8065690000000001 0.025390000000000024 0.05985399999999987
0 0.5585935 0.8941605000000001 0.042968999999999924 0.056935000000000076
0 0.5654295 0.9270070000000001 0.042969000000000035 0.05839400000000007
0 0.57666 0.0744525 0.045898000000000105 0.06423300000000003
0 0.585449 0.8043794999999999 0.02050799999999997 0.058395000000000204
0 0.611328 0.338686 0.04101599999999994 0.06423400000000001
0 0.616699 0.1051095 0.047852000000000006 0.05839499999999999
0 0.626465 0.26569349999999997 0.047851999999999895 0.075913
0 0.647949 0.34598500000000004 0.045897999999999994 0.05839400000000003
0 0.6606445 0.24525550000000002 0.02636700000000003 0.064233
0 0.6845705 0.7620439999999999 0.042969000000000035 0.06423399999999993
0 0.6884764999999999 0.159854 0.0488289999999999 0.06569400000000003
0 0.693848 0.7 0.04199199999999992 0.06569400000000006
0 0.6972659999999999 0.291241 0.035155999999999965 0.0627740000000001
0 0.7197264999999999 0.3138685 0.042968999999999924 0.06423299999999996
0 0.7216795 0.7489049999999999 0.046875 0.07591200000000004
0 0.734375 0.11094899999999999 0.048828000000000094 0.078832
0 0.770508 0.691241 0.03906200000000004 0.06569400000000014
0 0.7988284999999999 0.6970805 0.029297000000000017 0.07445299999999987
0 0.8217775 0.7430654999999999 0.03613300000000008 0.05547500000000003
0 0.854004 0.5343065 0.04394600000000004 0.05839500000000004
0 0.8530275 0.16131350000000003 0.03417900000000007 0.02773700000000001
0 0.9018555 0.47591200000000006 0.04394500000000012 0.06131399999999992
0 0.9345705 0.49197050000000003 0.05468699999999993 0.07007299999999998
0 0.9360355 0.313869 0.04980499999999999 0.04087600000000003
