0 0.53305 0.7703125 0.053823999999999955 0.03562500000000002
0 0.5712935 0.7734375 0.04910299999999983 0.03937499999999994
0 0.607649 0.3771875 0.03305000000000006 0.05312499999999998
0 0.6152029999999999 0.7849999999999999 0.03871600000000004 0.02375000000000005
0 0.6827195 0.725 0.05854500000000001 0.04125000000000001
0 0.6983005 0.946875 0.017940999999999988 0.03125
0 0.747403 0.5771875 0.04438199999999994 0.03562500000000002
0 0.7610954999999999 0.9125000000000001 0.05665699999999995 0.03749999999999998
0 0.7719549999999998 0.8725 0.0519359999999999 0.03874999999999995
0 0.7936735 0.529375 0.07459900000000001 0.04249999999999998
0 0.7950895 0.8365625 0.03588300000000014 0.02562500000000001
0 0.8191690000000001 0.5490625 0.080264 0.04437500000000005
0 0.8541079999999999 0.844375 0.04627000000000008 0.03125
0 0.8876295000000001 0.4465625 0.09442900000000022 0.06687499999999996
0 0.8682719999999999 0.9784375 0.03871600000000004 0.02562500000000001
