0 0.571 0.8773335 0.15000000000000008 0.101333
0 0.0 0.428 0.042 0.03200000000000003
0 0.0 0.45199999999999996 0.049999999999999996 0.03999999999999998
0 0.0 0.722667 0.064 0.05599999999999994
0 0.0 0.7853334999999999 0.09 0.093333
0 0.15800000000000003 0.2846665 0.24000000000000002 0.05466700000000002
0 0.08100000000000002 0.4333335 0.07000000000000002 0.034667
0 0.172 0.622 0.148 0.0786659999999999
0 0.18 0.5066665 0.06800000000000002 0.034667
0 0.261 0.49 0.094 0.057333999999999996
0 0.265 0.45466700000000004 0.086 0.03199999999999997
0 0.325 0.654 0.16200000000000003 0.08133400000000002
0 0.314 0.6026665 0.13200000000000006 0.06133300000000008
0 0.43999999999999995 0.8606665 0.368 0.18533299999999997
0 0.36400000000000005 0.4873335 0.08399999999999998 0.049333000000000016
0 0.374 0.45599999999999996 0.09200000000000001 0.029334000000000027
0 0.563 0.254667 0.286 0.055999999999999994
0 0.7430000000000001 0.3653335 0.374 0.08533299999999999
0 0.691 0.4913335 0.09399999999999992 0.06266699999999997
0 0.7569999999999999 0.5026664999999999 0.12199999999999994 0.06133299999999997
0 0.7639999999999999 0.5373335 0.11599999999999992 0.03733300000000006
0 0.8310000000000002 0.45599999999999996 0.10999999999999999 0.04533400000000004
0 0.875 0.622 0.14599999999999977 0.0786659999999999
0 0.8660000000000001 0.4966665 0.12400000000000001 0.07066700000000004
0 0.933 0.6806665000000001 0.12999999999999995 0.10266699999999995
0 0.9799999999999999 0.6286665 0.036000000000000115 0.03866700000000001
