0 0.658192 0.704375 0.38417999999999985 0.23875000000000002
0 0.1525425 0.8825 0.303201 0.22875
0 0.26694900000000005 0.3246875 0.29661000000000004 0.155625
0 0.298023 0.6603125 0.326742 0.16062500000000002
0 0.37664800000000004 0.40375 0.3502820000000001 0.18625000000000003
0 0.40065900000000004 0.779375 0.3060260000000001 0.17625000000000002
0 0.4910550000000001 0.611875 0.1779660000000001 0.0837500000000001
0 0.5451974999999999 0.22062500000000002 0.27495300000000006 0.16874999999999998
0 0.7612995 0.22843750000000002 0.32109299999999996 0.12937500000000002
0 0.7405835 0.3109375 0.2645949999999998 0.128125
0 0.9063085000000001 0.35375 0.18549899999999983 0.14875
