0 0.8471424999999999 0.780952 0.12285699999999988 0.14476200000000006
0 0.592857 0.42 0.054285999999999945 0.07809599999999994
0 0.6 0.5085715 0.040000000000000036 0.05333299999999993
0 0.630714 0.544762 0.05571400000000004 0.06857200000000001
0 0.650714 0.47238099999999994 0.06428599999999995 0.06857200000000001
0 0.6457145 0.39619050000000006 0.05142899999999995 0.034285000000000045
0 0.6507145000000001 0.431429 0.05857100000000004 0.055237999999999975
0 0.6771425 0.5485715 0.042857000000000034 0.04190500000000016
0 0.6985714999999999 0.45904799999999996 0.04857100000000003 0.08
0 0.717143 0.5742855 0.03428600000000004 0.04380899999999999
0 0.7428575 0.5057139999999999 0.057143000000000055 0.07428599999999992
0 0.7564285 0.607619 0.06428500000000004 0.05333399999999999
0 0.7871425000000001 0.5390475 0.06285700000000005 0.07238100000000003
0 0.7864285 0.4733334999999999 0.047143000000000046 0.05142900000000002
0 0.8028569999999999 0.602857 0.03428599999999993 0.040000000000000036
0 0.8364290000000001 0.469524 0.07000000000000017 0.05904799999999991
0 0.830714 0.5142855000000001 0.044285999999999937 0.07238100000000003
0 0.8400000000000001 0.58 0.04285800000000006 0.036189999999999944
